Unnamed: 0,timestamp,value,is_anomaly,prediction,convergenceLoss,convergenceLossNormal,anomaly_score,S(t)_reward_low_FP_rate,S(t)_reward_low_FN_rate,S(t)_standard
0,2011-07-01 00:00:01,0.275946676291,0,0.00411140592769,0.0315810367465,0.5,0.0315810367465,0.0,0.0,0.0
1,2011-07-01 01:00:01,0.361088516825,0,0.00411140592769,0.0315810367465,0.5,0.0315810367465,0.0,0.0,0.0
2,2011-07-01 02:00:01,0.192590590699,0,0.00411140592769,0.0315810367465,0.5,0.0315810367465,0.0,0.0,0.0
3,2011-07-01 03:00:01,0.219367832414,0,0.00411140592769,0.0315810367465,0.5,0.0315810367465,0.0,0.0,0.0
4,2011-07-01 04:00:01,0.378699900795,0,0.00411140592769,0.0315810367465,0.5,0.0315810367465,0.0,0.0,0.0
5,2011-07-01 05:00:01,0.483350411326,0,0.00411140592769,0.0315810367465,0.5,0.0315810367465,0.0,0.0,0.0
6,2011-07-01 06:00:01,0.631784633791,0,0.00411140592769,0.0315810367465,0.5,0.0315810367465,0.0,0.0,0.0
7,2011-07-01 07:00:01,0.608137656068,0,0.00411140592769,0.0315810367465,0.5,0.0315810367465,0.0,0.0,0.0
8,2011-07-01 08:00:01,0.958247925896,0,0.00411140592769,0.0315810367465,0.5,0.0315810367465,0.0,0.0,0.0
9,2011-07-01 09:00:01,1.0,0,0.00411140592769,0.0315810367465,0.5,0.0315810367465,0.0,0.0,0.0
10,2011-07-01 10:00:01,0.73691691469,0,0.00411140592769,0.0315810367465,0.5,0.0315810367465,0.0,0.0,0.0
11,2011-07-01 11:00:01,0.666110939894,0,0.00411140592769,0.0315810367465,0.5,0.0315810367465,0.0,0.0,0.0
12,2011-07-01 12:00:01,0.594645944983,0,0.00411140592769,0.0315810367465,0.5,0.0315810367465,0.0,0.0,0.0
13,2011-07-01 13:00:01,0.585645384445,0,0.00411140592769,0.0315810367465,0.5,0.0315810367465,0.0,0.0,0.0
14,2011-07-01 14:00:01,0.54948146507,0,0.00411140592769,0.0315810367465,0.5,0.0315810367465,0.0,0.0,0.0
15,2011-07-01 15:00:01,0.541210543742,0,0.00411140592769,0.0315810367465,0.5,0.0315810367465,0.0,0.0,0.0
16,2011-07-01 16:00:01,0.429850478247,0,0.00411140592769,0.0315810367465,0.5,0.0315810367465,0.0,0.0,0.0
17,2011-07-01 17:00:01,0.385073119101,0,0.00411140592769,0.0315810367465,0.5,0.0315810367465,0.0,0.0,0.0
18,2011-07-01 18:00:01,0.359799641737,0,0.00411140592769,0.0315810367465,0.5,0.0315810367465,0.0,0.0,0.0
19,2011-07-01 19:00:01,0.324306053107,0,0.00411140592769,0.0315810367465,0.5,0.0315810367465,0.0,0.0,0.0
20,2011-07-01 20:00:01,0.268589828473,0,0.00411140592769,0.0315810367465,0.5,0.0315810367465,0.0,0.0,0.0
21,2011-07-01 21:00:01,0.28903099635,0,0.00411140592769,0.0315810367465,0.5,0.0315810367465,0.0,0.0,0.0
22,2011-07-01 22:00:01,0.299473409866,0,0.00411140592769,0.0315810367465,0.5,0.0315810367465,0.0,0.0,0.0
23,2011-07-01 23:00:01,0.360384815431,0,0.00411140592769,0.0315810367465,0.5,0.0315810367465,0.0,0.0,0.0
24,2011-07-02 00:00:01,0.456124538604,0,0.00411140592769,0.0315810367465,0.5,0.0315810367465,0.0,0.0,0.0
25,2011-07-02 01:00:01,0.321062902984,0,0.00411140592769,0.0315810367465,0.5,0.0315810367465,0.0,0.0,0.0
26,2011-07-02 02:00:01,0.287759096178,0,0.00411140592769,0.0315810367465,0.5,0.0315810367465,0.0,0.0,0.0
27,2011-07-02 03:00:01,0.213418782532,0,0.00411140592769,0.0315810367465,0.5,0.0315810367465,0.0,0.0,0.0
28,2011-07-02 04:00:01,0.222495371125,0,0.00411140592769,0.0315810367465,0.5,0.0315810367465,0.0,0.0,0.0
29,2011-07-02 05:00:01,0.235172621773,0,0.00411140592769,0.0315810367465,0.5,0.0315810367465,0.0,0.0,0.0
30,2011-07-02 06:00:01,0.433807124671,0,0.00411140592769,0.0315810367465,0.5,0.0315810367465,0.0,0.0,0.0
31,2011-07-02 07:00:01,0.573778307051,0,0.00411140592769,0.0315810367465,0.5,0.0315810367465,0.0,0.0,0.0
32,2011-07-02 08:00:01,0.812424379098,0,0.00411140592769,0.0315810367465,0.5,0.0315810367465,0.0,0.0,0.0
33,2011-07-02 09:00:01,0.623247172014,0,0.00411140592769,0.0315810367465,0.5,0.0315810367465,0.0,0.0,0.0
34,2011-07-02 10:00:01,0.642728198726,0,0.00411140592769,0.0315810367465,0.5,0.0315810367465,0.0,0.0,0.0
35,2011-07-02 11:00:01,0.581409617165,0,0.00411140592769,0.0315810367465,0.5,0.0315810367465,0.0,0.0,0.0
36,2011-07-02 12:00:01,0.587595826612,0,0.00411140592769,0.0315810367465,0.5,0.0315810367465,0.0,0.0,0.0
37,2011-07-02 13:00:01,0.583332196687,0,0.00411140592769,0.0315810367465,0.5,0.0315810367465,0.0,0.0,0.0
38,2011-07-02 14:00:01,0.628362456257,0,0.00411140592769,0.0315810367465,0.5,0.0315810367465,0.0,0.0,0.0
39,2011-07-02 15:00:01,0.581748893796,0,0.00411140592769,0.0315810367465,0.5,0.0315810367465,0.0,0.0,0.0
40,2011-07-02 16:00:01,0.377166183925,0,0.00411140592769,0.0315810367465,0.5,0.0315810367465,0.0,0.0,0.0
41,2011-07-02 17:00:01,0.328553058009,0,0.00411140592769,0.0315810367465,0.5,0.0315810367465,0.0,0.0,0.0
42,2011-07-02 18:00:01,0.248367682304,0,0.00411140592769,0.0315810367465,0.5,0.0315810367465,0.0,0.0,0.0
43,2011-07-02 19:00:01,0.237841397791,0,0.00411140592769,0.0315810367465,0.5,0.0315810367465,0.0,0.0,0.0
44,2011-07-02 20:00:01,0.221002587445,0,0.00411140592769,0.0315810367465,0.5,0.0315810367465,0.0,0.0,0.0
45,2011-07-02 21:00:01,0.1519254295,0,0.00411140592769,0.0315810367465,0.5,0.0315810367465,0.0,0.0,0.0
46,2011-07-02 22:00:01,0.180554279014,0,0.00411140592769,0.0315810367465,0.5,0.0315810367465,0.0,0.0,0.0
47,2011-07-02 23:00:01,0.193746104158,0,0.00411140592769,0.0315810367465,0.5,0.0315810367465,0.0,0.0,0.0
48,2011-07-03 00:00:01,0.149548181036,0,0.00411140592769,0.0315810367465,0.5,0.0315810367465,0.0,0.0,0.0
49,2011-07-03 01:00:01,0.15978422967,0,0.00411140592769,0.0315810367465,0.5,0.0315810367465,0.0,0.0,0.0
50,2011-07-03 02:00:01,0.165381777115,0,0.00411140592769,0.0315810367465,0.5,0.0315810367465,0.0,0.0,0.0
51,2011-07-03 03:00:01,0.122350955684,0,0.00411140592769,0.0315810367465,0.5,0.0315810367465,0.0,0.0,0.0
52,2011-07-03 04:00:01,0.161525811378,0,0.00411140592769,0.0315810367465,0.5,0.0315810367465,0.0,0.0,0.0
53,2011-07-03 05:00:01,0.211743860931,0,0.00411140592769,0.0315810367465,0.5,0.0315810367465,0.0,0.0,0.0
54,2011-07-03 06:00:01,0.325999835851,0,0.00411140592769,0.0315810367465,0.5,0.0315810367465,0.0,0.0,0.0
55,2011-07-03 07:00:01,0.489490752632,0,0.00122413947247,0.0547246187925,0.5,0.0547246187925,0.0,0.0,0.0
56,2011-07-03 08:00:01,0.957434336521,0,0.0100059676915,0.112319141626,0.5,0.112319141626,0.0,0.0,0.0
57,2011-07-03 09:00:01,0.727327784874,0,0.0336355306208,0.338666558266,0.5,0.338666558266,0.0,0.0,0.0
58,2011-07-03 10:00:01,0.581178493674,0,0.0515432581306,0.457341879606,0.5,0.457341879606,0.0,0.0,0.0
59,2011-07-03 11:00:01,0.603231026737,0,0.054997086525,0.490274339914,0.5,0.490274339914,0.0,0.0,0.0
60,2011-07-03 12:00:01,0.482067083853,0,0.0568299144506,0.502176702023,0.5,0.502176702023,0.0,0.0,0.0
61,2011-07-03 13:00:01,0.485359562459,0,0.0560519881546,0.335766047239,0.5,0.335766047239,0.0,0.0,0.0
62,2011-07-03 14:00:01,0.473659277556,0,0.0626483857632,0.259510844946,0.5,0.259510844946,0.0,0.0,0.0
63,2011-07-03 15:00:01,0.438259894292,0,0.0671098530293,0.229104101658,0.5,0.229104101658,0.0,0.0,0.0
64,2011-07-03 16:00:01,0.313625619374,0,0.070417240262,0.186107292771,0.5,0.186107292771,0.0,0.0,0.0
65,2011-07-03 17:00:01,0.265035476212,0,0.0807845517993,0.150370761752,0.5,0.150370761752,0.0,0.0,0.0
66,2011-07-03 18:00:01,0.228192855887,0,0.0894657596946,0.104933291674,0.5,0.104933291674,0.0,0.0,0.0
67,2011-07-03 19:00:01,0.201558153087,0,0.0956333875656,0.0668763145804,0.5,0.0668763145804,0.0,0.0,0.0
68,2011-07-03 20:00:01,0.178863273591,0,0.0965154394507,0.0357641912997,0.5,0.0357641912997,0.0,0.0,0.0
69,2011-07-03 21:00:01,0.121962963028,0,0.10283601284,0.0231996830553,0.5,0.0231996830553,0.0,0.0,0.0
70,2011-07-03 22:00:01,0.117016841474,0,0.102932140231,0.0137898921967,0.5,0.0137898921967,0.0,0.0,0.0
71,2011-07-03 23:00:01,0.131362480794,0,0.101682707667,0.00701417122036,0.5,0.00701417122036,0.0,0.0,0.0
72,2011-07-04 00:00:01,0.0932281497613,0,0.108355306089,0.00401249341667,0.5,0.00401249341667,0.0,0.0,0.0
73,2011-07-04 01:00:01,0.106921809133,0,0.110279142857,0.00223515112884,0.5,0.00223515112884,0.0,0.0,0.0
74,2011-07-04 02:00:01,0.0782342472076,0,0.113199867308,0.00116395880468,0.5,0.00116395880468,0.0,0.0,0.0
75,2011-07-04 03:00:01,0.0468160547573,0,0.1160652861,0.00104333518539,0.5,0.00104333518539,0.0,0.0,0.0
76,2011-07-04 04:00:01,0.0776197342953,0,0.113646894693,0.000740681774914,0.5,0.000740681774914,0.0,0.0,0.0
77,2011-07-04 05:00:01,0.174038778376,0,0.105734266341,5.56618906558e-05,0.5,5.56618906558e-05,0.0,0.0,0.0
78,2011-07-04 06:00:01,0.353192451533,0,0.102243855596,0.00348620698787,0.5,0.00348620698787,0.0,0.0,0.0
79,2011-07-04 07:00:01,0.476903858274,0,0.102176435292,0.025658827275,0.5,0.025658827275,0.0,0.0,0.0
80,2011-07-04 08:00:01,0.779811539414,0,0.103251025081,0.0676549747586,0.5,0.0676549747586,0.0,0.0,0.0
81,2011-07-04 09:00:01,0.747323497451,0,0.134001046419,0.17821700871,0.5,0.17821700871,0.0,0.0,0.0
82,2011-07-04 10:00:01,0.601275044316,0,0.160425662994,0.273444473743,0.5,0.273444473743,0.0,0.0,0.0
83,2011-07-04 11:00:01,0.475412665787,0,0.162909418344,0.304699510336,0.5,0.304699510336,0.0,0.0,0.0
84,2011-07-04 12:00:01,0.503159917847,0,0.172204986215,0.285272777081,0.5,0.285272777081,0.0,0.0,0.0
85,2011-07-04 13:00:01,0.42325618582,0,0.168894141912,0.214606925845,0.5,0.214606925845,0.0,0.0,0.0
86,2011-07-04 14:00:01,0.48537372955,0,0.181247517467,0.138937875628,0.5,0.138937875628,0.0,0.0,0.0
87,2011-07-04 15:00:01,0.420788355221,0,0.200404882431,0.107749558985,0.5,0.107749558985,0.0,0.0,0.0
88,2011-07-04 16:00:01,0.298185227691,0,0.209224119782,0.0976399183273,0.5,0.0976399183273,0.0,0.0,0.0
89,2011-07-04 17:00:01,0.295097009822,0,0.228024169803,0.0651030465961,0.5,0.0651030465961,0.0,0.0,0.0
90,2011-07-04 18:00:01,0.222224145915,0,0.247530296445,0.0411078073084,0.5,0.0411078073084,0.0,0.0,0.0
91,2011-07-04 19:00:01,0.198448117345,0,0.256587654352,0.0200642347336,0.5,0.0200642347336,0.0,0.0,0.0
92,2011-07-04 20:00:01,0.182839435826,0,0.262571692467,0.00613449374214,0.5,0.00613449374214,0.0,0.0,0.0
93,2011-07-04 21:00:01,0.167354227965,0,0.254414379597,0.00291163427755,0.5,0.00291163427755,0.0,0.0,0.0
94,2011-07-04 22:00:01,0.168458987214,0,0.259325534105,0.0022049753461,0.5,0.0022049753461,0.0,0.0,0.0
95,2011-07-04 23:00:01,0.164158762686,0,0.260161340237,0.00237625651062,0.5,0.00237625651062,0.0,0.0,0.0
96,2011-07-05 00:00:01,0.143472201654,0,0.256376802921,0.00311572710052,0.5,0.00311572710052,0.0,0.0,0.0
97,2011-07-05 01:00:01,0.0792327156491,0,0.273593187332,0.00551708135754,0.5,0.00551708135754,0.0,0.0,0.0
98,2011-07-05 02:00:01,0.0931744118938,0,0.289798438549,0.0103493947536,0.5,0.0103493947536,0.0,0.0,0.0
99,2011-07-05 03:00:01,0.0521992370314,0,0.285742878914,0.0106674693525,0.5,0.0106674693525,0.0,0.0,0.0
100,2011-07-05 04:00:01,0.0899984990542,0,0.28606069088,0.0187502428889,0.5,0.0187502428889,0.0,0.0,0.0
101,2011-07-05 05:00:01,0.191001647266,0,0.263891965151,0.0174748823047,0.5,0.0174748823047,0.0,0.0,0.0
102,2011-07-05 06:00:01,0.340295120485,0,0.257388204336,0.0139111084864,0.5,0.0139111084864,0.0,0.0,0.0
103,2011-07-05 07:00:01,0.454951060084,0,0.256384640932,0.0214071273804,0.5,0.0214071273804,0.0,0.0,0.0
104,2011-07-05 08:00:01,0.750871674955,0,0.265779048204,0.0363584980369,0.5,0.0363584980369,0.0,0.0,0.0
105,2011-07-05 09:00:01,0.599306153501,0,0.291168391705,0.101674817502,0.5,0.101674817502,0.0,0.0,0.0
106,2011-07-05 10:00:01,0.534311104274,0,0.321418792009,0.135067149997,0.5,0.135067149997,0.0,0.0,0.0
107,2011-07-05 11:00:01,0.564435719021,0,0.325158774853,0.131300359964,0.5,0.131300359964,0.0,0.0,0.0
108,2011-07-05 12:00:01,0.432531105514,0,0.333597481251,0.126881793141,0.5,0.126881793141,0.0,0.0,0.0
109,2011-07-05 13:00:01,0.471663198127,0,0.326282888651,0.0844350010157,0.5,0.0844350010157,0.0,0.0,0.0
110,2011-07-05 14:00:01,0.462898156046,0,0.332520067692,0.0585377328098,0.5,0.0585377328098,0.0,0.0,0.0
111,2011-07-05 15:00:01,0.394847944433,0,0.347977787256,0.0475114844739,0.5,0.0475114844739,0.0,0.0,0.0
112,2011-07-05 16:00:01,0.320454315085,0,0.362218737602,0.0311237070709,0.5,0.0311237070709,0.0,0.0,0.0
113,2011-07-05 17:00:01,0.278505244427,0,0.376445025206,0.0187135674059,0.5,0.0187135674059,0.0,0.0,0.0
114,2011-07-05 18:00:01,0.238567376325,0,0.405285984278,0.00651894835755,0.5,0.00651894835755,0.0,0.0,0.0
115,2011-07-05 19:00:01,0.244704814746,0,0.409743249416,0.00481727672741,0.5,0.00481727672741,0.0,0.0,0.0
116,2011-07-05 20:00:01,0.218470978492,0,0.405031859875,0.00585398916155,0.5,0.00585398916155,0.0,0.0,0.0
117,2011-07-05 21:00:01,0.195638826624,0,0.392332911491,0.00977577734739,0.5,0.00977577734739,0.0,0.0,0.0
118,2011-07-05 22:00:01,0.120419029584,0,0.380272597075,0.0115016838536,0.5,0.0115016838536,0.0,0.0,0.0
119,2011-07-05 23:00:01,0.141305220948,0,0.366123318672,0.0167025998235,0.5,0.0167025998235,0.0,0.0,0.0
120,2011-07-06 00:00:01,0.162307619427,0,0.365029364824,0.018798744306,0.5,0.018798744306,0.0,0.0,0.0
121,2011-07-06 01:00:01,0.119221670671,0,0.371703267097,0.0255001187325,0.5,0.0255001187325,0.0,0.0,0.0
122,2011-07-06 02:00:01,0.070646399389,0,0.374498337507,0.0359721370041,0.5,0.0359721370041,0.0,0.0,0.0
123,2011-07-06 03:00:01,0.0432744218107,0,0.367602288723,0.0358276106417,0.5,0.0358276106417,0.0,0.0,0.0
124,2011-07-06 04:00:01,0.158096564522,0,0.356374233961,0.0400836542249,0.5,0.0400836542249,0.0,0.0,0.0
125,2011-07-06 05:00:01,0.356089416063,0,0.332006782293,0.0329441465437,0.5,0.0329441465437,0.0,0.0,0.0
126,2011-07-06 06:00:01,0.411416132033,0,0.310546785593,0.0291632078588,0.5,0.0291632078588,0.0,0.0,0.0
127,2011-07-06 07:00:01,0.460049911658,0,0.306352704763,0.0337806008756,0.5,0.0337806008756,0.0,0.0,0.0
128,2011-07-06 08:00:01,0.724179379656,0,0.305744081736,0.0301298350096,0.5,0.0301298350096,0.0,0.0,0.0
129,2011-07-06 09:00:01,0.755997003547,0,0.326742887497,0.068424127996,0.5,0.068424127996,0.0,0.0,0.0
130,2011-07-06 10:00:01,0.559863002073,0,0.347865283489,0.124065130949,0.5,0.124065130949,0.0,0.0,0.0
131,2011-07-06 11:00:01,0.570516244955,0,0.357731819153,0.132107377052,0.5,0.132107377052,0.0,0.0,0.0
132,2011-07-06 12:00:01,0.633649963394,0,0.365974277258,0.121042393148,0.5,0.121042393148,0.0,0.0,0.0
133,2011-07-06 13:00:01,0.423307131633,0,0.362340837717,0.105185464025,0.5,0.105185464025,0.0,0.0,0.0
134,2011-07-06 14:00:01,0.437095130291,0,0.369195371866,0.0673809871078,0.5,0.0673809871078,0.0,0.0,0.0
135,2011-07-06 15:00:01,0.452861111475,0,0.381057679653,0.0412695817649,0.5,0.0412695817649,0.0,0.0,0.0
136,2011-07-06 16:00:01,0.302031588541,0,0.384228557348,0.0287360772491,0.5,0.0287360772491,0.0,0.0,0.0
137,2011-07-06 17:00:01,0.319004231899,0,0.39766022563,0.0143720582128,0.5,0.0143720582128,0.0,0.0,0.0
138,2011-07-06 18:00:01,0.280245251891,0,0.414196491241,0.00426185037941,0.5,0.00426185037941,0.0,0.0,0.0
139,2011-07-06 19:00:01,0.308750511951,0,0.40827819705,0.00591385131702,0.5,0.00591385131702,0.0,0.0,0.0
140,2011-07-06 20:00:01,0.290809276772,0,0.397706180811,0.0045877918601,0.5,0.0045877918601,0.0,0.0,0.0
141,2011-07-06 21:00:01,0.33011481911,0,0.378686457872,0.00461541116238,0.5,0.00461541116238,0.0,0.0,0.0
142,2011-07-06 22:00:01,0.269394889526,0,0.368550598621,0.00300349178724,0.5,0.00300349178724,0.0,0.0,0.0
143,2011-07-06 23:00:01,0.234929876428,0,0.357435971498,0.00504540186375,0.5,0.00504540186375,0.0,0.0,0.0
144,2011-07-07 00:00:01,0.160874594473,0,0.358699351549,0.00599842844531,0.5,0.00599842844531,0.0,0.0,0.0
145,2011-07-07 01:00:01,0.125353137835,0,0.37265253067,0.0132957641035,0.5,0.0132957641035,0.0,0.0,0.0
146,2011-07-07 02:00:01,0.0654414895786,0,0.37999022007,0.0245171654969,0.5,0.0245171654969,0.0,0.0,0.0
147,2011-07-07 03:00:01,0.0486270963718,0,0.387470066547,0.044048525393,0.5,0.044048525393,0.0,0.0,0.0
148,2011-07-07 04:00:01,0.0773060252652,0,0.382408201694,0.059054479003,0.5,0.059054479003,0.0,0.0,0.0
149,2011-07-07 05:00:01,0.165543257433,0,0.361616551876,0.0592123791575,0.5,0.0592123791575,0.0,0.0,0.0
150,2011-07-07 06:00:01,0.207839534986,0,0.346653193235,0.0510853230953,0.5,0.0510853230953,0.0,0.0,0.0
151,2011-07-07 07:00:01,0.258808233369,0,0.347960680723,0.0418743491173,0.5,0.0418743491173,0.0,0.0,0.0
152,2011-07-07 08:00:01,0.550960021191,0,0.362020552158,0.029242426157,0.5,0.029242426157,0.0,0.0,0.0
153,2011-07-07 09:00:01,0.538306863219,0,0.372867912054,0.0236768759787,0.5,0.0236768759787,0.0,0.0,0.0
154,2011-07-07 10:00:01,0.517910034103,0,0.382765263319,0.0376099534333,0.5,0.0376099534333,0.0,0.0,0.0
155,2011-07-07 11:00:01,0.336324786211,0,0.387509912252,0.0370374061167,0.5,0.0370374061167,0.0,0.0,0.0
156,2011-07-07 12:00:01,0.341023751543,0,0.393677771091,0.0302764195949,0.5,0.0302764195949,0.0,0.0,0.0
157,2011-07-07 13:00:01,0.264973187316,0,0.380352646112,0.015292708762,0.5,0.015292708762,0.0,0.0,0.0
158,2011-07-07 14:00:01,0.299071807383,0,0.375524938107,0.00999877694994,0.5,0.00999877694994,0.0,0.0,0.0
159,2011-07-07 15:00:01,0.280373321419,0,0.37877574563,0.00226176902652,0.5,0.00226176902652,0.0,0.0,0.0
160,2011-07-07 16:00:01,0.187735327853,0,0.375588029623,0.00455231685191,0.5,0.00455231685191,0.0,0.0,0.0
161,2011-07-07 17:00:01,0.181941185316,0,0.367444127798,0.0115864891559,0.5,0.0115864891559,0.0,0.0,0.0
162,2011-07-07 18:00:01,0.160137261441,0,0.363213956356,0.0123641043901,0.5,0.0123641043901,0.0,0.0,0.0
163,2011-07-07 19:00:01,0.142468610784,0,0.336976498365,0.0153133943677,0.5,0.0153133943677,0.0,0.0,0.0
164,2011-07-07 20:00:01,0.184099178931,0,0.312287449837,0.017654536292,0.5,0.017654536292,0.0,0.0,0.0
165,2011-07-07 21:00:01,0.214355791183,0,0.288841128349,0.011734964326,0.5,0.011734964326,0.0,0.0,0.0
166,2011-07-07 22:00:01,0.202078987196,0,0.273587703705,0.00842740107328,0.5,0.00842740107328,0.0,0.0,0.0
167,2011-07-07 23:00:01,0.189851688187,0,0.247616425157,0.0047027785331,0.5,0.0047027785331,0.0,0.0,0.0
168,2011-07-08 00:00:01,0.130588294868,0,0.23397347331,0.00210167258047,0.5,0.00210167258047,0.0,0.0,0.0
169,2011-07-08 01:00:01,0.0808839538628,0,0.221071705222,0.0039850580506,0.5,0.0039850580506,0.0,0.0,0.0
170,2011-07-08 02:00:01,0.0512713219866,0,0.209526792169,0.00776270125061,0.5,0.00776270125061,0.0,0.0,0.0
171,2011-07-08 03:00:01,0.0110797171031,0,0.199032023549,0.012179357931,0.5,0.012179357931,0.0,0.0,0.0
172,2011-07-08 04:00:01,0.0610310215317,0,0.19383315742,0.0200106892735,0.5,0.0200106892735,0.0,0.0,0.0
173,2011-07-08 05:00:01,0.139831625394,0,0.17595911026,0.0179028585553,0.5,0.0179028585553,0.0,0.0,0.0
174,2011-07-08 06:00:01,0.254360210591,0,0.162593841553,0.0121904797852,0.5,0.0121904797852,0.0,0.0,0.0
175,2011-07-08 07:00:01,0.394514314267,0,0.150915414095,0.00819254200906,0.5,0.00819254200906,0.0,0.0,0.0
176,2011-07-08 08:00:01,0.399918045424,0,0.152218773961,0.0146987102926,0.5,0.0146987102926,0.0,0.0,0.0
177,2011-07-08 09:00:01,0.517987558452,0,0.159861549735,0.0253070183098,0.5,0.0253070183098,0.0,0.0,0.0
178,2011-07-08 10:00:01,0.436319531928,0,0.174491211772,0.0500212199986,0.5,0.0500212199986,0.0,0.0,0.0
179,2011-07-08 11:00:01,0.357716260996,0,0.197728991508,0.05816802755,0.5,0.05816802755,0.0,0.0,0.0
180,2011-07-08 12:00:01,0.314250218044,0,0.212047085166,0.0511415787041,0.5,0.0511415787041,0.0,0.0,0.0
181,2011-07-08 13:00:01,0.276431006349,0,0.206494614482,0.0465206280351,0.5,0.0465206280351,0.0,0.0,0.0
182,2011-07-08 14:00:01,0.253723315516,0,0.213420376182,0.0219916198403,0.5,0.0219916198403,0.0,0.0,0.0
183,2011-07-08 15:00:01,0.269617869874,0,0.229592040181,0.00757060619071,0.5,0.00757060619071,0.0,0.0,0.0
184,2011-07-08 16:00:01,0.181113636369,0,0.224880307913,0.00363733922131,0.5,0.00363733922131,0.0,0.0,0.0
185,2011-07-08 17:00:01,0.221535139995,0,0.223562255502,0.00340572930872,0.5,0.00340572930872,0.0,0.0,0.0
186,2011-07-08 18:00:01,0.212211402485,0,0.217555359006,0.0014673183905,0.5,0.0014673183905,0.0,0.0,0.0
187,2011-07-08 19:00:01,0.155119312601,0,0.210798278451,0.00135571951978,0.5,0.00135571951978,0.0,0.0,0.0
188,2011-07-08 20:00:01,0.120490795016,0,0.199103847146,0.00182112434413,0.5,0.00182112434413,0.0,0.0,0.0
189,2011-07-08 21:00:01,0.149267269018,0,0.18756750226,0.00308499392122,0.5,0.00308499392122,0.0,0.0,0.0
190,2011-07-08 22:00:01,0.125378314696,0,0.187389016151,0.00243171676993,0.5,0.00243171676993,0.0,0.0,0.0
191,2011-07-08 23:00:01,0.11539910325,0,0.184365659952,0.00317217083648,0.5,0.00317217083648,0.0,0.0,0.0
192,2011-07-09 00:00:01,0.120500889149,0,0.183131366968,0.00436354754493,0.5,0.00436354754493,0.0,0.0,0.0
193,2011-07-09 01:00:01,0.13767933974,0,0.183876335621,0.00440925592557,0.5,0.00440925592557,0.0,0.0,0.0
194,2011-07-09 02:00:01,0.0988429419725,0,0.184466138482,0.00450828531757,0.5,0.00450828531757,0.0,0.0,0.0
195,2011-07-09 03:00:01,0.0700629219779,0,0.177570670843,0.00528951361775,0.5,0.00528951361775,0.0,0.0,0.0
196,2011-07-09 04:00:01,0.150488914652,0,0.169071823359,0.00668526953086,0.5,0.00668526953086,0.0,0.0,0.0
197,2011-07-09 05:00:01,0.19377178612,0,0.158493742347,0.00393465114757,0.5,0.00393465114757,0.0,0.0,0.0
198,2011-07-09 06:00:01,0.281205779496,0,0.149410784245,0.00242879195139,0.5,0.00242879195139,0.0,0.0,0.0
199,2011-07-09 07:00:01,0.382247892041,0,0.147520259023,0.00433588633314,0.5,0.00433588633314,0.0,0.0,0.0
200,2011-07-09 08:00:01,0.553389993971,0,0.164232209325,0.0122397709638,0.5,0.0122397709638,0.0,0.0,0.0
201,2011-07-09 09:00:01,0.490351683818,0,0.188403278589,0.0411000736058,0.5,0.0411000736058,0.0,0.0,0.0
202,2011-07-09 10:00:01,0.410969316892,0,0.212642833591,0.0570476390421,0.5,0.0570476390421,0.0,0.0,0.0
203,2011-07-09 11:00:01,0.420747564227,0,0.229844003916,0.0598805844784,0.5,0.0598805844784,0.0,0.0,0.0
204,2011-07-09 12:00:01,0.379645984243,0,0.23828676343,0.0584433227777,0.5,0.0584433227777,0.0,0.0,0.0
205,2011-07-09 13:00:01,0.289494031058,0,0.244503781199,0.0370775051415,0.5,0.0370775051415,0.0,0.0,0.0
206,2011-07-09 14:00:01,0.236689809684,0,0.253577083349,0.0207072198391,0.5,0.0207072198391,0.0,0.0,0.0
207,2011-07-09 15:00:01,0.210222543154,0,0.253626793623,0.0130575792864,0.5,0.0130575792864,0.0,0.0,0.0
208,2011-07-09 16:00:01,0.170654732834,0,0.25880035758,0.00506529258564,0.5,0.00506529258564,0.0,0.0,0.0
209,2011-07-09 17:00:01,0.121844693431,0,0.254290670156,0.00272898678668,0.5,0.00272898678668,0.0,0.0,0.0
210,2011-07-09 18:00:01,0.232421266133,0,0.251257568598,0.00618478190154,0.5,0.00618478190154,0.0,0.0,0.0
211,2011-07-09 19:00:01,0.239589166219,0,0.246154800057,0.00398020585999,0.5,0.00398020585999,0.0,0.0,0.0
212,2011-07-09 20:00:01,0.212846265856,0,0.237528726459,0.00408522970974,0.5,0.00408522970974,0.0,0.0,0.0
213,2011-07-09 21:00:01,0.214902588229,0,0.228801876307,0.00343223661184,0.5,0.00343223661184,0.0,0.0,0.0
214,2011-07-09 22:00:01,0.130303629564,0,0.221531808376,0.00035741267493,0.5,0.00035741267493,0.0,0.0,0.0
215,2011-07-09 23:00:01,0.168764851404,0,0.212564885616,0.00280795269646,0.5,0.00280795269646,0.0,0.0,0.0
216,2011-07-10 00:00:01,0.205554025213,0,0.210094302893,0.00223961379379,0.5,0.00223961379379,0.0,0.0,0.0
217,2011-07-10 01:00:01,0.142869137171,0,0.21323351562,0.00206941738725,0.5,0.00206941738725,0.0,0.0,0.0
218,2011-07-10 02:00:01,0.0711947495759,0,0.220616906881,0.00509225949645,0.5,0.00509225949645,0.0,0.0,0.0
219,2011-07-10 03:00:01,0.0611097209986,0,0.223742172122,0.00933937449008,0.5,0.00933937449008,0.0,0.0,0.0
220,2011-07-10 04:00:01,0.0919649490962,0,0.224619194865,0.014476721175,0.5,0.014476721175,0.0,0.0,0.0
221,2011-07-10 05:00:01,0.150270718661,0,0.213005453348,0.0160470642149,0.5,0.0160470642149,0.0,0.0,0.0
222,2011-07-10 06:00:01,0.222548159886,0,0.202310204506,0.0132978437468,0.5,0.0132978437468,0.0,0.0,0.0
223,2011-07-10 07:00:01,0.311071256338,0,0.207190677524,0.00910539273173,0.5,0.00910539273173,0.0,0.0,0.0
224,2011-07-10 08:00:01,0.612852627896,0,0.223776489496,0.00675478205085,0.5,0.00675478205085,0.0,0.0,0.0
225,2011-07-10 09:00:01,0.478771555899,0,0.245214387774,0.035512059927,0.5,0.035512059927,0.0,0.0,0.0
226,2011-07-10 10:00:01,0.451304488074,0,0.266168177128,0.0480153746903,0.5,0.0480153746903,0.0,0.0,0.0
227,2011-07-10 11:00:01,0.423906032532,0,0.288286238909,0.0490775629878,0.5,0.0490775629878,0.0,0.0,0.0
228,2011-07-10 12:00:01,0.3683548869,0,0.298712939024,0.0482522174716,0.5,0.0482522174716,0.0,0.0,0.0
229,2011-07-10 13:00:01,0.269784511867,0,0.304453104734,0.022816689685,0.5,0.022816689685,0.0,0.0,0.0
230,2011-07-10 14:00:01,0.308905324253,0,0.312334209681,0.0126982796937,0.5,0.0126982796937,0.0,0.0,0.0
231,2011-07-10 15:00:01,0.288899288502,0,0.319750964642,0.00385315786116,0.5,0.00385315786116,0.0,0.0,0.0
232,2011-07-10 16:00:01,0.267672109979,0,0.308600485325,0.00200977851637,0.5,0.00200977851637,0.0,0.0,0.0
233,2011-07-10 17:00:01,0.242108062173,0,0.297536432743,0.00107649841812,0.5,0.00107649841812,0.0,0.0,0.0
234,2011-07-10 18:00:01,0.168047838204,0,0.285412669182,0.00093575468054,0.5,0.00093575468054,0.0,0.0,0.0
235,2011-07-10 19:00:01,0.171891550851,0,0.267128974199,0.00309513369575,0.5,0.00309513369575,0.0,0.0,0.0
236,2011-07-10 20:00:01,0.156786850483,0,0.2568988204,0.00327680399641,0.5,0.00327680399641,0.0,0.0,0.0
237,2011-07-10 21:00:01,0.144655827073,0,0.260165661573,0.00547102838755,0.5,0.00547102838755,0.0,0.0,0.0
238,2011-07-10 22:00:01,0.144608182396,0,0.263139724731,0.00871322583407,0.5,0.00871322583407,0.0,0.0,0.0
239,2011-07-10 23:00:01,0.143396458925,0,0.261462211609,0.00943494029343,0.5,0.00943494029343,0.0,0.0,0.0
240,2011-07-11 00:00:01,0.0838658416677,0,0.253617703915,0.00977053120732,0.5,0.00977053120732,0.0,0.0,0.0
241,2011-07-11 01:00:01,0.0709421245783,0,0.246182963252,0.0142434127629,0.5,0.0142434127629,0.0,0.0,0.0
242,2011-07-11 02:00:01,0.0612141797188,0,0.238704696298,0.0181326568127,0.5,0.0181326568127,0.0,0.0,0.0
243,2011-07-11 03:00:01,0.107959660287,0,0.236338347197,0.0227377321571,0.5,0.0227377321571,0.0,0.0,0.0
244,2011-07-11 04:00:01,0.140109650112,1,0.235993787646,0.023846283555,0.5,0.023846283555,-1.0,-2.0,-1.0
245,2011-07-11 05:00:01,0.265533631504,1,0.206133022904,0.0139124691486,0.5,0.0139124691486,0.0,0.0,0.0
246,2011-07-11 06:00:01,0.318447810136,1,0.191116839647,0.00741229299456,0.5,0.00741229299456,0.0,0.0,0.0
247,2011-07-11 07:00:01,0.415851971532,1,0.185096800327,0.00670789182186,0.5,0.00670789182186,0.0,0.0,0.0
248,2011-07-11 08:00:01,0.614193762676,1,0.194753170013,0.0159797370434,0.5,0.0159797370434,0.0,0.0,0.0
249,2011-07-11 09:00:01,0.51124530006,1,0.224985539913,0.048572614789,0.5,0.048572614789,0.0,0.0,0.0
250,2011-07-11 10:00:01,0.471268020866,1,0.267909914255,0.0573713481426,0.5,0.0573713481426,0.0,0.0,0.0
251,2011-07-11 11:00:01,0.398403030033,1,0.303725153208,0.0537068620324,0.5,0.0537068620324,0.0,0.0,0.0
252,2011-07-11 12:00:01,0.356565710812,1,0.327662289143,0.0430306978524,0.5,0.0430306978524,0.0,0.0,0.0
253,2011-07-11 13:00:01,0.314147754422,1,0.335099190474,0.0184680763632,0.5,0.0184680763632,0.0,0.0,0.0
254,2011-07-11 14:00:01,0.28166628556,1,0.343066900969,0.00747354933992,0.5,0.00747354933992,0.0,0.0,0.0
255,2011-07-11 15:00:01,0.246852310979,1,0.341586053371,0.00204262277111,0.5,0.00204262277111,0.0,0.0,0.0
256,2011-07-11 16:00:01,0.213842810228,1,0.319211512804,0.00153688341379,0.5,0.00153688341379,0.0,0.0,0.0
257,2011-07-11 17:00:01,0.266456460694,1,0.312592506409,0.00234869960696,0.5,0.00234869960696,0.0,0.0,0.0
258,2011-07-11 18:00:01,0.222591048442,1,0.301621794701,0.00122066389304,0.5,0.00122066389304,0.0,0.0,0.0
259,2011-07-11 19:00:01,0.210550944008,1,0.281188905239,0.00208260328509,0.5,0.00208260328509,0.0,0.0,0.0
260,2011-07-11 20:00:01,0.194561313567,1,0.264066189528,0.00161813409068,0.5,0.00161813409068,0.0,0.0,0.0
261,2011-07-11 21:00:01,0.110336433277,1,0.254454851151,0.00129505549558,0.5,0.00129505549558,0.0,0.0,0.0
262,2011-07-11 22:00:01,0.0890613332813,1,0.244072064757,0.0053209271282,0.5,0.0053209271282,0.0,0.0,0.0
263,2011-07-11 23:00:01,0.0844171879873,1,0.236571744084,0.0093642026186,0.5,0.0093642026186,0.0,0.0,0.0
264,2011-07-12 00:00:01,0.0686431465856,1,0.231449633837,0.0139166386798,0.5,0.0139166386798,0.0,0.0,0.0
265,2011-07-12 01:00:01,0.0638552287237,1,0.222818806767,0.019166238606,0.5,0.019166238606,0.0,0.0,0.0
266,2011-07-12 02:00:01,0.0540997693037,1,0.211634203792,0.0204428248107,0.5,0.0204428248107,0.0,0.0,0.0
267,2011-07-12 03:00:01,0.00271602612959,1,0.198985695839,0.019963176921,0.5,0.019963176921,0.0,0.0,0.0
268,2011-07-12 04:00:01,0.0657397141769,1,0.190071880817,0.0243816245347,0.5,0.0243816245347,0.0,0.0,0.0
269,2011-07-12 05:00:01,0.122223726185,1,0.172708824277,0.0200112685561,0.5,0.0200112685561,0.0,0.0,0.0
270,2011-07-12 06:00:01,0.250410901638,1,0.177273198962,0.0172829739749,0.5,0.0172829739749,0.0,0.0,0.0
271,2011-07-12 07:00:01,0.288408385187,1,0.191249191761,0.0148388994858,0.5,0.0148388994858,0.0,0.0,0.0
272,2011-07-12 08:00:01,0.541029441456,1,0.222943738103,0.0098080560565,0.5,0.0098080560565,0.0,0.0,0.0
273,2011-07-12 09:00:01,0.520281485762,1,0.265810191631,0.0256857220083,0.5,0.0256857220083,0.0,0.0,0.0
274,2011-07-12 10:00:01,0.479554333355,1,0.302756786346,0.0347747541964,0.5,0.0347747541964,0.0,0.0,0.0
275,2011-07-12 11:00:01,0.44792985131,1,0.328602522612,0.0362541526556,0.5,0.0362541526556,0.0,0.0,0.0
276,2011-07-12 12:00:01,0.431688533752,1,0.339403063059,0.0344220139086,0.5,0.0344220139086,0.0,0.0,0.0
277,2011-07-12 13:00:01,0.344998233511,1,0.339392870665,0.0249842796475,0.5,0.0249842796475,0.0,0.0,0.0
278,2011-07-12 14:00:01,0.34039552767,1,0.339540541172,0.015410579741,0.5,0.015410579741,0.0,0.0,0.0
279,2011-07-12 15:00:01,0.308107888605,1,0.337163060904,0.00818055402488,0.5,0.00818055402488,0.0,0.0,0.0
280,2011-07-12 16:00:01,0.268787771603,1,0.318345308304,0.00528321508318,0.5,0.00528321508318,0.0,0.0,0.0
281,2011-07-12 17:00:01,0.285161528651,1,0.298961609602,0.00213618064299,0.5,0.00213618064299,0.0,0.0,0.0
282,2011-07-12 18:00:01,0.215785071264,1,0.283930122852,0.00126465118956,0.5,0.00126465118956,0.0,0.0,0.0
283,2011-07-12 19:00:01,0.225923915975,1,0.26090708375,0.00176691962406,0.5,0.00176691962406,0.0,0.0,0.0
284,2011-07-12 20:00:01,0.224493123296,1,0.242594763637,0.000980892567895,0.5,0.000980892567895,0.0,0.0,0.0
285,2011-07-12 21:00:01,0.241922369996,1,0.232048690319,0.000800630426966,0.5,0.000800630426966,0.0,0.0,0.0
286,2011-07-12 22:00:01,0.216965567425,1,0.222809046507,5.4931777413e-05,0.5,5.4931777413e-05,0.0,0.0,0.0
287,2011-07-12 23:00:01,0.178430223747,1,0.208379358053,0.00037826737389,0.5,0.00037826737389,0.0,0.0,0.0
288,2011-07-13 00:00:01,0.16149372303,1,0.195392876863,0.00111759023275,0.5,0.00111759023275,0.0,0.0,0.0
289,2011-07-13 01:00:01,0.148211632259,1,0.16374887526,0.00249380012974,0.5,0.00249380012974,0.0,0.0,0.0
290,2011-07-13 02:00:01,0.113851269513,1,0.143818825483,0.00200479803607,0.5,0.00200479803607,0.0,0.0,0.0
291,2011-07-13 03:00:01,0.0798896523653,1,0.137424096465,0.0017720637843,0.5,0.0017720637843,0.0,0.0,0.0
292,2011-07-13 04:00:01,0.174598799234,1,0.134373605251,0.00347835733555,0.5,0.00347835733555,0.0,0.0,0.0
293,2011-07-13 05:00:01,0.25980069117,1,0.124849878252,0.00251422193833,0.5,0.00251422193833,0.0,0.0,0.0
294,2011-07-13 06:00:01,0.388642056667,1,0.118908844888,0.00366099271923,0.5,0.00366099271923,0.0,0.0,0.0
295,2011-07-13 07:00:01,0.553457301205,1,0.131617173553,0.0155097320676,0.5,0.0155097320676,0.0,0.0,0.0
296,2011-07-13 08:00:01,0.731696990033,1,0.165388062596,0.0420349501073,0.5,0.0420349501073,0.0,0.0,0.0
297,2011-07-13 09:00:01,0.669939160704,1,0.228550687432,0.0895877033472,0.5,0.0895877033472,0.0,0.0,0.0
298,2011-07-13 10:00:01,0.568720592329,1,0.301292687654,0.103851467371,0.5,0.103851467371,0.0,0.0,0.0
299,2011-07-13 11:00:01,0.593578364683,1,0.373386561871,0.0859108045697,0.5,0.0859108045697,0.0,0.0,0.0
300,2011-07-13 12:00:01,0.392669366066,1,0.433842748404,0.060826562345,0.5,0.060826562345,0.0,0.0,0.0
301,2011-07-13 13:00:01,0.414843938726,1,0.479946404696,0.0268065072596,0.5,0.0268065072596,0.0,0.0,0.0
302,2011-07-13 14:00:01,0.462522814613,1,0.50198507309,0.00523056928068,0.5,0.00523056928068,0.0,0.0,0.0
303,2011-07-13 15:00:01,0.414825800553,1,0.516366302967,0.00403128191829,0.5,0.00403128191829,0.0,0.0,0.0
304,2011-07-13 16:00:01,0.428810329574,1,0.48658183217,0.00518815033138,0.5,0.00518815033138,0.0,0.0,0.0
305,2011-07-13 17:00:01,0.269231871809,1,0.44722622633,0.00157767429482,0.5,0.00157767429482,0.0,0.0,0.0
306,2011-07-13 18:00:01,0.241959825918,1,0.430302798748,0.00704188179225,0.5,0.00704188179225,0.0,0.0,0.0
307,2011-07-13 19:00:01,0.187695585804,1,0.400316685438,0.00758663658053,0.5,0.00758663658053,0.0,0.0,0.0
308,2011-07-13 20:00:01,0.182382409442,1,0.379600375891,0.0132079403847,0.5,0.0132079403847,0.0,0.0,0.0
309,2011-07-13 21:00:01,0.129729647867,1,0.372343420982,0.0182056091726,0.5,0.0182056091726,0.0,0.0,0.0
310,2011-07-13 22:00:01,0.159743375443,1,0.358044743538,0.0251048542559,0.5,0.0251048542559,0.0,0.0,0.0
311,2011-07-13 23:00:01,0.203560868475,1,0.349304229021,0.0280180312693,0.5,0.0280180312693,0.0,0.0,0.0
312,2011-07-14 00:00:01,0.181330903933,1,0.335863947868,0.0245518479496,0.5,0.0245518479496,0.0,0.0,0.0
313,2011-07-14 01:00:01,0.1373094375,1,0.317678391933,0.0223754420877,0.5,0.0223754420877,0.0,0.0,0.0
314,2011-07-14 02:00:01,0.0931178811682,1,0.318146705627,0.0230500623584,0.5,0.0230500623584,0.0,0.0,0.0
315,2011-07-14 03:00:01,0.0798045887979,1,0.312395393848,0.0278010256588,0.5,0.0278010256588,0.0,0.0,0.0
316,2011-07-14 04:00:01,0.243527289163,1,0.297394245863,0.0325672924519,0.5,0.0325672924519,0.0,0.0,0.0
317,2011-07-14 05:00:01,0.47451448711,1,0.268081665039,0.0210651773959,0.5,0.0210651773959,0.0,0.0,0.0
318,2011-07-14 06:00:01,0.386996414781,1,0.255770117044,0.0247727315873,0.5,0.0247727315873,0.0,0.0,0.0
319,2011-07-14 07:00:01,0.450602045167,1,0.286831259727,0.0239867921919,0.5,0.0239867921919,0.0,0.0,0.0
320,2011-07-14 08:00:01,0.685832621512,1,0.343864500523,0.0129154687747,0.5,0.0129154687747,0.0,0.0,0.0
321,2011-07-14 09:00:01,0.537290727413,1,0.431468695402,0.0232168883085,0.5,0.0232168883085,0.0,0.0,0.0
322,2011-07-14 10:00:01,0.464546894992,1,0.489760488272,0.0275932364166,0.5,0.0275932364166,0.0,0.0,0.0
323,2011-07-14 11:00:01,0.392556981746,1,0.534587204456,0.0145118590444,0.5,0.0145118590444,0.0,0.0,0.0
324,2011-07-14 12:00:01,0.563477502404,1,0.566826403141,0.00686226878315,0.5,0.00686226878315,0.0,0.0,0.0
325,2011-07-14 13:00:01,0.731179520997,1,0.555658817291,0.00257195555605,0.5,0.00257195555605,0.0,0.0,0.0
326,2011-07-14 14:00:01,0.583571414267,1,0.544524788857,0.0277215186507,0.5,0.0277215186507,0.0,0.0,0.0
327,2011-07-14 15:00:01,0.431878993996,1,0.491081684828,0.0395122468472,0.5,0.0395122468472,0.0,0.0,0.0
328,2011-07-14 16:00:01,0.378408977856,1,0.445752888918,0.0384860560298,0.5,0.0384860560298,0.0,0.0,0.0
329,2011-07-14 17:00:01,0.339153167295,1,0.419219821692,0.0342644304037,0.5,0.0342644304037,0.0,0.0,0.0
330,2011-07-14 18:00:01,0.304604172557,1,0.410497158766,0.00904943887144,0.5,0.00904943887144,0.0,0.0,0.0
331,2011-07-14 19:00:01,0.251051361994,1,0.363724827766,0.00238883728161,0.5,0.00238883728161,0.0,0.0,0.0
332,2011-07-14 20:00:01,0.196346239855,1,0.318957328796,0.00264979642816,0.5,0.00264979642816,0.0,0.0,0.0
333,2011-07-14 21:00:01,0.209299197784,1,0.289810121059,0.00398955773562,0.5,0.00398955773562,0.0,0.0,0.0
334,2011-07-14 22:00:01,0.18144094337,1,0.25050753355,0.00315135717392,0.5,0.00315135717392,0.0,0.0,0.0
335,2011-07-14 23:00:01,0.200388548527,1,0.219277501106,0.00266708200797,0.5,0.00266708200797,0.0,0.0,0.0
336,2011-07-15 00:00:01,0.198868541241,1,0.198031097651,0.0017959328834,0.5,0.0017959328834,0.0,0.0,0.0
337,2011-07-15 01:00:01,0.187500553811,1,0.185104608536,0.00129994621966,0.5,0.00129994621966,0.0,0.0,0.0
338,2011-07-15 02:00:01,0.138951630134,1,0.167048066854,0.000990715692751,0.5,0.000990715692751,0.0,0.0,0.0
339,2011-07-15 03:00:01,0.109929965744,1,0.153416067362,0.00280403974466,0.5,0.00280403974466,0.0,0.0,0.0
340,2011-07-15 04:00:01,0.194731098018,1,0.133709460497,0.00508203683421,0.5,0.00508203683421,0.0,0.0,0.0
341,2011-07-15 05:00:01,0.281804991967,1,0.13740734756,0.00356500013731,0.5,0.00356500013731,0.0,0.0,0.0
342,2011-07-15 06:00:01,0.352526369158,1,0.176604181528,0.00313312234357,0.5,0.00313312234357,0.0,0.0,0.0
343,2011-07-15 07:00:01,0.507875476049,1,0.265294998884,0.00798300839961,0.5,0.00798300839961,0.0,0.0,0.0
344,2011-07-15 08:00:01,0.57859915547,1,0.394335746765,0.0150343328714,0.5,0.0150343328714,0.0,0.0,0.0
345,2011-07-15 09:00:01,0.58465417884,1,0.449527025223,0.0151584781706,0.5,0.0151584781706,0.0,0.0,0.0
346,2011-07-15 10:00:01,0.405650718773,1,0.46721598506,0.0138760171831,0.5,0.0138760171831,0.0,0.0,0.0
347,2011-07-15 11:00:01,0.508703834698,1,0.51381111145,0.00940078869462,0.5,0.00940078869462,0.0,0.0,0.0
348,2011-07-15 12:00:01,0.63628936096,1,0.567709386349,0.00205229176208,0.5,0.00205229176208,0.0,0.0,0.0
349,2011-07-15 13:00:01,0.471422073089,1,0.569963514805,0.00754836387932,0.5,0.00754836387932,0.0,0.0,0.0
350,2011-07-15 14:00:01,0.477401623109,1,0.587496578693,0.0171060916036,0.5,0.0171060916036,0.0,0.0,0.0
351,2011-07-15 15:00:01,0.462572274065,1,0.597508430481,0.00454867491499,0.5,0.00454867491499,0.0,0.0,0.0
352,2011-07-15 16:00:01,0.494987716133,1,0.570660531521,0.00369381019846,0.5,0.00369381019846,0.0,0.0,0.0
353,2011-07-15 17:00:01,0.393904916434,1,0.532299339771,0.00129076244775,0.5,0.00129076244775,0.0,0.0,0.0
354,2011-07-15 18:00:01,0.405909925234,1,0.48384436965,0.00294230924919,0.5,0.00294230924919,0.0,0.0,0.0
355,2011-07-15 19:00:01,0.372667230317,1,0.433975964785,0.00182016473264,0.5,0.00182016473264,0.0,0.0,0.0
356,2011-07-15 20:00:01,0.2572238328,1,0.375253647566,0.00451986957341,0.5,0.00451986957341,0.0,0.0,0.0
357,2011-07-15 21:00:01,0.263318791134,1,0.31616717577,0.00585122592747,0.5,0.00585122592747,0.0,0.0,0.0
358,2011-07-15 22:00:01,0.199388371454,1,0.286095917225,0.00639524823055,0.5,0.00639524823055,0.0,0.0,0.0
359,2011-07-15 23:00:01,0.205879514813,1,0.258043885231,0.00555351283401,0.5,0.00555351283401,0.0,0.0,0.0
360,2011-07-16 00:00:01,0.180164096035,1,0.204643130302,0.00285246549174,0.5,0.00285246549174,0.0,0.0,0.0
361,2011-07-16 01:00:01,0.154113682236,1,0.164295732975,0.00337468390353,0.5,0.00337468390353,0.0,0.0,0.0
362,2011-07-16 02:00:01,0.123865239657,1,0.154620796442,0.00247632805258,0.5,0.00247632805258,0.0,0.0,0.0
363,2011-07-16 03:00:01,0.0955698879882,1,0.132988423109,0.00399662647396,0.5,0.00399662647396,0.0,0.0,0.0
364,2011-07-16 04:00:01,0.16296999539,1,0.10355091095,0.00464395014569,0.5,0.00464395014569,0.0,0.0,0.0
365,2011-07-16 05:00:01,0.211467642218,1,0.0971318632364,0.00334213767201,0.5,0.00334213767201,0.0,0.0,0.0
366,2011-07-16 06:00:01,0.288705544382,1,0.110136508942,0.00117205968127,0.5,0.00117205968127,0.0,0.0,0.0
367,2011-07-16 07:00:01,0.511066071185,1,0.147245466709,0.0023614524398,0.5,0.0023614524398,0.0,0.0,0.0
368,2011-07-16 08:00:01,0.533327301592,1,0.234836637974,0.0148508641869,0.5,0.0148508641869,0.0,0.0,0.0
369,2011-07-16 09:00:01,0.534773518342,1,0.321557879448,0.0180602706969,0.5,0.0180602706969,0.0,0.0,0.0
370,2011-07-16 10:00:01,0.417516000831,1,0.3866776824,0.0159608311951,0.5,0.0159608311951,0.0,0.0,0.0
371,2011-07-16 11:00:01,0.488724178137,1,0.439793616533,0.00764777511358,0.5,0.00764777511358,0.0,0.0,0.0
372,2011-07-16 12:00:01,0.514352290896,1,0.487071335316,0.0015188875841,0.5,0.0015188875841,0.0,0.0,0.0
373,2011-07-16 13:00:01,0.450293042436,1,0.532407522202,0.0027180572506,0.5,0.0027180572506,0.0,0.0,0.0
374,2011-07-16 14:00:01,0.525697355064,1,0.5758420825,0.0101588927209,0.5,0.0101588927209,0.0,0.0,0.0
375,2011-07-16 15:00:01,0.484118083645,1,0.575285971165,0.00275746989064,0.5,0.00275746989064,0.0,0.0,0.0
376,2011-07-16 16:00:01,0.397677135246,1,0.559048354626,0.00373108871281,0.5,0.00373108871281,0.0,0.0,0.0
377,2011-07-16 17:00:01,0.303861289053,1,0.534235060215,0.00481723761186,0.5,0.00481723761186,0.0,0.0,0.0
378,2011-07-16 18:00:01,0.290620497591,1,0.498415380716,0.00823995750397,0.5,0.00823995750397,0.0,0.0,0.0
379,2011-07-16 19:00:01,0.29125968898,1,0.464519590139,0.0102522298694,0.5,0.0102522298694,0.0,0.0,0.0
380,2011-07-16 20:00:01,0.310256360457,1,0.423608213663,0.00903932191432,0.5,0.00903932191432,0.0,0.0,0.0
381,2011-07-16 21:00:01,0.269337970292,1,0.388965398073,0.00620571291074,0.5,0.00620571291074,0.0,0.0,0.0
382,2011-07-16 22:00:01,0.324591702971,1,0.33436152339,0.00192744878586,0.5,0.00192744878586,0.0,0.0,0.0
383,2011-07-16 23:00:01,0.341709306087,1,0.28847026825,0.000533823098522,0.5,0.000533823098522,0.0,0.0,0.0
384,2011-07-17 00:00:01,0.277690439738,1,0.25426530838,0.00207044696435,0.5,0.00207044696435,0.0,0.0,0.0
385,2011-07-17 01:00:01,0.285877231867,1,0.200727015734,0.0061612278223,0.5,0.0061612278223,0.0,0.0,0.0
386,2011-07-17 02:00:01,0.223083008898,1,0.174777582288,0.0125609319657,0.5,0.0125609319657,0.0,0.0,0.0
387,2011-07-17 03:00:01,0.200257175648,1,0.148212328553,0.0135107645765,0.5,0.0135107645765,0.0,0.0,0.0
388,2011-07-17 04:00:01,0.315332013397,1,0.124554805458,0.0109596569091,0.5,0.0109596569091,0.0,0.0,0.0
389,2011-07-17 05:00:01,0.298319533775,1,0.105141684413,0.0164426062256,0.5,0.0164426062256,0.0,0.0,0.0
390,2011-07-17 06:00:01,0.347806943397,1,0.110913716257,0.0121118295938,0.5,0.0121118295938,0.0,0.0,0.0
391,2011-07-17 07:00:01,0.536198028271,1,0.14623555541,0.0134343523532,0.5,0.0134343523532,0.0,0.0,0.0
392,2011-07-17 08:00:01,0.514906404359,1,0.218419522047,0.0240080337971,0.5,0.0240080337971,0.0,0.0,0.0
393,2011-07-17 09:00:01,0.435730574879,1,0.3010404706,0.0194537658244,0.5,0.0194537658244,0.0,0.0,0.0
394,2011-07-17 10:00:01,0.38257383414,1,0.372095644474,0.0121764391661,0.5,0.0121764391661,0.0,0.0,0.0
395,2011-07-17 11:00:01,0.484735028382,1,0.419251322746,0.00672486610711,0.5,0.00672486610711,0.0,0.0,0.0
396,2011-07-17 12:00:01,0.458363352844,1,0.448492884636,0.00179935491178,0.5,0.00179935491178,0.0,0.0,0.0
397,2011-07-17 13:00:01,0.470637904088,1,0.473110735416,0.00263042794541,0.5,0.00263042794541,0.0,0.0,0.0
398,2011-07-17 14:00:01,0.506925721096,1,0.502454161644,0.00373868877068,0.5,0.00373868877068,0.0,0.0,0.0
399,2011-07-17 15:00:01,0.484452842509,1,0.511789977551,0.000656455580611,0.5,0.000656455580611,0.0,0.0,0.0
400,2011-07-17 16:00:01,0.386228992612,1,0.501982927322,0.00130155181978,0.5,0.00130155181978,0.0,0.0,0.0
401,2011-07-17 17:00:01,0.32709819547,1,0.496284782887,0.00301530351862,0.5,0.00301530351862,0.0,0.0,0.0
402,2011-07-17 18:00:01,0.258370963627,1,0.473486155272,0.00589253939688,0.5,0.00589253939688,0.0,0.0,0.0
403,2011-07-17 19:00:01,0.21184864386,1,0.440632581711,0.0108759915456,0.5,0.0108759915456,0.0,0.0,0.0
404,2011-07-17 20:00:01,0.296490691678,1,0.4131308496,0.0160695388913,0.5,0.0160695388913,0.0,0.0,0.0
405,2011-07-17 21:00:01,0.272587555903,1,0.389143943787,0.0135510964319,0.5,0.0135510964319,0.0,0.0,0.0
406,2011-07-17 22:00:01,0.249387631258,1,0.346654355526,0.00849234964699,0.5,0.00849234964699,0.0,0.0,0.0
407,2011-07-17 23:00:01,0.210465529993,0,0.330525130033,0.0069598229602,0.5,0.0069598229602,0.0,0.0,0.0
408,2011-07-18 00:00:01,0.281638658966,0,0.331471979618,0.0077541032806,0.5,0.0077541032806,0.0,0.0,0.0
409,2011-07-18 01:00:01,0.147069520492,0,0.325303554535,0.00717091886327,0.5,0.00717091886327,0.0,0.0,0.0
410,2011-07-18 02:00:01,0.137132228854,0,0.328830599785,0.0156577955931,0.5,0.0156577955931,0.0,0.0,0.0
411,2011-07-18 03:00:01,0.130760974131,0,0.314121812582,0.0206396710128,0.5,0.0206396710128,0.0,0.0,0.0
412,2011-07-18 04:00:01,0.152810386654,0,0.291804224253,0.0211615376174,0.5,0.0211615376174,0.0,0.0,0.0
413,2011-07-18 05:00:01,0.270184988449,0,0.274814993143,0.0209964346141,0.5,0.0209964346141,0.0,0.0,0.0
414,2011-07-18 06:00:01,0.28051428828,0,0.277867525816,0.0163706261665,0.5,0.0163706261665,0.0,0.0,0.0
415,2011-07-18 07:00:01,0.358636473715,0,0.285035818815,0.0109477778897,0.5,0.0109477778897,0.0,0.0,0.0
416,2011-07-18 08:00:01,0.534974035626,0,0.306230515242,0.00709936022758,0.5,0.00709936022758,0.0,0.0,0.0
417,2011-07-18 09:00:01,0.493632292303,0,0.314875364304,0.0123188719153,0.5,0.0123188719153,0.0,0.0,0.0
418,2011-07-18 10:00:01,0.430298166869,0,0.336810916662,0.0164418723434,0.5,0.0164418723434,0.0,0.0,0.0
419,2011-07-18 11:00:01,0.532742043306,0,0.343124866486,0.0171719286591,0.5,0.0171719286591,0.0,0.0,0.0
420,2011-07-18 12:00:01,0.437533140387,0,0.341755270958,0.0268193930387,0.5,0.0268193930387,0.0,0.0,0.0
421,2011-07-18 13:00:01,0.414953141727,0,0.352066636086,0.017895815894,0.5,0.017895815894,0.0,0.0,0.0
422,2011-07-18 14:00:01,0.41943443285,0,0.371114820242,0.0105560077354,0.5,0.0105560077354,0.0,0.0,0.0
423,2011-07-18 15:00:01,0.5282279382,0,0.379249066114,0.00874165818095,0.5,0.00874165818095,0.0,0.0,0.0
424,2011-07-18 16:00:01,0.407824632354,0,0.376807630062,0.00970550719649,0.5,0.00970550719649,0.0,0.0,0.0
425,2011-07-18 17:00:01,0.430146639982,0,0.363994091749,0.0105286957696,0.5,0.0105286957696,0.0,0.0,0.0
426,2011-07-18 18:00:01,0.299687621283,0,0.347607851028,0.013075074181,0.5,0.013075074181,0.0,0.0,0.0
427,2011-07-18 19:00:01,0.199267342391,0,0.316672176123,0.0164661090821,0.5,0.0164661090821,0.0,0.0,0.0
428,2011-07-18 20:00:01,0.171026066503,0,0.290255904198,0.0104283085093,0.5,0.0104283085093,0.0,0.0,0.0
429,2011-07-18 21:00:01,0.182791246296,0,0.271453559399,0.0109372297302,0.5,0.0109372297302,0.0,0.0,0.0
430,2011-07-18 22:00:01,0.154778658983,0,0.263693392277,0.00627845805138,0.5,0.00627845805138,0.0,0.0,0.0
431,2011-07-18 23:00:01,0.162396956858,0,0.250949323177,0.00751635665074,0.5,0.00751635665074,0.0,0.0,0.0
432,2011-07-19 00:00:01,0.159012485453,0,0.247310936451,0.00906071718782,0.5,0.00906071718782,0.0,0.0,0.0
433,2011-07-19 01:00:01,0.167209255715,0,0.228264600039,0.00734990602359,0.5,0.00734990602359,0.0,0.0,0.0
434,2011-07-19 02:00:01,0.156534262826,0,0.201693594456,0.00493094930425,0.5,0.00493094930425,0.0,0.0,0.0
435,2011-07-19 03:00:01,0.13407314234,0,0.193538889289,0.00384454149753,0.5,0.00384454149753,0.0,0.0,0.0
436,2011-07-19 04:00:01,0.245693066468,0,0.183818429708,0.00415423279628,0.5,0.00415423279628,0.0,0.0,0.0
437,2011-07-19 05:00:01,0.344614058784,0,0.172885626554,0.00329585396685,0.5,0.00329585396685,0.0,0.0,0.0
438,2011-07-19 06:00:01,0.594861101282,0,0.171493202448,0.0053649218753,0.5,0.0053649218753,0.0,0.0,0.0
439,2011-07-19 07:00:01,0.256800172054,0,0.208605110645,0.0347197018564,0.5,0.0347197018564,0.0,0.0,0.0
440,2011-07-19 08:00:01,0.500676750723,0,0.250273644924,0.0255228113383,0.5,0.0255228113383,0.0,0.0,0.0
441,2011-07-19 09:00:01,0.545835184122,0,0.3160546422,0.0279287751764,0.5,0.0279287751764,0.0,0.0,0.0
442,2011-07-19 10:00:01,0.484522062928,0,0.384720951319,0.026245271787,0.5,0.026245271787,0.0,0.0,0.0
443,2011-07-19 11:00:01,0.430211660773,0,0.443086802959,0.0158879235387,0.5,0.0158879235387,0.0,0.0,0.0
444,2011-07-19 12:00:01,0.407610880751,0,0.475960046053,0.00283263041638,0.5,0.00283263041638,0.0,0.0,0.0
445,2011-07-19 13:00:01,0.371329708765,0,0.494278222322,0.00108881574124,0.5,0.00108881574124,0.0,0.0,0.0
446,2011-07-19 14:00:01,0.4649762039,0,0.508521795273,0.00305309845135,0.5,0.00305309845135,0.0,0.0,0.0
447,2011-07-19 15:00:01,0.392254231488,0,0.495814919472,0.00324246147648,0.5,0.00324246147648,0.0,0.0,0.0
448,2011-07-19 16:00:01,0.386453408219,0,0.471006155014,0.00412872154266,0.5,0.00412872154266,0.0,0.0,0.0
449,2011-07-19 17:00:01,0.304297567288,0,0.435903042555,0.00150562264025,0.5,0.00150562264025,0.0,0.0,0.0
450,2011-07-19 18:00:01,0.259365740568,0,0.433544993401,0.00268590054475,0.5,0.00268590054475,0.0,0.0,0.0
451,2011-07-19 19:00:01,0.258848887131,0,0.385110676289,0.00305692199618,0.5,0.00305692199618,0.0,0.0,0.0
452,2011-07-19 20:00:01,0.226502376036,0,0.331182986498,0.00245926389471,0.5,0.00245926389471,0.0,0.0,0.0
453,2011-07-19 21:00:01,0.211404301204,0,0.286212444305,0.00113234727178,0.5,0.00113234727178,0.0,0.0,0.0
454,2011-07-19 22:00:01,0.189243519226,0,0.262691289186,0.00101087638177,0.5,0.00101087638177,0.0,0.0,0.0
455,2011-07-19 23:00:01,0.156505790833,0,0.229339778423,0.00143811560702,0.5,0.00143811560702,0.0,0.0,0.0
456,2011-07-20 00:00:01,0.101474822501,0,0.207254692912,0.00233401125297,0.5,0.00233401125297,0.0,0.0,0.0
457,2011-07-20 01:00:01,0.101340865165,0,0.195116773248,0.00589952478185,0.5,0.00589952478185,0.0,0.0,0.0
458,2011-07-20 02:00:01,0.0864466045127,0,0.171381145716,0.00760335009545,0.5,0.00760335009545,0.0,0.0,0.0
459,2011-07-20 03:00:01,0.0648820255995,0,0.156906038523,0.00851304270327,0.5,0.00851304270327,0.0,0.0,0.0
460,2011-07-20 04:00:01,0.131722736762,0,0.180766746402,0.0159490518272,0.5,0.0159490518272,0.0,0.0,0.0
461,2011-07-20 05:00:01,0.281807772135,0,0.190868675709,0.01662395522,0.5,0.01662395522,0.0,0.0,0.0
462,2011-07-20 06:00:01,0.295278675358,0,0.20396900177,0.0139384521171,0.5,0.0139384521171,0.0,0.0,0.0
463,2011-07-20 07:00:01,0.440625508102,0,0.267619222403,0.0156924631447,0.5,0.0156924631447,0.0,0.0,0.0
464,2011-07-20 08:00:01,0.57110517065,0,0.331823438406,0.0139617128298,0.5,0.0139617128298,0.0,0.0,0.0
465,2011-07-20 09:00:01,0.596044256381,0,0.391104310751,0.0155945234001,0.5,0.0155945234001,0.0,0.0,0.0
466,2011-07-20 10:00:01,0.465378580619,0,0.401933401823,0.023204183206,0.5,0.023204183206,0.0,0.0,0.0
467,2011-07-20 11:00:01,0.392572541214,0,0.434133529663,0.0159909147769,0.5,0.0159909147769,0.0,0.0,0.0
468,2011-07-20 12:00:01,0.441251391833,0,0.45751234889,0.00976759102196,0.5,0.00976759102196,0.0,0.0,0.0
469,2011-07-20 13:00:01,0.475307708385,0,0.472350299358,0.00392951304093,0.5,0.00392951304093,0.0,0.0,0.0
470,2011-07-20 14:00:01,0.481374746049,0,0.444041401148,0.00271086650901,0.5,0.00271086650901,0.0,0.0,0.0
471,2011-07-20 15:00:01,0.374176710675,0,0.438467025757,0.00485404534265,0.5,0.00485404534265,0.0,0.0,0.0
472,2011-07-20 16:00:01,0.391409844982,0,0.400856554508,0.00608080951497,0.5,0.00608080951497,0.0,0.0,0.0
473,2011-07-20 17:00:01,0.309570517593,0,0.366888195276,0.00779553689063,0.5,0.00779553689063,0.0,0.0,0.0
474,2011-07-20 18:00:01,0.24799350465,0,0.3420329988,0.00645127892494,0.5,0.00645127892494,0.0,0.0,0.0
475,2011-07-20 19:00:01,0.226558488802,0,0.304119229317,0.00366207980551,0.5,0.00366207980551,0.0,0.0,0.0
476,2011-07-20 20:00:01,0.289532391163,0,0.265344023705,0.0048400699161,0.5,0.0048400699161,0.0,0.0,0.0
477,2011-07-20 21:00:01,0.297995861259,0,0.252601146698,0.00165574601851,0.5,0.00165574601851,0.0,0.0,0.0
478,2011-07-20 22:00:01,0.295282798999,0,0.232920885086,0.00148652202915,0.5,0.00148652202915,0.0,0.0,0.0
479,2011-07-20 23:00:01,0.30699149324,0,0.209105148911,0.00329676247202,0.5,0.00329676247202,0.0,0.0,0.0
480,2011-07-21 00:00:01,0.228820081496,0,0.174201518297,0.00976086780429,0.5,0.00976086780429,0.0,0.0,0.0
481,2011-07-21 01:00:01,0.118004795808,0,0.137916088104,0.0136364456266,0.5,0.0136364456266,0.0,0.0,0.0
482,2011-07-21 02:00:01,0.135929456954,0,0.124227695167,0.014564068988,0.5,0.014564068988,0.0,0.0,0.0
483,2011-07-21 03:00:01,0.115072797012,0,0.111082024872,0.0134371835738,0.5,0.0134371835738,0.0,0.0,0.0
484,2011-07-21 04:00:01,0.18511391331,0,0.112000741065,0.00497396104038,0.5,0.00497396104038,0.0,0.0,0.0
485,2011-07-21 06:00:01,0.314464318835,0,0.116410642862,0.00170218967833,0.5,0.00170218967833,0.0,0.0,0.0
486,2011-07-21 07:00:01,0.357897436277,0,0.135376095772,0.00567734660581,0.5,0.00567734660581,0.0,0.0,0.0
487,2011-07-21 08:00:01,0.647551843556,0,0.17396402359,0.00677578523755,0.5,0.00677578523755,0.0,0.0,0.0
488,2011-07-21 09:00:01,0.432730227658,0,0.255137532949,0.0335665754974,0.5,0.0335665754974,0.0,0.0,0.0
489,2011-07-21 10:00:01,0.473761866346,0,0.346545904875,0.0208250992,0.5,0.0208250992,0.0,0.0,0.0
490,2011-07-21 11:00:01,0.454258181993,0,0.427305579185,0.013819810003,0.5,0.013819810003,0.0,0.0,0.0
491,2011-07-21 12:00:01,0.494267975402,0,0.497756749392,0.00679982174188,0.5,0.00679982174188,0.0,0.0,0.0
492,2011-07-21 13:00:01,0.49571851083,0,0.566425740719,0.00659614847973,0.5,0.00659614847973,0.0,0.0,0.0
493,2011-07-21 14:00:01,0.513154846385,0,0.573313474655,0.00547915324569,0.5,0.00547915324569,0.0,0.0,0.0
494,2011-07-21 15:00:01,0.47956348116,0,0.576901376247,0.0049557974562,0.5,0.0049557974562,0.0,0.0,0.0
495,2011-07-21 16:00:01,0.380321259102,0,0.557698905468,0.00218132697046,0.5,0.00218132697046,0.0,0.0,0.0
496,2011-07-21 17:00:01,0.309914625644,0,0.522893309593,0.00321206729859,0.5,0.00321206729859,0.0,0.0,0.0
497,2011-07-21 18:00:01,0.308445195044,0,0.4858481884,0.00620374968275,0.5,0.00620374968275,0.0,0.0,0.0
498,2011-07-21 19:00:01,0.29683667231,0,0.447098612785,0.00668171374127,0.5,0.00668171374127,0.0,0.0,0.0
499,2011-07-21 20:00:01,0.259115968232,0,0.405002385378,0.00491750659421,0.5,0.00491750659421,0.0,0.0,0.0
500,2011-07-21 21:00:01,0.26459174246,0,0.339677304029,0.00160360126756,0.5,0.00160360126756,0.0,0.0,0.0
501,2011-07-21 22:00:01,0.232050585983,0,0.309232950211,0.000824723741971,0.5,0.000824723741971,0.0,0.0,0.0
502,2011-07-21 23:00:01,0.180059724275,0,0.281273782253,0.000953702372499,0.5,0.000953702372499,0.0,0.0,0.0
503,2011-07-22 00:00:01,0.153653130803,0,0.263962447643,0.00276482151821,0.5,0.00276482151821,0.0,0.0,0.0
504,2011-07-22 01:00:01,0.116908493258,0,0.256369322538,0.00713018979877,0.5,0.00713018979877,0.0,0.0,0.0
505,2011-07-22 02:00:01,0.0864035384988,0,0.240238919854,0.0113320518285,0.5,0.0113320518285,0.0,0.0,0.0
506,2011-07-22 03:00:01,0.0636610126849,0,0.219514742494,0.0142251141369,0.5,0.0142251141369,0.0,0.0,0.0
507,2011-07-22 04:00:01,0.171996686832,0,0.191066324711,0.0157013330609,0.5,0.0157013330609,0.0,0.0,0.0
508,2011-07-22 05:00:01,0.195274741474,0,0.162877649069,0.0102626346052,0.5,0.0102626346052,0.0,0.0,0.0
509,2011-07-22 06:00:01,0.218433469989,0,0.155334562063,0.00505873467773,0.5,0.00505873467773,0.0,0.0,0.0
510,2011-07-22 07:00:01,0.31756074463,0,0.170161768794,0.00343435094692,0.5,0.00343435094692,0.0,0.0,0.0
511,2011-07-22 08:00:01,0.485012744707,0,0.205339133739,0.00235685985535,0.5,0.00235685985535,0.0,0.0,0.0
512,2011-07-22 09:00:01,0.494501431578,0,0.276014477015,0.0112700844184,0.5,0.0112700844184,0.0,0.0,0.0
513,2011-07-22 10:00:01,0.480531015446,0,0.34741050005,0.0133646223694,0.5,0.0133646223694,0.0,0.0,0.0
514,2011-07-22 11:00:01,0.373340143947,0,0.399683564901,0.0084267789498,0.5,0.0084267789498,0.0,0.0,0.0
515,2011-07-22 12:00:01,0.439467494488,0,0.427901208401,0.00404661986977,0.5,0.00404661986977,0.0,0.0,0.0
516,2011-07-22 13:00:01,0.49366253172,0,0.44856724143,0.00124841183424,0.5,0.00124841183424,0.0,0.0,0.0
517,2011-07-22 14:00:01,0.494997998404,0,0.456749290228,0.0029707995709,0.5,0.0029707995709,0.0,0.0,0.0
518,2011-07-22 15:00:01,0.455939535382,0,0.471008241177,0.00479845330119,0.5,0.00479845330119,0.0,0.0,0.0
519,2011-07-22 16:00:01,0.41015639138,0,0.45808789134,0.00262726377696,0.5,0.00262726377696,0.0,0.0,0.0
520,2011-07-22 17:00:01,0.335610216286,0,0.45359775424,0.00170207803603,0.5,0.00170207803603,0.0,0.0,0.0
521,2011-07-22 18:00:01,0.300477384849,0,0.414208889008,0.00312864640728,0.5,0.00312864640728,0.0,0.0,0.0
522,2011-07-22 19:00:01,0.175607878976,0,0.351272553205,0.00398972630501,0.5,0.00398972630501,0.0,0.0,0.0
523,2011-07-22 20:00:01,0.195030460278,0,0.309209913015,0.00629634503275,0.5,0.00629634503275,0.0,0.0,0.0
524,2011-07-22 21:00:01,0.223847790484,0,0.277033507824,0.00479632802308,0.5,0.00479632802308,0.0,0.0,0.0
525,2011-07-22 22:00:01,0.221357088755,0,0.259375929832,0.0037909343373,0.5,0.0037909343373,0.0,0.0,0.0
526,2011-07-22 23:00:01,0.202315951803,0,0.23461432755,0.00167768110987,0.5,0.00167768110987,0.0,0.0,0.0
527,2011-07-23 00:00:01,0.154247123924,0,0.211216464639,0.000260540778982,0.5,0.000260540778982,0.0,0.0,0.0
528,2011-07-23 01:00:01,0.189909662535,0,0.17363448441,0.00161403033417,0.5,0.00161403033417,0.0,0.0,0.0
529,2011-07-23 02:00:01,0.080703387575,0,0.133410528302,0.00331189320423,0.5,0.00331189320423,0.0,0.0,0.0
530,2011-07-23 03:00:01,0.0505934222121,0,0.111929111183,0.00339592830278,0.5,0.00339592830278,0.0,0.0,0.0
531,2011-07-23 04:00:01,0.199803503857,0,0.100938737392,0.0058411359787,0.5,0.0058411359787,0.0,0.0,0.0
532,2011-07-23 05:00:01,0.256666206812,0,0.0947916582227,0.0073681822978,0.5,0.0073681822978,0.0,0.0,0.0
533,2011-07-23 06:00:01,0.150711076079,0,0.106223985553,0.00595595408231,0.5,0.00595595408231,0.0,0.0,0.0
534,2011-07-23 07:00:01,0.304154914732,0,0.132448136806,0.00300589599647,0.5,0.00300589599647,0.0,0.0,0.0
535,2011-07-23 08:00:01,0.507439296246,0,0.170600295067,0.00527546275407,0.5,0.00527546275407,0.0,0.0,0.0
536,2011-07-23 09:00:01,0.481824148556,0,0.226852893829,0.0167544726282,0.5,0.0167544726282,0.0,0.0,0.0
537,2011-07-23 10:00:01,0.418659000466,0,0.312776148319,0.0188918355852,0.5,0.0188918355852,0.0,0.0,0.0
538,2011-07-23 11:00:01,0.459581121171,0,0.395249575377,0.0072205401957,0.5,0.0072205401957,0.0,0.0,0.0
539,2011-07-23 12:00:01,0.489326878032,0,0.439070284367,0.00187669647858,0.5,0.00187669647858,0.0,0.0,0.0
540,2011-07-23 13:00:01,0.45482961056,0,0.460412204266,0.0014376307372,0.5,0.0014376307372,0.0,0.0,0.0
541,2011-07-23 14:00:01,0.494370596883,0,0.478515267372,0.0019571154844,0.5,0.0019571154844,0.0,0.0,0.0
542,2011-07-23 15:00:01,0.428723675412,0,0.483374834061,0.000812669168226,0.5,0.000812669168226,0.0,0.0,0.0
543,2011-07-23 16:00:01,0.285980445635,0,0.469349592924,0.00154105562251,0.5,0.00154105562251,0.0,0.0,0.0
544,2011-07-23 17:00:01,0.213507272302,0,0.466940402985,0.0056610153988,0.5,0.0056610153988,0.0,0.0,0.0
545,2011-07-23 18:00:01,0.176139664155,0,0.43112179637,0.0115583930165,0.5,0.0115583930165,0.0,0.0,0.0
546,2011-07-23 19:00:01,0.168736244881,0,0.370594590902,0.0135956769809,0.5,0.0135956769809,0.0,0.0,0.0
547,2011-07-23 20:00:01,0.14189232817,0,0.30749168992,0.00946986675262,0.5,0.00946986675262,0.0,0.0,0.0
548,2011-07-23 21:00:01,0.118912719999,0,0.278818100691,0.00993866473436,0.5,0.00993866473436,0.0,0.0,0.0
549,2011-07-23 22:00:01,0.155216303103,0,0.243236631155,0.00912334024906,0.5,0.00912334024906,0.0,0.0,0.0
550,2011-07-23 23:00:01,0.112523936387,0,0.215564221144,0.00686388928443,0.5,0.00686388928443,0.0,0.0,0.0
551,2011-07-24 00:00:01,0.124627539737,0,0.183239549398,0.00486769527197,0.5,0.00486769527197,0.0,0.0,0.0
552,2011-07-24 01:00:01,0.0828679864422,0,0.171752512455,0.00486966595054,0.5,0.00486966595054,0.0,0.0,0.0
553,2011-07-24 02:00:01,0.042074680477,0,0.135037124157,0.00356835196726,0.5,0.00356835196726,0.0,0.0,0.0
554,2011-07-24 03:00:01,0.0120811502262,0,0.111008442938,0.00460945861414,0.00909029682487,0.00460945861414,0.0,0.0,0.0
555,2011-07-24 04:00:01,0.151364633348,0,0.106501579285,0.0087915090844,0.0174188884777,0.0087915090844,0.0,0.0,0.0
556,2011-07-24 05:00:01,0.189746677028,0,0.105052180588,0.00787525717169,0.0155941644371,0.00787525717169,0.0,0.0,0.0
557,2011-07-24 06:00:01,0.11519070187,0,0.124653048813,0.00700214551762,0.013855354615,0.00700214551762,0.0,0.0,0.0
558,2011-07-24 07:00:01,0.259760171136,0,0.154330164194,0.0065248128958,0.0129047423453,0.0065248128958,0.0,0.0,0.0
559,2011-07-24 08:00:01,0.398150079568,0,0.206288382411,0.00642054015771,0.0126970822364,0.00642054015771,0.0,0.0,0.0
560,2011-07-24 09:00:01,0.405581863627,0,0.218437477946,0.00931114889681,0.0184537559033,0.00931114889681,0.0,0.0,0.0
561,2011-07-24 10:00:01,0.423180220836,0,0.28773522377,0.0123005621135,0.0244071995885,0.0123005621135,0.0,0.0,0.0
562,2011-07-24 11:00:01,0.407349860987,0,0.379624277353,0.00478464830667,0.00943918869531,0.00478464830667,0.0,0.0,0.0
563,2011-07-24 12:00:01,0.390168699056,0,0.421148180962,0.000612854491919,0.00113102326552,0.000612854491919,0.0,0.0,0.0
564,2011-07-24 13:00:01,0.377459521559,0,0.410799473524,0.000421155331424,0.000749252639057,0.000421155331424,0.0,0.0,0.0
565,2011-07-24 14:00:01,0.551395993054,0,0.414271205664,0.000156381502165,0.000221953143292,0.000156381502165,0.0,0.0,0.0
566,2011-07-24 15:00:01,0.404923914471,0,0.414344459772,0.00814273301512,0.0161268450187,0.00814273301512,0.0,0.0,0.0
567,2011-07-24 16:00:01,0.274870870224,0,0.393437027931,0.0109781380743,0.0217735800536,0.0109781380743,0.0,0.0,0.0
568,2011-07-24 17:00:01,0.236065982521,0,0.37503182888,0.0105632571504,0.0209473409097,0.0105632571504,0.0,0.0,0.0
569,2011-07-24 18:00:01,0.217746591107,0,0.326179951429,0.015473078005,0.0307252939205,0.015473078005,0.0,0.0,0.0
570,2011-07-24 19:00:01,0.154390042891,0,0.255230009556,0.00584666896611,0.0115542125245,0.00584666896611,0.0,0.0,0.0
571,2011-07-24 20:00:01,0.140339531345,0,0.210866943002,0.00163666135632,0.00316994397332,0.00163666135632,0.0,0.0,0.0
572,2011-07-24 21:00:01,0.123323170866,0,0.193360388279,0.00176942534745,0.0034343446725,0.00176942534745,0.0,0.0,0.0
573,2011-07-24 22:00:01,0.135800499047,0,0.165051966906,0.00199736445211,0.00388828747829,0.00199736445211,0.0,0.0,0.0
574,2011-07-24 23:00:01,0.114527825925,0,0.140614315867,0.000973455957137,0.00184916437227,0.000973455957137,0.0,0.0,0.0
575,2011-07-25 00:00:01,0.102847806993,0,0.113504335284,0.000434275803855,0.000775382179565,0.000434275803855,0.0,0.0,0.0
576,2011-07-25 01:00:01,0.0474859809048,0,0.0991373211145,0.000595039746258,0.00109554503707,0.000595039746258,0.0,0.0,0.0
577,2011-07-25 02:00:01,0.0149828490413,0,0.0765676274896,0.00143315165769,0.00276465255246,0.00143315165769,0.0,0.0,0.0
578,2011-07-25 03:00:01,0.0,0,0.0598971098661,0.00254094647244,0.00497083602936,0.00254094647244,0.0,0.0,0.0
579,2011-07-25 04:00:01,0.101074573777,0,0.059774838388,0.00386412907392,0.00760596624794,0.00386412907392,0.0,0.0,0.0
580,2011-07-25 05:00:01,0.247170109172,0,0.067479595542,0.00511875934899,0.0101045738833,0.00511875934899,0.0,0.0,0.0
581,2011-07-25 06:00:01,0.202783338734,0,0.0820306390524,0.0109052415937,0.0216284060477,0.0109052415937,0.0,0.0,0.0
582,2011-07-25 07:00:01,0.274985848776,0,0.114174000919,0.00736439600587,0.0145767797662,0.00736439600587,0.0,0.0,0.0
583,2011-07-25 08:00:01,0.543162794635,0,0.147719219327,0.00473821163177,0.00934670963375,0.00473821163177,0.0,0.0,0.0
584,2011-07-25 09:00:01,0.383610309897,0,0.171281844378,0.0307172033936,0.0610841086617,0.0307172033936,0.0,0.0,0.0
585,2011-07-25 10:00:01,0.38890293342,0,0.24259762466,0.0200020484626,0.0397447798921,0.0200020484626,0.0,0.0,0.0
586,2011-07-25 11:00:01,0.42045102884,0,0.345213294029,0.0112697966397,0.0223544207465,0.0112697966397,0.0,0.0,0.0
587,2011-07-25 12:00:01,0.439656955198,0,0.406414628029,0.00501150079072,0.00989096748624,0.00501150079072,0.0,0.0,0.0
588,2011-07-25 13:00:01,0.443622058985,0,0.423989981413,0.00146996113472,0.00283795896166,0.00146996113472,0.0,0.0,0.0
589,2011-07-25 14:00:01,0.462683887164,0,0.430811703205,0.00186510127969,0.00362488416415,0.00186510127969,0.0,0.0,0.0
590,2011-07-25 15:00:01,0.479607874909,0,0.437619388103,0.00216612243094,0.00422437053223,0.00216612243094,0.0,0.0,0.0
591,2011-07-25 16:00:01,0.400252166182,0,0.412220358849,0.00571200530976,0.0112860286247,0.00571200530976,0.0,0.0,0.0
592,2011-07-25 17:00:01,0.279924554004,0,0.393294095993,0.00658676540479,0.0130281213319,0.00658676540479,0.0,0.0,0.0
593,2011-07-25 18:00:01,0.228197555675,0,0.361462205648,0.00843496248126,0.0167088226657,0.00843496248126,0.0,0.0,0.0
594,2011-07-25 19:00:01,0.222683665974,0,0.300837546587,0.0113009400666,0.0224164431652,0.0113009400666,0.0,0.0,0.0
595,2011-07-25 20:00:01,0.185825203302,0,0.260037451982,0.00530581874773,0.0104771043819,0.00530581874773,0.0,0.0,0.0
596,2011-07-25 21:00:01,0.209366498952,0,0.238210350275,0.000836928025819,0.00157726775189,0.000836928025819,0.0,0.0,0.0
597,2011-07-25 22:00:01,0.243324182215,0,0.206849634647,0.000491569982842,0.000889484059554,0.000491569982842,0.0,0.0,0.0
598,2011-07-25 23:00:01,0.225549090558,0,0.171681448817,0.00171652506106,0.00332899326969,0.00171652506106,0.0,0.0,0.0
599,2011-07-26 00:00:01,0.199375169707,0,0.146543681622,0.00253619160503,0.00496136666756,0.00253619160503,0.0,0.0,0.0
600,2011-07-26 01:00:01,0.115116843988,0,0.117721550167,0.00646227132529,0.0127801902372,0.00646227132529,0.0,0.0,0.0
601,2011-07-26 02:00:01,0.101633558151,0,0.0876572728157,0.0102403676137,0.0203043034527,0.0102403676137,0.0,0.0,0.0
602,2011-07-26 03:00:01,0.0753439112239,0,0.075150847435,0.00841623451561,0.0166715257513,0.00841623451561,0.0,0.0,0.0
603,2011-07-26 04:00:01,0.118976066716,0,0.073210708797,0.00438698241487,0.008647233445,0.00438698241487,0.0,0.0,0.0
604,2011-07-26 05:00:01,0.212052183453,0,0.0802542716265,0.00135748309549,0.00261395792072,0.00135748309549,0.0,0.0,0.0
605,2011-07-26 06:00:01,0.212052183453,0,0.104482375085,0.00267357844859,0.00523497381952,0.00267357844859,0.0,0.0,0.0
606,2011-07-26 07:00:01,0.228450712672,0,0.17222712934,0.00390925584361,0.00769583662135,0.00390925584361,0.0,0.0,0.0
607,2011-07-26 08:00:01,0.554760132684,0,0.257850199938,0.00915550254285,0.0181437847699,0.00915550254285,0.0,0.0,0.0
608,2011-07-26 09:00:01,0.418341525452,0,0.327690392733,0.0203043557703,0.0403468276525,0.0203043557703,0.0,0.0,0.0
609,2011-07-26 10:00:01,0.446299711126,0,0.394002467394,0.0209134351462,0.0415598147845,0.0209134351462,0.0,0.0,0.0
610,2011-07-26 11:00:01,0.393150190545,0,0.467691421509,0.0168810058385,0.0335291950415,0.0168810058385,0.0,0.0,0.0
611,2011-07-26 12:00:01,0.412857944476,0,0.51302677393,0.00575856491923,0.0113787525116,0.00575856491923,0.0,0.0,0.0
612,2011-07-26 13:00:01,0.343995647345,0,0.523648500443,0.00744486460462,0.0147370337145,0.00744486460462,0.0,0.0,0.0
613,2011-07-26 14:00:01,0.445257978232,0,0.529153287411,0.0121728312224,0.0241528223539,0.0121728312224,0.0,0.0,0.0
614,2011-07-26 15:00:01,0.415162951764,0,0.530902564526,0.0112520763651,0.022319130658,0.0112520763651,0.0,0.0,0.0
615,2011-07-26 16:00:01,0.274411495388,0,0.493558704853,0.00671452330425,0.0132825523539,0.00671452330425,0.0,0.0,0.0
616,2011-07-26 17:00:01,0.279119342732,0,0.456088215113,0.00877455249429,0.0173851192738,0.00877455249429,0.0,0.0,0.0
617,2011-07-26 18:00:01,0.317010141117,0,0.404261291027,0.0051004299894,0.0100680707965,0.0051004299894,0.0,0.0,0.0
618,2011-07-26 19:00:01,0.254558326243,0,0.341342896223,0.00276954565197,0.00542609338029,0.00276954565197,0.0,0.0,0.0
619,2011-07-26 20:00:01,0.203366165307,0,0.27719271183,0.000465548742795,0.000837662522682,0.000465548742795,0.0,0.0,0.0
620,2011-07-26 21:00:01,0.191526514606,0,0.238942220807,0.0020961270202,0.00408497403337,0.0020961270202,0.0,0.0,0.0
621,2011-07-26 22:00:01,0.216584439698,0,0.223477646708,0.00276758638211,0.00542219147648,0.00276758638211,0.0,0.0,0.0
622,2011-07-26 23:00:01,0.256451880067,0,0.19152867794,0.00128704693634,0.00247368366738,0.00128704693634,0.0,0.0,0.0
623,2011-07-27 00:00:01,0.221348465885,0,0.173664286733,0.00152615178376,0.00294986315171,0.00152615178376,0.0,0.0,0.0
624,2011-07-27 01:00:01,0.219103036941,0,0.149982154369,0.00253448355943,0.00495796507917,0.00253448355943,0.0,0.0,0.0
625,2011-07-27 02:00:01,0.166322881888,0,0.120711117983,0.00756317935884,0.0149726586266,0.00756317935884,0.0,0.0,0.0
626,2011-07-27 03:00:01,0.0844394474012,0,0.099205583334,0.0104804160073,0.0207823620179,0.0104804160073,0.0,0.0,0.0
627,2011-07-27 04:00:01,0.149319054724,0,0.0882935151458,0.0078759752214,0.0155955944396,0.0078759752214,0.0,0.0,0.0
628,2011-07-27 05:00:01,0.405285259546,0,0.0832662284374,0.00689470209181,0.0136413800526,0.00689470209181,0.0,0.0,0.0
629,2011-07-27 06:00:01,0.245886160243,0,0.0824579074979,0.0259328000247,0.0515559257179,0.0259328000247,0.0,0.0,0.0
630,2011-07-27 07:00:01,0.295776929855,0,0.0992833226919,0.0200173612684,0.0397752754844,0.0200173612684,0.0,0.0,0.0
631,2011-07-27 08:00:01,0.487465159019,0,0.12421412766,0.0229621529579,0.0456398549913,0.0229621529579,0.0,0.0,0.0
632,2011-07-27 09:00:01,0.35926307571,0,0.163489714265,0.0349393598735,0.0694925717986,0.0349393598735,0.0,0.0,0.0
633,2011-07-27 10:00:01,0.436182377548,0,0.223039314151,0.0138460267335,0.0274850064742,0.0138460267335,0.0,0.0,0.0
634,2011-07-27 11:00:01,0.460622442336,0,0.300812214613,0.0107796462253,0.021378281726,0.0107796462253,0.0,0.0,0.0
635,2011-07-27 12:00:01,0.416794606579,0,0.348999083042,0.00845690630376,0.0167525239884,0.00845690630376,0.0,0.0,0.0
636,2011-07-27 13:00:01,0.440537988263,0,0.376625210047,0.00324130570516,0.00636560782877,0.00324130570516,0.0,0.0,0.0
637,2011-07-27 14:00:01,0.470557791687,0,0.378588974476,0.00400889199227,0.00789426292012,0.00400889199227,0.0,0.0,0.0
638,2011-07-27 15:00:01,0.422496622122,0,0.403959393501,0.00320586492307,0.00629502718802,0.00320586492307,0.0,0.0,0.0
639,2011-07-27 16:00:01,0.415056361004,0,0.385898530483,0.00393221573904,0.0077415614625,0.00393221573904,0.0,0.0,0.0
640,2011-07-27 17:00:01,0.388076448882,0,0.382978647947,0.0040386505425,0.0079535273443,0.0040386505425,0.0,0.0,0.0
641,2011-07-27 18:00:01,0.326597510972,0,0.380087256432,0.00342475390062,0.00673094658311,0.00342475390062,0.0,0.0,0.0
642,2011-07-27 19:00:01,0.305592144208,0,0.35742110014,0.00267311022617,0.00523404135029,0.00267311022617,0.0,0.0,0.0
643,2011-07-27 20:00:01,0.326107149619,0,0.317550450563,0.00381156476215,0.00750128394165,0.00381156476215,0.0,0.0,0.0
644,2011-07-27 21:00:01,0.334357949219,0,0.289324164391,0.00351843051612,0.00691750441725,0.00351843051612,0.0,0.0,0.0
645,2011-07-27 22:00:01,0.386709685576,0,0.271335452795,0.0029087299481,0.00570328017543,0.0029087299481,0.0,0.0,0.0
646,2011-07-27 23:00:01,0.302684806956,0,0.247613310814,0.00782204512507,0.0154881921609,0.00782204512507,0.0,0.0,0.0
647,2011-07-28 00:00:01,0.259985083082,0,0.243587821722,0.00739313382655,0.0146340113982,0.00739313382655,0.0,0.0,0.0
648,2011-07-28 01:00:01,0.296208024158,0,0.247505173087,0.0064355856739,0.0127270455191,0.0064355856739,0.0,0.0,0.0
649,2011-07-28 02:00:01,0.239590782123,0,0.240446791053,0.00634764553979,0.01255191194,0.00634764553979,0.0,0.0,0.0
650,2011-07-28 03:00:01,0.217902347855,0,0.233657598495,0.00153801753186,0.00297349389726,0.00153801753186,0.0,0.0,0.0
651,2011-07-28 04:00:01,0.257930313702,0,0.238172098994,0.00211375998333,0.00412009024027,0.00211375998333,0.0,0.0,0.0
652,2011-07-28 05:00:01,0.418735089521,0,0.233079344034,0.00211491715163,0.00412239475149,0.00211491715163,0.0,0.0,0.0
653,2011-07-28 06:00:01,0.268041331458,0,0.258337318897,0.00496228504926,0.00979295388827,0.00496228504926,0.0,0.0,0.0
654,2011-07-28 07:00:01,0.175615429707,0,0.298253536224,0.00511501636356,0.0100971196936,0.00511501636356,0.0,0.0,0.0
655,2011-07-28 08:00:01,0.465355114361,0,0.376240611076,0.0212797671556,0.0422893683223,0.0212797671556,0.0,0.0,0.0
656,2011-07-28 09:00:01,0.434324079552,0,0.423170477152,0.0219952668995,0.0437142925877,0.0219952668995,0.0,0.0,0.0
657,2011-07-28 10:00:01,0.48866780609,0,0.436091661453,0.0242924131453,0.0482890802867,0.0242924131453,0.0,0.0,0.0
658,2011-07-28 11:00:01,0.406233033831,0,0.463279873133,0.0208094269037,0.041352681421,0.0208094269037,0.0,0.0,0.0
659,2011-07-28 12:00:01,0.376220306269,0,0.502323329449,0.00393008021638,0.00773730854964,0.00393008021638,0.0,0.0,0.0
660,2011-07-28 13:00:01,0.387713867522,0,0.497349739075,0.00571339856833,0.0112888033118,0.00571339856833,0.0,0.0,0.0
661,2011-07-28 14:00:01,0.461872018548,0,0.503477573395,0.00698531139642,0.0138218293091,0.00698531139642,0.0,0.0,0.0
662,2011-07-28 15:00:01,0.457401401756,0,0.511163294315,0.00846987869591,0.0167783586256,0.00846987869591,0.0,0.0,0.0
663,2011-07-28 16:00:01,0.457401401756,0,0.490805476904,0.00552229303867,0.0109082149066,0.00552229303867,0.0,0.0,0.0
664,2011-07-28 17:00:01,0.457401401756,0,0.483602583408,0.00241261371411,0.00471526017074,0.00241261371411,0.0,0.0,0.0
665,2011-07-28 18:00:01,0.309138229469,0,0.464588820934,0.000352002156433,0.00061153346037,0.000352002156433,0.0,0.0,0.0
666,2011-07-28 19:00:01,0.266785496631,0,0.42777889967,0.0040850462392,0.00804592479741,0.0040850462392,0.0,0.0,0.0
667,2011-07-28 20:00:01,0.31579652101,0,0.3816447258,0.00658839149401,0.0130313597034,0.00658839149401,0.0,0.0,0.0
668,2011-07-28 21:00:01,0.353165878672,0,0.361232042313,0.00462481239811,0.00912087402567,0.00462481239811,0.0,0.0,0.0
669,2011-07-28 22:00:01,0.268963443769,0,0.341025710106,0.00164623605087,0.00318901206486,0.00164623605087,0.0,0.0,0.0
670,2011-07-28 23:00:01,0.231313676097,0,0.321083664894,0.00155950314365,0.00301628268911,0.00155950314365,0.0,0.0,0.0
671,2011-07-29 00:00:01,0.233447846107,0,0.31298032403,0.00270581850782,0.0052991801915,0.00270581850782,0.0,0.0,0.0
672,2011-07-29 01:00:01,0.227311772274,0,0.294680595398,0.00374997034669,0.00737861810151,0.00374997034669,0.0,0.0,0.0
673,2011-07-29 02:00:01,0.232318730847,0,0.262595027685,0.0019140902441,0.00372244613356,0.0019140902441,0.0,0.0,0.0
674,2011-07-29 03:00:01,0.20419813737,0,0.250402152538,0.00137619068846,0.00265121426274,0.00137619068846,0.0,0.0,0.0
675,2011-07-29 04:00:01,0.228186677559,0,0.243167221546,0.00163243338466,0.0031615239292,0.00163243338466,0.0,0.0,0.0
676,2011-07-29 05:00:01,0.314518177784,0,0.228174328804,0.001065904391,0.00203327627146,0.001065904391,0.0,0.0,0.0
677,2011-07-29 06:00:01,0.258283170674,0,0.223829209805,0.00166492548306,0.0032262322395,0.00166492548306,0.0,0.0,0.0
678,2011-07-29 07:00:01,0.347279117253,0,0.218904286623,0.000809702207334,0.00152304728607,0.000809702207334,0.0,0.0,0.0
679,2011-07-29 08:00:01,0.647139441917,0,0.234896019101,0.00324208475649,0.00636715931661,0.00324208475649,0.0,0.0,0.0
680,2011-07-29 09:00:01,0.460852213961,0,0.250701963902,0.0362846069038,0.0721716435283,0.0362846069038,0.0,0.0,0.0
681,2011-07-29 10:00:01,0.530148803241,0,0.278335928917,0.0357737764716,0.0711543200638,0.0357737764716,0.0,0.0,0.0
682,2011-07-29 11:00:01,0.440984649466,0,0.317206412554,0.0401901602745,0.0799495886856,0.0401901602745,0.0,0.0,0.0
683,2011-07-29 12:00:01,0.511160651325,0,0.367315530777,0.0293719209731,0.058404966452,0.0293719209731,0.0,0.0,0.0
684,2011-07-29 13:00:01,0.479686715031,0,0.385413497686,0.0113329757005,0.0224802424224,0.0113329757005,0.0,0.0,0.0
685,2011-07-29 14:00:01,0.455823202008,0,0.395660758018,0.0106187127531,0.0210577812483,0.0106187127531,0.0,0.0,0.0
686,2011-07-29 15:00:01,0.431318338917,0,0.432312548161,0.00304409232922,0.00597285559195,0.00304409232922,0.0,0.0,0.0
687,2011-07-29 16:00:01,0.294588466742,0,0.44160464406,0.0019951404538,0.00388385836538,0.0019951404538,0.0,0.0,0.0
688,2011-07-29 17:00:01,0.286951340546,0,0.456546038389,0.00577718019485,0.0114158250028,0.00577718019485,0.0,0.0,0.0
689,2011-07-29 18:00:01,0.25006012604,0,0.464452981949,0.0108281970024,0.0214749710414,0.0108281970024,0.0,0.0,0.0
690,2011-07-29 19:00:01,0.260825971226,0,0.438697755337,0.0155624980107,0.0309033746773,0.0155624980107,0.0,0.0,0.0
691,2011-07-29 20:00:01,0.288810828207,0,0.410267800093,0.0155280455947,0.0308347623767,0.0155280455947,0.0,0.0,0.0
692,2011-07-29 21:00:01,0.322696305093,0,0.385489434004,0.0105753559619,0.0209714358033,0.0105753559619,0.0,0.0,0.0
693,2011-07-29 22:00:01,0.32876106603,0,0.365415513515,0.00677435146645,0.0134017006846,0.00677435146645,0.0,0.0,0.0
694,2011-07-29 23:00:01,0.372069015268,0,0.325199633837,0.00134275166783,0.00258462014819,0.00134275166783,0.0,0.0,0.0
695,2011-07-30 00:00:01,0.309439621095,0,0.3087195158,0.00131356657948,0.00252649777856,0.00131356657948,0.0,0.0,0.0
696,2011-07-30 01:00:01,0.264895673659,0,0.278877437115,0.00244424631819,0.00477825679026,0.00244424631819,0.0,0.0,0.0
697,2011-07-30 02:00:01,0.230564656114,0,0.258436173201,0.00425046496093,0.00837535769041,0.00425046496093,0.0,0.0,0.0
698,2011-07-30 03:00:01,0.236462502024,0,0.254191190004,0.00463203433901,0.00913525658685,0.00463203433901,0.0,0.0,0.0
699,2011-07-30 04:00:01,0.227387610182,0,0.25711530447,0.00207543070428,0.00404375713147,0.00207543070428,0.0,0.0,0.0
700,2011-07-30 05:00:01,0.207943070958,0,0.243878245354,0.0011506115552,0.00220197136152,0.0011506115552,0.0,0.0,0.0
701,2011-07-30 06:00:01,0.340309016122,0,0.247672781348,0.00202331179753,0.00393996185334,0.00202331179753,0.0,0.0,0.0
702,2011-07-30 07:00:01,0.335513019328,0,0.266714930534,0.00366511219181,0.00720962231215,0.00366511219181,0.0,0.0,0.0
703,2011-07-30 08:00:01,0.517726483801,0,0.294976532459,0.0034757934045,0.0068325922206,0.0034757934045,0.0,0.0,0.0
704,2011-07-30 09:00:01,0.42286218004,0,0.330903291702,0.0106783369556,0.0211765233915,0.0106783369556,0.0,0.0,0.0
705,2011-07-30 10:00:01,0.358322393838,0,0.359062433243,0.0061000585556,0.0120588402029,0.0061000585556,0.0,0.0,0.0
706,2011-07-30 11:00:01,0.449882478885,0,0.414388448,0.00527735054493,0.0104204096964,0.00527735054493,0.0,0.0,0.0
707,2011-07-30 12:00:01,0.43398075848,0,0.443651556969,0.00245507084765,0.00479981393939,0.00245507084765,0.0,0.0,0.0
708,2011-07-30 13:00:01,0.494168201912,0,0.460986673832,0.00283192330971,0.00555031905458,0.00283192330971,0.0,0.0,0.0
709,2011-07-30 14:00:01,0.443260706506,0,0.465943604708,0.0035718975123,0.00702398442777,0.0035718975123,0.0,0.0,0.0
710,2011-07-30 15:00:01,0.417467888676,0,0.47314786911,0.00145958829671,0.00281730136017,0.00145958829671,0.0,0.0,0.0
711,2011-07-30 16:00:01,0.331143912671,0,0.456184208393,0.000895144068636,0.0016932055321,0.000895144068636,0.0,0.0,0.0
712,2011-07-30 17:00:01,0.300851193036,0,0.431401997805,0.00260235602036,0.00509313370413,0.00260235602036,0.0,0.0,0.0
713,2011-07-30 18:00:01,0.319922322244,0,0.40235248208,0.00256517715752,0.0050190916597,0.00256517715752,0.0,0.0,0.0
714,2011-07-30 19:00:01,0.285523891164,0,0.35892611742,0.00154280429706,0.00298302678382,0.00154280429706,0.0,0.0,0.0
715,2011-07-30 20:00:01,0.268256431636,0,0.32469317317,0.000271108467132,0.000450432940358,0.000271108467132,0.0,0.0,0.0
716,2011-07-30 21:00:01,0.260444278658,0,0.28954064846,0.000305654364638,0.000519231410308,0.000305654364638,0.0,0.0,0.0
717,2011-07-30 22:00:01,0.276763044093,0,0.283826351166,0.000415946298745,0.000738878802969,0.000415946298745,0.0,0.0,0.0
718,2011-07-30 23:00:01,0.287162002862,0,0.273402422667,0.000173546999577,0.000256138387939,0.000173546999577,0.0,0.0,0.0
719,2011-07-31 00:00:01,0.269121573794,0,0.279282003641,0.000195592583623,0.000300042369628,0.000195592583623,0.0,0.0,0.0
720,2011-07-31 01:00:01,0.206286594549,0,0.270144641399,4.4962442189e-05,1.99146958155e-05,4.4962442189e-05,0.0,0.0,0.0
721,2011-07-31 02:00:01,0.181772453441,0,0.26276743412,0.00149475748185,0.00290713741678,0.00149475748185,0.0,0.0,0.0
722,2011-07-31 03:00:01,0.141694754537,0,0.256602615118,0.00414808327332,0.00819115502043,0.00414808327332,0.0,0.0,0.0
723,2011-07-31 04:00:01,0.166655731856,0,0.250077068806,0.00777950836346,0.0154230276251,0.00777950836346,0.0,0.0,0.0
724,2011-07-31 05:00:01,0.171233645905,0,0.238681733608,0.00849752128124,0.01685292851,0.00849752128124,0.0,0.0,0.0
725,2011-07-31 06:00:01,0.220632927683,0,0.234365984797,0.0084181400016,0.0166948431063,0.0084181400016,0.0,0.0,0.0
726,2011-07-31 07:00:01,0.284942434017,0,0.247122555971,0.00895200390369,0.017758016828,0.00895200390369,0.0,0.0,0.0
727,2011-07-31 08:00:01,0.475450678091,0,0.25079959631,0.00494206091389,0.00977233734006,0.00494206091389,0.0,0.0,0.0
728,2011-07-31 09:00:01,0.456813855456,0,0.29135197401,0.0123102553189,0.0244458723685,0.0123102553189,0.0,0.0,0.0
729,2011-07-31 10:00:01,0.33427139738,0,0.320267379284,0.0119610512629,0.0237504431133,0.0119610512629,0.0,0.0,0.0
730,2011-07-31 11:00:01,0.363331536106,0,0.339563548565,0.00866711512208,0.0171906694853,0.00866711512208,0.0,0.0,0.0
731,2011-07-31 12:00:01,0.348237733516,0,0.354037642479,0.00649347202852,0.0128619253833,0.00649347202852,0.0,0.0,0.0
732,2011-07-31 13:00:01,0.369785293055,0,0.377672314644,0.00200661364943,0.00392648340464,0.00200661364943,0.0,0.0,0.0
733,2011-07-31 14:00:01,0.445986551051,0,0.399254798889,0.00139598920941,0.0027104434066,0.00139598920941,0.0,0.0,0.0
734,2011-07-31 15:00:01,0.394795290702,0,0.416596919298,0.00259681907482,0.00510185955618,0.00259681907482,0.0,0.0,0.0
735,2011-07-31 16:00:01,0.383319427943,0,0.421965450048,0.00285054207779,0.00560714119874,0.00285054207779,0.0,0.0,0.0
736,2011-07-31 17:00:01,0.347239778519,0,0.39532199502,0.0012468919158,0.00241352068167,0.0012468919158,0.0,0.0,0.0
737,2011-07-31 18:00:01,0.300689794992,0,0.368622481823,0.00211344729178,0.00413923935366,0.00211344729178,0.0,0.0,0.0
738,2011-07-31 19:00:01,0.309505729183,0,0.320634305477,0.00280498224311,0.00551641017381,0.00280498224311,0.0,0.0,0.0
739,2011-07-31 20:00:01,0.292326036535,0,0.297594428062,0.00276985228993,0.00544644994066,0.00276985228993,0.0,0.0,0.0
740,2011-07-31 21:00:01,0.281401176285,0,0.277149647474,0.00211226707324,0.00413688898436,0.00211226707324,0.0,0.0,0.0
741,2011-07-31 22:00:01,0.297724080877,0,0.269663870335,0.00120764982421,0.00233537124996,0.00120764982421,0.0,0.0,0.0
742,2011-07-31 23:00:01,0.27056084294,0,0.261254221201,0.00172853772528,0.00337270366035,0.00172853772528,0.0,0.0,0.0
743,2011-08-01 00:00:01,0.288466306086,0,0.25478631258,0.00111678591929,0.00215441854726,0.00111678591929,0.0,0.0,0.0
744,2011-08-01 01:00:01,0.260147755144,0,0.239628478885,0.00172425480559,0.00336417435606,0.00172425480559,0.0,0.0,0.0
745,2011-08-01 02:00:01,0.289419325643,0,0.216077357531,0.00267441174947,0.00525638300748,0.00267441174947,0.0,0.0,0.0
746,2011-08-01 03:00:01,0.150381591631,0,0.201500892639,0.00372149050236,0.00734160849335,0.00372149050236,0.0,0.0,0.0
747,2011-08-01 04:00:01,0.229730719323,0,0.188748583198,0.00510687800124,0.010100565556,0.00510687800124,0.0,0.0,0.0
748,2011-08-01 05:00:01,0.279597208072,0,0.176096484065,0.0059133102186,0.0117065507865,0.0059133102186,0.0,0.0,0.0
749,2011-08-01 06:00:01,0.28658795128,0,0.165334135294,0.00595436710864,0.0117883143341,0.00595436710864,0.0,0.0,0.0
750,2011-08-01 07:00:01,0.320263489215,0,0.170939862728,0.0030198097229,0.0059442325651,0.0030198097229,0.0,0.0,0.0
751,2011-08-01 08:00:01,0.544596552803,0,0.182146862149,0.00544820120558,0.010780300335,0.00544820120558,0.0,0.0,0.0
752,2011-08-01 09:00:01,0.49629957814,0,0.236599504948,0.0202642586082,0.0402860279708,0.0202642586082,0.0,0.0,0.0
753,2011-08-01 10:00:01,0.471470135057,0,0.301459610462,0.019184095785,0.0381349165653,0.019184095785,0.0,0.0,0.0
754,2011-08-01 11:00:01,0.501650330773,0,0.346748828888,0.0177325755358,0.0352442581419,0.0177325755358,0.0,0.0,0.0
755,2011-08-01 12:00:01,0.394512573279,0,0.377944946289,0.0161789339036,0.0321502280907,0.0161789339036,0.0,0.0,0.0
756,2011-08-01 13:00:01,0.424964360063,0,0.397343873978,0.00710034230724,0.0140704890833,0.00710034230724,0.0,0.0,0.0
757,2011-08-01 14:00:01,0.441245182348,0,0.426759779453,0.00198468379676,0.00388281077013,0.00198468379676,0.0,0.0,0.0
758,2011-08-01 15:00:01,0.428867477232,0,0.453897088766,0.00135895528365,0.00263669146996,0.00135895528365,0.0,0.0,0.0
759,2011-08-01 16:00:01,0.363703947467,0,0.470231354237,0.00199623615481,0.00390581693977,0.00199623615481,0.0,0.0,0.0
760,2011-08-01 17:00:01,0.397495282299,0,0.462626755238,0.0019998960197,0.00391310544937,0.0019998960197,0.0,0.0,0.0
761,2011-08-01 18:00:01,0.293561297198,0,0.46273073554,0.00149570498616,0.00290902434278,0.00149570498616,0.0,0.0,0.0
762,2011-08-01 19:00:01,0.302554319586,0,0.4259070158,0.00387649144977,0.00765028816524,0.00387649144977,0.0,0.0,0.0
763,2011-08-01 20:00:01,0.275778877732,0,0.396128743887,0.00308611802757,0.00607628353685,0.00308611802757,0.0,0.0,0.0
764,2011-08-01 21:00:01,0.306660637958,0,0.374085128307,0.00334696890786,0.00659576013028,0.00334696890786,0.0,0.0,0.0
765,2011-08-01 22:00:01,0.344083167186,0,0.356449276209,0.0024158123415,0.0047413901527,0.0024158123415,0.0,0.0,0.0
766,2011-08-01 23:00:01,0.360177517805,0,0.33922675252,0.00144417653792,0.00280640700553,0.00144417653792,0.0,0.0,0.0
767,2011-08-02 00:00:01,0.311131792311,0,0.334316164255,0.00166694168001,0.00325003700985,0.00166694168001,0.0,0.0,0.0
768,2011-08-02 01:00:01,0.289800284795,0,0.316883504391,0.000637001125142,0.00119894172402,0.000637001125142,0.0,0.0,0.0
769,2011-08-02 02:00:01,0.305872131725,0,0.301400750875,0.00136545393616,0.00264963333875,0.00136545393616,0.0,0.0,0.0
770,2011-08-02 03:00:01,0.198105231393,0,0.305649757385,0.00109074823558,0.00210256529218,0.00109074823558,0.0,0.0,0.0
771,2011-08-02 04:00:01,0.282035032413,0,0.304572850466,0.00405490072444,0.00800558480881,0.00405490072444,0.0,0.0,0.0
772,2011-08-02 05:00:01,0.329665392251,0,0.296680510044,0.00400787359104,0.00791193170312,0.00400787359104,0.0,0.0,0.0
773,2011-08-02 06:00:01,0.311557537477,0,0.281922519207,0.00264357565902,0.00519497387135,0.00264357565902,0.0,0.0,0.0
774,2011-08-02 07:00:01,0.448570379668,0,0.303683638573,0.00305567495525,0.00601565708436,0.00305567495525,0.0,0.0,0.0
775,2011-08-02 08:00:01,0.619068739372,0,0.31099024415,0.0035608781036,0.0070217537868,0.0035608781036,0.0,0.0,0.0
776,2011-08-02 09:00:01,0.471349672829,0,0.363920658827,0.016585662961,0.0329602166365,0.016585662961,0.0,0.0,0.0
777,2011-08-02 10:00:01,0.474948960948,0,0.400560259819,0.0150056658313,0.0298137004137,0.0150056658313,0.0,0.0,0.0
778,2011-08-02 11:00:01,0.517653773056,0,0.45672005415,0.0074241515249,0.0147153452905,0.0074241515249,0.0,0.0,0.0
779,2011-08-02 12:00:01,0.477221304452,0,0.495774626732,0.00427671242505,0.00844731606341,0.00427671242505,0.0,0.0,0.0
780,2011-08-02 13:00:01,0.470586877881,0,0.507406592369,0.00125116459094,0.00242202958425,0.00125116459094,0.0,0.0,0.0
781,2011-08-02 14:00:01,0.554727997539,0,0.506663441658,0.000450151681434,0.000826836740543,0.000450151681434,0.0,0.0,0.0
782,2011-08-02 15:00:01,0.488480227847,0,0.514423966408,0.00142933044117,0.00277684145545,0.00142933044117,0.0,0.0,0.0
783,2011-08-02 16:00:01,0.466248450504,0,0.50071310997,0.00267498102039,0.00525751669321,0.00267498102039,0.0,0.0,0.0
784,2011-08-02 17:00:01,0.376415612588,0,0.482592195272,0.00218612118624,0.00428396720386,0.00218612118624,0.0,0.0,0.0
785,2011-08-02 18:00:01,0.353070961009,0,0.471080899239,0.00355140701868,0.00700289240927,0.00355140701868,0.0,0.0,0.0
786,2011-08-02 19:00:01,0.361324022309,0,0.427673488855,0.00259321904741,0.0050946902111,0.00259321904741,0.0,0.0,0.0
787,2011-08-02 20:00:01,0.386426120338,0,0.396065086126,0.00156994874123,0.00305687852264,0.00156994874123,0.0,0.0,0.0
788,2011-08-02 21:00:01,0.382961559434,0,0.377133339643,0.00023309738026,0.00039457970221,0.00023309738026,0.0,0.0,0.0
789,2011-08-02 22:00:01,0.386474080907,0,0.36327239871,0.000636091164779,0.00119712956563,0.000636091164779,0.0,0.0,0.0
790,2011-08-02 23:00:01,0.328015716666,0,0.344034016132,0.00146961538121,0.00285706768814,0.00146961538121,0.0,0.0,0.0
791,2011-08-03 00:00:01,0.320555348006,0,0.348726779222,0.00108625832945,0.00209362378069,0.00108625832945,0.0,0.0,0.0
792,2011-08-03 01:00:01,0.282533377697,0,0.34273904562,0.00142097717617,0.00276020618229,0.00142097717617,0.0,0.0,0.0
793,2011-08-03 02:00:01,0.225142230751,0,0.341308325529,0.00271853827871,0.00534425964822,0.00271853827871,0.0,0.0,0.0
794,2011-08-03 03:00:01,0.18663210247,0,0.356167107821,0.00926667451859,0.0183846737858,0.00926667451859,0.0,0.0,0.0
795,2011-08-03 04:00:01,0.231416413252,0,0.34910774231,0.0169692989439,0.0337242160268,0.0169692989439,0.0,0.0,0.0
796,2011-08-03 05:00:01,0.304978678722,0,0.324590653181,0.0152196949348,0.030239932863,0.0152196949348,0.0,0.0,0.0
797,2011-08-03 06:00:01,0.263072395706,0,0.321395337582,0.0122776068747,0.0243808539851,0.0122776068747,0.0,0.0,0.0
798,2011-08-03 07:00:01,0.432516421694,0,0.332015067339,0.0122975083068,0.0244204870817,0.0122975083068,0.0,0.0,0.0
799,2011-08-03 08:00:01,0.542895534494,0,0.355245441198,0.00882943719625,0.0175139289584,0.00882943719625,0.0,0.0,0.0
800,2011-08-03 09:00:01,0.56867471259,0,0.393483310938,0.0106112128124,0.021062280899,0.0106112128124,0.0,0.0,0.0
801,2011-08-03 10:00:01,0.527888057714,0,0.435100257397,0.014227764681,0.0282645339355,0.014227764681,0.0,0.0,0.0
802,2011-08-03 11:00:01,0.359294446401,0,0.470364153385,0.00634169811383,0.0125596722489,0.00634169811383,0.0,0.0,0.0
803,2011-08-03 12:00:01,0.401555443933,0,0.496060192585,0.00688647665083,0.0136445821341,0.00688647665083,0.0,0.0,0.0
804,2011-08-03 13:00:01,0.478337628957,0,0.490372419357,0.00557212997228,0.0110271007041,0.00557212997228,0.0,0.0,0.0
805,2011-08-03 14:00:01,0.460018446193,0,0.501910328865,0.00549828354269,0.0108800377859,0.00549828354269,0.0,0.0,0.0
806,2011-08-03 15:00:01,0.522466770037,0,0.512741625309,0.00855741742998,0.0169722098683,0.00855741742998,0.0,0.0,0.0
807,2011-08-03 16:00:01,0.467163017109,0,0.498169928789,0.00311252521351,0.00612887264439,0.00311252521351,0.0,0.0,0.0
808,2011-08-03 17:00:01,0.379437149141,0,0.483037114143,0.00185578269884,0.00362610815459,0.00185578269884,0.0,0.0,0.0
809,2011-08-03 18:00:01,0.329880531202,0,0.43733716011,0.0035355782602,0.00697136991825,0.0035355782602,0.0,0.0,0.0
810,2011-08-03 19:00:01,0.41873118392,0,0.382950395346,0.00727882934734,0.0144259405944,0.00727882934734,0.0,0.0,0.0
811,2011-08-03 20:00:01,0.325076486786,0,0.354850292206,0.00510798115283,0.0101027624489,0.00510798115283,0.0,0.0,0.0
812,2011-08-03 21:00:01,0.31457565324,0,0.348031282425,0.00223349244334,0.00437830562141,0.00223349244334,0.0,0.0,0.0
813,2011-08-03 22:00:01,0.293147370846,0,0.344453305006,0.00159478327259,0.00310633573642,0.00159478327259,0.0,0.0,0.0
814,2011-08-03 23:00:01,0.206811274332,0,0.340973854065,0.00173629622441,0.00338815447535,0.00173629622441,0.0,0.0,0.0
815,2011-08-04 00:00:01,0.143539005053,0,0.332423865795,0.00335846655071,0.00661865733627,0.00335846655071,0.0,0.0,0.0
816,2011-08-04 01:00:01,0.130965177264,0,0.314522027969,0.010911216028,0.0216597281774,0.010911216028,0.0,0.0,0.0
817,2011-08-04 02:00:01,0.103019093901,0,0.282874256372,0.0159305613488,0.031655601703,0.0159305613488,0.0,0.0,0.0
818,2011-08-04 03:00:01,0.083706438274,0,0.257398635149,0.0200408883393,0.0398411928748,0.0200408883393,0.0,0.0,0.0
819,2011-08-04 04:00:01,0.180263648919,0,0.229992002249,0.0206166766584,0.0409878577977,0.0206166766584,0.0,0.0,0.0
820,2011-08-04 05:00:01,0.319823446145,0,0.206106022,0.0132215991616,0.0262607859097,0.0132215991616,0.0,0.0,0.0
821,2011-08-04 06:00:01,0.263130501664,0,0.193099111319,0.00932738091797,0.0185055687335,0.00932738091797,0.0,0.0,0.0
822,2011-08-04 07:00:01,0.488324535284,0,0.181935220957,0.00451636780053,0.00892458245373,0.00451636780053,0.0,0.0,0.0
823,2011-08-04 08:00:01,0.83034406653,0,0.197998076677,0.0191589705646,0.0380848804531,0.0191589705646,0.0,0.0,0.0
824,2011-08-04 09:00:01,0.643127374291,0,0.230735301971,0.0919700264931,0.183085883535,0.0919700264931,0.0,0.0,0.0
825,2011-08-04 10:00:01,0.446222972715,0,0.327227145433,0.0869289338589,0.173046700896,0.0869289338589,0.0,0.0,0.0
826,2011-08-04 11:00:01,0.476830715905,0,0.408928841352,0.0605846829712,0.120582926605,0.0605846829712,0.0,0.0,0.0
827,2011-08-04 12:00:01,0.459681494807,0,0.458750218153,0.0433804132044,0.0863211466915,0.0433804132044,0.0,0.0,0.0
828,2011-08-04 13:00:01,0.439380277621,0,0.490479767323,0.00640034489334,0.0126764655264,0.00640034489334,0.0,0.0,0.0
829,2011-08-04 14:00:01,0.451086663455,0,0.518090605736,0.00237373332493,0.00465759107119,0.00237373332493,0.0,0.0,0.0
830,2011-08-04 15:00:01,0.42407784999,0,0.53823018074,0.00363351218402,0.00716640234855,0.00363351218402,0.0,0.0,0.0
831,2011-08-04 16:00:01,0.452261398411,0,0.516313135624,0.0033530308865,0.00660783237634,0.0033530308865,0.0,0.0,0.0
832,2011-08-04 17:00:01,0.404906437839,0,0.504776656628,0.00215921225026,0.00423037887639,0.00215921225026,0.0,0.0,0.0
833,2011-08-04 18:00:01,0.319723292044,0,0.469091504812,0.000783145194873,0.00148998319341,0.000783145194873,0.0,0.0,0.0
834,2011-08-04 19:00:01,0.336612881226,0,0.411024034023,0.00176742998883,0.00345015642016,0.00176742998883,0.0,0.0,0.0
835,2011-08-04 20:00:01,0.31776374006,0,0.385134518147,0.00174530909862,0.00340610334019,0.00174530909862,0.0,0.0,0.0
836,2011-08-04 21:00:01,0.337209748336,0,0.378510415554,0.000873966200743,0.00167085046396,0.000873966200743,0.0,0.0,0.0
837,2011-08-04 22:00:01,0.35628572659,0,0.358109354973,0.000537379819434,0.00100054892402,0.000537379819434,0.0,0.0,0.0
838,2011-08-04 23:00:01,0.346803283408,0,0.345439106226,0.000710797088686,0.00134590414066,0.000710797088686,0.0,0.0,0.0
839,2011-08-05 00:00:01,0.284266730403,0,0.304030418396,0.00157399568707,0.00306493789217,0.00157399568707,0.0,0.0,0.0
840,2011-08-05 01:00:01,0.197050981795,0,0.256112515926,0.00447774678469,0.00884766987546,0.00447774678469,0.0,0.0,0.0
841,2011-08-05 02:00:01,0.179815934401,0,0.217477247119,0.00899727083743,0.0178481645496,0.00899727083743,0.0,0.0,0.0
842,2011-08-05 03:00:01,0.19334781168,0,0.195300102234,0.00911326427013,0.0180791619425,0.00911326427013,0.0,0.0,0.0
843,2011-08-05 04:00:01,0.207317190471,0,0.184867337346,0.00372900418006,0.00735657175394,0.00372900418006,0.0,0.0,0.0
844,2011-08-05 05:00:01,0.409969551107,0,0.17493852973,0.000406231090892,0.000739370220475,0.000406231090892,0.0,0.0,0.0
845,2011-08-05 06:00:01,0.344501584805,0,0.182900831103,0.0104797976092,0.0208005715193,0.0104797976092,0.0,0.0,0.0
846,2011-08-05 07:00:01,0.4743395465,0,0.222248673439,0.00617760652676,0.0122328888447,0.00617760652676,0.0,0.0,0.0
847,2011-08-05 08:00:01,0.716396802688,0,0.312826007605,0.00856302399188,0.0169833751658,0.00856302399188,0.0,0.0,0.0
848,2011-08-05 09:00:01,0.557928187848,0,0.4256080091,0.0207022689283,0.0411583121996,0.0207022689283,0.0,0.0,0.0
849,2011-08-05 10:00:01,0.478562111951,0,0.511843681335,0.0196358207613,0.0390345131148,0.0196358207613,0.0,0.0,0.0
850,2011-08-05 11:00:01,0.490965150552,0,0.59363591671,0.0102522661909,0.0203474496211,0.0102522661909,0.0,0.0,0.0
851,2011-08-05 12:00:01,0.384531929491,0,0.625115454197,0.00729694776237,0.0144620228668,0.00729694776237,0.0,0.0,0.0
852,2011-08-05 13:00:01,0.468532921735,0,0.606871187687,0.0130658028647,0.0259505223235,0.0130658028647,0.0,0.0,0.0
853,2011-08-05 14:00:01,0.504479984057,0,0.589305281639,0.0115481112152,0.0229280855694,0.0115481112152,0.0,0.0,0.0
854,2011-08-05 15:00:01,0.449572767681,0,0.539771318436,0.00630095368251,0.0124785309534,0.00630095368251,0.0,0.0,0.0
855,2011-08-05 16:00:01,0.461387605526,0,0.480352193117,0.00312441075221,0.00615254233317,0.00312441075221,0.0,0.0,0.0
856,2011-08-05 17:00:01,0.482590003433,0,0.435437142849,0.00284661492333,0.00559932039007,0.00284661492333,0.0,0.0,0.0
857,2011-08-05 18:00:01,0.385197493004,0,0.41133710742,0.00715281628072,0.0141749894053,0.00715281628072,0.0,0.0,0.0
858,2011-08-05 19:00:01,0.38581600064,0,0.380003601313,0.00773596856743,0.0153363194457,0.00773596856743,0.0,0.0,0.0
859,2011-08-05 20:00:01,0.382170375391,0,0.364978969097,0.00734366290271,0.0145550546478,0.00734366290271,0.0,0.0,0.0
860,2011-08-05 21:00:01,0.273097178167,0,0.353211820126,0.00645439187065,0.0127840984377,0.00645439187065,0.0,0.0,0.0
861,2011-08-05 22:00:01,0.364936717155,0,0.352402836084,0.00181926984806,0.00355339392292,0.00181926984806,0.0,0.0,0.0
862,2011-08-05 23:00:01,0.334933690381,0,0.339052915573,0.00243113585748,0.00477190646866,0.00243113585748,0.0,0.0,0.0
863,2011-08-06 00:00:01,0.338390533445,0,0.330427736044,0.00171450909693,0.0033447660737,0.00171450909693,0.0,0.0,0.0
864,2011-08-06 01:00:01,0.269534867608,0,0.30898219347,0.000942852348089,0.00180803513099,0.000942852348089,0.0,0.0,0.0
865,2011-08-06 02:00:01,0.271998094024,0,0.279830545187,0.00298658199608,0.00587806055788,0.00298658199608,0.0,0.0,0.0
866,2011-08-06 03:00:01,0.265485178386,0,0.262392163277,0.00353250210173,0.00696524384224,0.00353250210173,0.0,0.0,0.0
867,2011-08-06 04:00:01,0.37356066036,0,0.247631520033,0.00313123431988,0.00616613126063,0.00313123431988,0.0,0.0,0.0
868,2011-08-06 05:00:01,0.339296897305,0,0.250525206327,0.0020332436543,0.00397951624929,0.0020332436543,0.0,0.0,0.0
869,2011-08-06 06:00:01,0.385153755314,0,0.268797278404,0.000729982857592,0.00138411201583,0.000729982857592,0.0,0.0,0.0
870,2011-08-06 07:00:01,0.525282720919,0,0.322926968336,0.00156856188551,0.00305411664164,0.00156856188551,0.0,0.0,0.0
871,2011-08-06 08:00:01,0.687847285556,0,0.400117516518,0.00418351497501,0.00826171617657,0.00418351497501,0.0,0.0,0.0
872,2011-08-06 09:00:01,0.436647036081,0,0.485770940781,0.0175315961242,0.0348440137572,0.0175315961242,0.0,0.0,0.0
873,2011-08-06 10:00:01,0.355233615932,0,0.526394844055,0.0146589614451,0.0291232491749,0.0146589614451,0.0,0.0,0.0
874,2011-08-06 11:00:01,0.459224696646,0,0.547282576561,0.0171971544623,0.0341779833608,0.0171971544623,0.0,0.0,0.0
875,2011-08-06 12:00:01,0.589234198033,0,0.559536218643,0.0180963296443,0.0359686633842,0.0180963296443,0.0,0.0,0.0
876,2011-08-06 13:00:01,0.444254788316,0,0.511850833893,0.00935071054846,0.018552028983,0.00935071054846,0.0,0.0,0.0
877,2011-08-06 14:00:01,0.561372109824,0,0.493510067463,0.00868177227676,0.017219858763,0.00868177227676,0.0,0.0,0.0
878,2011-08-06 15:00:01,0.454338003037,0,0.478506177664,0.00550129637122,0.0108860377423,0.00550129637122,0.0,0.0,0.0
879,2011-08-06 16:00:01,0.506353137168,0,0.463370651007,0.0072488845326,0.0143663064067,0.0072488845326,0.0,0.0,0.0
880,2011-08-06 17:00:01,0.459800688491,0,0.463098734617,0.00380878616124,0.00751545514262,0.00380878616124,0.0,0.0,0.0
881,2011-08-06 18:00:01,0.430598234896,0,0.461592972279,0.0039102085866,0.00771743481761,0.0039102085866,0.0,0.0,0.0
882,2011-08-06 19:00:01,0.387365067005,0,0.431685239077,0.00263957469724,0.00518700607766,0.00263957469724,0.0,0.0,0.0
883,2011-08-06 20:00:01,0.416701995156,0,0.424101173878,0.00251189013943,0.00493272616475,0.00251189013943,0.0,0.0,0.0
884,2011-08-06 21:00:01,0.413740841856,0,0.407096743584,0.0013496541651,0.00261816857528,0.0013496541651,0.0,0.0,0.0
885,2011-08-06 22:00:01,0.528714362942,0,0.385605573654,0.0016919283662,0.00329979723533,0.0016919283662,0.0,0.0,0.0
886,2011-08-06 23:00:01,0.427895201926,0,0.371507883072,0.0075621814467,0.0149902276811,0.0075621814467,0.0,0.0,0.0
887,2011-08-07 00:00:01,0.355652072611,0,0.36841583252,0.00671215867624,0.0132974331901,0.00671215867624,0.0,0.0,0.0
888,2011-08-07 01:00:01,0.336060229879,0,0.356608957052,0.00825498253107,0.0163699199667,0.00825498253107,0.0,0.0,0.0
889,2011-08-07 02:00:01,0.324730671139,0,0.352661252022,0.0100390184671,0.0199227732657,0.0100390184671,0.0,0.0,0.0
890,2011-08-07 03:00:01,0.29661707981,0,0.360295176506,0.00379135319963,0.00748073792985,0.00379135319963,0.0,0.0,0.0
891,2011-08-07 04:00:01,0.324878615841,0,0.357399225235,0.00425646174699,0.00840698745404,0.00425646174699,0.0,0.0,0.0
892,2011-08-07 05:00:01,0.289548758655,0,0.355885386467,0.00433361157775,0.00856062899522,0.00433361157775,0.0,0.0,0.0
893,2011-08-07 06:00:01,0.327180259416,0,0.374644786119,0.0079208696261,0.0157045442797,0.0079208696261,0.0,0.0,0.0
894,2011-08-07 07:00:01,0.554199840569,0,0.411007940769,0.0147359604016,0.0292765902546,0.0147359604016,0.0,0.0,0.0
895,2011-08-07 08:00:01,0.840639803377,0,0.443079382181,0.0162199232727,0.0322318571726,0.0162199232727,0.0,0.0,0.0
896,2011-08-07 09:00:01,0.553035454611,0,0.483486175537,0.0441450886428,0.0878439745668,0.0441450886428,0.0,0.0,0.0
897,2011-08-07 10:00:01,0.48292253655,0,0.515636146069,0.0349188148975,0.069470131052,0.0349188148975,0.0,0.0,0.0
898,2011-08-07 11:00:01,0.375620146237,0,0.541478812695,0.0240548532456,0.0478348818871,0.0240548532456,0.0,0.0,0.0
899,2011-08-07 12:00:01,0.435807956098,0,0.524725139141,0.0320876985788,0.0638320490215,0.0320876985788,0.0,0.0,0.0
900,2011-08-07 13:00:01,0.485066978434,0,0.531187713146,0.00865538604558,0.0171673113862,0.00865538604558,0.0,0.0,0.0
901,2011-08-07 14:00:01,0.493882742929,0,0.5274091959,0.00787369627506,0.015610599986,0.00787369627506,0.0,0.0,0.0
902,2011-08-07 15:00:01,0.487924723009,0,0.55914157629,0.0128726381809,0.0255658407313,0.0128726381809,0.0,0.0,0.0
903,2011-08-07 16:00:01,0.405947383333,0,0.53756582737,0.00345782469958,0.00681652606742,0.00345782469958,0.0,0.0,0.0
904,2011-08-07 17:00:01,0.436665208321,0,0.509696125984,0.0021278867498,0.0041679950951,0.0021278867498,0.0,0.0,0.0
905,2011-08-07 18:00:01,0.437322060894,0,0.471485882998,0.000956739182584,0.00183569033948,0.000956739182584,0.0,0.0,0.0
906,2011-08-07 19:00:01,0.445650572992,0,0.422056496143,0.00137274083681,0.00266414497975,0.00137274083681,0.0,0.0,0.0
907,2011-08-07 20:00:01,0.527741652443,0,0.396053910255,0.00197210675105,0.00385776396617,0.00197210675105,0.0,0.0,0.0
908,2011-08-07 21:00:01,0.29230375822,0,0.412273973227,0.00593535136431,0.0117504450577,0.00593535136431,0.0,0.0,0.0
909,2011-08-07 22:00:01,0.293164300529,0,0.410123109818,0.00746540399268,0.0147974983253,0.00746540399268,0.0,0.0,0.0
910,2011-08-07 23:00:01,0.345069495741,0,0.421112418175,0.008613999933,0.0170848922019,0.008613999933,0.0,0.0,0.0
911,2011-08-08 00:00:01,0.270627183158,0,0.419451653957,0.0104454793036,0.0207322276577,0.0104454793036,0.0,0.0,0.0
912,2011-08-08 01:00:01,0.27295187209,0,0.394004881382,0.00948374159634,0.0188169562683,0.00948374159634,0.0,0.0,0.0
913,2011-08-08 02:00:01,0.209464300968,0,0.368084132671,0.00792782194912,0.0157183896195,0.00792782194912,0.0,0.0,0.0
914,2011-08-08 03:00:01,0.184761253086,0,0.353207468987,0.0116102807224,0.0230518942517,0.0116102807224,0.0,0.0,0.0
915,2011-08-08 04:00:01,0.225103901944,0,0.314089328051,0.0113303530961,0.022494426899,0.0113303530961,0.0,0.0,0.0
916,2011-08-08 05:00:01,0.361618057924,0,0.291605144739,0.00934034679085,0.018531389875,0.00934034679085,0.0,0.0,0.0
917,2011-08-08 06:00:01,0.375704709327,0,0.279560953379,0.0071550491266,0.01417943605,0.0071550491266,0.0,0.0,0.0
918,2011-08-08 07:00:01,0.526132566015,0,0.28129273653,0.00502512510866,0.00993775715725,0.00502512510866,0.0,0.0,0.0
919,2011-08-08 08:00:01,0.859508297023,0,0.298726022243,0.0136290015653,0.027072115404,0.0136290015653,0.0,0.0,0.0
920,2011-08-08 09:00:01,0.522412091379,0,0.369800388813,0.0640364959836,0.12745710722,0.0640364959836,0.0,0.0,0.0
921,2011-08-08 10:00:01,0.54612075745,0,0.432999670506,0.0525748059154,0.104631500096,0.0525748059154,0.0,0.0,0.0
922,2011-08-08 11:00:01,0.553500171121,0,0.474277436733,0.0417894423008,0.0831527765318,0.0417894423008,0.0,0.0,0.0
923,2011-08-08 12:00:01,0.541854267706,0,0.460738360882,0.0461561083794,0.0918488592,0.0461561083794,0.0,0.0,0.0
924,2011-08-08 13:00:01,0.503651041117,0,0.45011806488,0.00884274020791,0.0175404215015,0.00884274020791,0.0,0.0,0.0
925,2011-08-08 14:00:01,0.54047991616,0,0.453505069017,0.00741799082607,0.0147030764462,0.00741799082607,0.0,0.0,0.0
926,2011-08-08 15:00:01,0.600201828024,0,0.478800803423,0.00368372374214,0.00726639713919,0.00368372374214,0.0,0.0,0.0
927,2011-08-08 16:00:01,0.569686631543,0,0.488946825266,0.00493663735688,0.00976153649124,0.00493663735688,0.0,0.0,0.0
928,2011-08-08 17:00:01,0.49089460914,0,0.488490700722,0.00659904070199,0.0130721621853,0.00659904070199,0.0,0.0,0.0
929,2011-08-08 19:00:01,0.405055922654,0,0.503837764263,0.00471791159362,0.009325950787,0.00471791159362,0.0,0.0,0.0
930,2011-08-08 20:00:01,0.352767041145,0,0.479076802731,0.00716051831841,0.0141903277791,0.00716051831841,0.0,0.0,0.0
931,2011-08-08 21:00:01,0.395556804685,0,0.488538503647,0.00624429993331,0.0123657067351,0.00624429993331,0.0,0.0,0.0
932,2011-08-08 22:00:01,0.388827703472,0,0.513616204262,0.00822575949132,0.016311723172,0.00822575949132,0.0,0.0,0.0
933,2011-08-08 23:00:01,0.365419925255,0,0.508754193783,0.0114258583635,0.0226846227339,0.0114258583635,0.0,0.0,0.0
934,2011-08-09 00:00:01,0.274523666298,0,0.476114720106,0.00850610528141,0.0168700232853,0.00850610528141,0.0,0.0,0.0
935,2011-08-09 01:00:01,0.205417097318,0,0.431804925203,0.00863077491522,0.0171182990687,0.00863077491522,0.0,0.0,0.0
936,2011-08-09 02:00:01,0.242465288012,0,0.39091143012,0.0177689325064,0.035316661943,0.0177689325064,0.0,0.0,0.0
937,2011-08-09 03:00:01,0.201163148946,0,0.348817110062,0.0168433375657,0.0334733677736,0.0168433375657,0.0,0.0,0.0
938,2011-08-09 04:00:01,0.264233246843,0,0.330273747444,0.0184422042221,0.0366574620849,0.0184422042221,0.0,0.0,0.0
939,2011-08-09 05:00:01,0.310251361176,0,0.287438213825,0.00978037156165,0.0194076858211,0.00978037156165,0.0,0.0,0.0
940,2011-08-09 06:00:01,0.313430994847,0,0.235183656216,0.00124957237858,0.00241885874178,0.00124957237858,0.0,0.0,0.0
941,2011-08-09 07:00:01,0.421050388166,0,0.239174038172,0.000501282745972,0.000928662700243,0.000501282745972,0.0,0.0,0.0
942,2011-08-09 08:00:01,0.787607169643,0,0.270044863224,0.00266473181546,0.00523710571335,0.00266473181546,0.0,0.0,0.0
943,2011-08-09 09:00:01,0.496696552873,0,0.356482833624,0.0397927090526,0.0791763430055,0.0397927090526,0.0,0.0,0.0
944,2011-08-09 10:00:01,0.478516353565,0,0.469324499369,0.0296809412539,0.0590390650187,0.0296809412539,0.0,0.0,0.0
945,2011-08-09 11:00:01,0.434656051366,0,0.535854935646,0.0204710699618,0.0406978864905,0.0204710699618,0.0,0.0,0.0
946,2011-08-09 12:00:01,0.47230875784,0,0.597050368786,0.0199505854398,0.0396613573973,0.0199505854398,0.0,0.0,0.0
947,2011-08-09 13:00:01,0.467243953915,0,0.628654122353,0.0204441398382,0.0406442559686,0.0204441398382,0.0,0.0,0.0
948,2011-08-09 14:00:01,0.497891049386,0,0.608987152576,0.0179846175015,0.0357461920499,0.0179846175015,0.0,0.0,0.0
949,2011-08-09 15:00:01,0.667743821442,0,0.593487918377,0.0129445195198,0.0257089902313,0.0129445195198,0.0,0.0,0.0
950,2011-08-09 16:00:01,0.516924213287,0,0.566266775131,0.00888530910015,0.0176251961555,0.00888530910015,0.0,0.0,0.0
951,2011-08-09 17:00:01,0.530720932942,0,0.525814950466,0.00934882089496,0.0185482657955,0.00934882089496,0.0,0.0,0.0
952,2011-08-09 18:00:01,0.396388887203,0,0.524253547192,0.00742167094722,0.0147104052955,0.00742167094722,0.0,0.0,0.0
953,2011-08-09 19:00:01,0.41411683355,0,0.479111999273,0.012093369849,0.0240139515526,0.012093369849,0.0,0.0,0.0
954,2011-08-09 20:00:01,0.426549023841,0,0.445961862803,0.00370160443708,0.00730200599926,0.00370160443708,0.0,0.0,0.0
955,2011-08-09 21:00:01,0.41168858682,0,0.416717976332,0.00452558230609,0.00894293286125,0.00452558230609,0.0,0.0,0.0
956,2011-08-09 22:00:01,0.408119651047,0,0.387734085321,0.00318660750054,0.00627640526554,0.00318660750054,0.0,0.0,0.0
957,2011-08-09 23:00:01,0.338262734992,0,0.344368875027,0.00733826402575,0.0145443029485,0.00733826402575,0.0,0.0,0.0
958,2011-08-10 00:00:01,0.300344073625,0,0.309521973133,0.0088818827644,0.0176183727121,0.0088818827644,0.0,0.0,0.0
959,2011-08-10 01:00:01,0.301885918725,0,0.268859326839,0.00970091577619,0.0192494520413,0.00970091577619,0.0,0.0,0.0
960,2011-08-10 02:00:01,0.28379467014,0,0.231712639332,0.0103128962219,0.0204681924834,0.0103128962219,0.0,0.0,0.0
961,2011-08-10 03:00:01,0.264996406866,0,0.206956088543,0.006452659145,0.0127806477672,0.006452659145,0.0,0.0,0.0
962,2011-08-10 04:00:01,0.301581200178,0,0.187903419137,0.0059431148693,0.0117659058417,0.0059431148693,0.0,0.0,0.0
963,2011-08-10 05:00:01,0.403434043238,0,0.168640613556,0.00965029001236,0.0191486323726,0.00965029001236,0.0,0.0,0.0
964,2011-08-10 06:00:01,0.383292410334,0,0.176553547382,0.0146938469261,0.0291927225491,0.0146938469261,0.0,0.0,0.0
965,2011-08-10 07:00:01,0.521692972306,0,0.207416772842,0.0102634374052,0.0203696967545,0.0102634374052,0.0,0.0,0.0
966,2011-08-10 08:00:01,0.612849968452,0,0.2550124228,0.0177617222071,0.0353023028512,0.0177617222071,0.0,0.0,0.0
967,2011-08-10 09:00:01,0.612514475729,0,0.347812950611,0.0172460209578,0.0342752995001,0.0172460209578,0.0,0.0,0.0
968,2011-08-10 10:00:01,0.448269660403,0,0.413387477398,0.0155077818781,0.0308136492474,0.0155077818781,0.0,0.0,0.0
969,2011-08-10 11:00:01,0.531982983756,0,0.490689367056,0.0075719319284,0.0150096454688,0.0075719319284,0.0,0.0,0.0
970,2011-08-10 12:00:01,0.433751254303,0,0.526266276836,0.00551723036915,0.0109177698144,0.00551723036915,0.0,0.0,0.0
971,2011-08-10 13:00:01,0.539833482651,0,0.529664039612,0.00699828565121,0.0138672463572,0.00699828565121,0.0,0.0,0.0
972,2011-08-10 14:00:01,0.534698048971,0,0.549155592918,0.00604038964957,0.0119596256077,0.00604038964957,0.0,0.0,0.0
973,2011-08-10 15:00:01,0.680884370155,0,0.583736598492,0.00677303224802,0.0134186610567,0.00677303224802,0.0,0.0,0.0
974,2011-08-10 17:00:01,0.511851283529,0,0.580958843231,0.0089110955596,0.0176765491051,0.0089110955596,0.0,0.0,0.0
975,2011-08-10 18:00:01,0.512167788078,0,0.602315425873,0.00634091580287,0.0125581143005,0.00634091580287,0.0,0.0,0.0
976,2011-08-10 19:00:01,0.345846385604,0,0.600912094116,0.00483701657504,0.00956314473452,0.00483701657504,0.0,0.0,0.0
977,2011-08-10 20:00:01,0.46643970745,0,0.561018526554,0.0128959026188,0.0256121711518,0.0128959026188,0.0,0.0,0.0
978,2011-08-10 21:00:01,0.566294311163,0,0.531890749931,0.00618487130851,0.0122473564366,0.00618487130851,0.0,0.0,0.0
979,2011-08-10 22:00:01,0.533939162523,0,0.504187703133,0.00781394075602,0.0154915986875,0.00781394075602,0.0,0.0,0.0
980,2011-08-10 23:00:01,0.443528366187,0,0.485802650452,0.00979875773191,0.01944430132,0.00979875773191,0.0,0.0,0.0
981,2011-08-11 00:00:01,0.333497630548,0,0.446312785149,0.00660442048684,0.0130828758632,0.00660442048684,0.0,0.0,0.0
982,2011-08-11 01:00:01,0.369480865936,0,0.442712455988,0.00871327146888,0.0172825884459,0.00871327146888,0.0,0.0,0.0
983,2011-08-11 02:00:01,0.241752235153,0,0.434378683567,0.00663716346025,0.0131480824987,0.00663716346025,0.0,0.0,0.0
984,2011-08-11 03:00:01,0.224815078956,0,0.414445102215,0.0117416456342,0.0233135034777,0.0117416456342,0.0,0.0,0.0
985,2011-08-11 04:00:01,0.290239613472,0,0.404657274485,0.020074352622,0.0399078359759,0.020074352622,0.0,0.0,0.0
986,2011-08-11 05:00:01,0.359181412826,0,0.376144319773,0.0165632516146,0.0329155851218,0.0165632516146,0.0,0.0,0.0
987,2011-08-11 06:00:01,0.424917384055,0,0.353664845228,0.0103663289919,0.0205746022197,0.0103663289919,0.0,0.0,0.0
988,2011-08-11 07:00:01,0.590938671896,0,0.344761610031,0.00547412317246,0.0108319231435,0.00547412317246,0.0,0.0,0.0
989,2011-08-11 08:00:01,0.661351858134,0,0.364000886679,0.0115131689236,0.0228584990584,0.0115131689236,0.0,0.0,0.0
990,2011-08-11 09:00:01,0.709996625409,0,0.38749474287,0.0232416242361,0.0462153610519,0.0232416242361,0.0,0.0,0.0
991,2011-08-11 10:00:01,0.634973830883,0,0.425404816866,0.0344772301614,0.0685907284824,0.0344772301614,0.0,0.0,0.0
992,2011-08-11 11:00:01,0.479186134306,0,0.463885903358,0.0317681506276,0.0631956789968,0.0317681506276,0.0,0.0,0.0
993,2011-08-11 12:00:01,0.623551168144,0,0.505798459053,0.0204602628946,0.040676364545,0.0204602628946,0.0,0.0,0.0
994,2011-08-11 13:00:01,0.551173658794,0,0.541274309158,0.0115802465007,0.0229920820128,0.0115802465007,0.0,0.0,0.0
995,2011-08-11 14:00:01,0.512845804867,0,0.545684158802,0.00511201610789,0.0101107979391,0.00511201610789,0.0,0.0,0.0
996,2011-08-11 15:00:01,0.449187687795,0,0.575652241707,0.00373033923097,0.00735923046722,0.00373033923097,0.0,0.0,0.0
997,2011-08-11 16:00:01,0.367417526547,0,0.578534424305,0.00478245411068,0.00945448524646,0.00478245411068,0.0,0.0,0.0
998,2011-08-11 17:00:01,0.526519355436,0,0.616075873375,0.0211330614984,0.0420162224989,0.0211330614984,0.0,0.0,0.0
999,2011-08-11 18:00:01,0.473772837491,0,0.602871954441,0.0184844899923,0.0367416729099,0.0184844899923,0.0,0.0,0.0
1000,2011-08-11 19:00:01,0.452081982531,0,0.595619857311,0.0195435080677,0.0388506751935,0.0195435080677,0.0,0.0,0.0
1001,2011-08-11 20:00:01,0.362944191203,0,0.550250649452,0.00991709157825,0.0196799595754,0.00991709157825,0.0,0.0,0.0
1002,2011-08-11 21:00:01,0.299675437044,0,0.517624557018,0.00388177460991,0.00766080941794,0.00388177460991,0.0,0.0,0.0
1003,2011-08-11 22:00:01,0.371746083883,0,0.47554475069,0.0066698892042,0.0132132548224,0.0066698892042,0.0,0.0,0.0
1004,2011-08-11 23:00:01,0.359221793106,0,0.456293463707,0.00690786354244,0.0136871734781,0.00690786354244,0.0,0.0,0.0
1005,2011-08-12 00:00:01,0.261367399487,0,0.431405454874,0.0066814115271,0.0132362011779,0.0066814115271,0.0,0.0,0.0
1006,2011-08-12 01:00:01,0.311663152381,0,0.423174113035,0.0111457156017,0.0221267269453,0.0111457156017,0.0,0.0,0.0
1007,2011-08-12 02:00:01,0.266735479478,0,0.404143244028,0.00805575121194,0.015973156855,0.00805575121194,0.0,0.0,0.0
1008,2011-08-12 03:00:01,0.274488768545,0,0.365221321583,0.00684494478628,0.0135618726891,0.00684494478628,0.0,0.0,0.0
1009,2011-08-12 04:00:01,0.408687773883,0,0.324552685022,0.00414036260918,0.00817577955264,0.00414036260918,0.0,0.0,0.0
1010,2011-08-12 05:00:01,0.484138751033,0,0.289517849684,0.00360545655712,0.00711053042099,0.00360545655712,0.0,0.0,0.0
1011,2011-08-12 06:00:01,0.485283857564,0,0.281205952168,0.0102957077324,0.0204339621295,0.0102957077324,0.0,0.0,0.0
1012,2011-08-12 07:00:01,0.639688533086,0,0.288792729378,0.0167804416269,0.0333481124248,0.0167804416269,0.0,0.0,0.0
1013,2011-08-12 08:00:01,0.959641459188,0,0.347051173449,0.0282065663487,0.0561028922432,0.0282065663487,0.0,0.0,0.0
1014,2011-08-12 09:00:01,0.737429275682,0,0.392581224442,0.0966142863035,0.192334785676,0.0966142863035,0.0,0.0,0.0
1015,2011-08-12 10:00:01,0.564051822465,0,0.444342494011,0.0979596227407,0.195013982268,0.0979596227407,0.0,0.0,0.0
1016,2011-08-12 11:00:01,0.590081537277,0,0.486729681492,0.0793366059661,0.157926810845,0.0793366059661,0.0,0.0,0.0
1017,2011-08-12 12:00:01,0.517808283394,0,0.512831926346,0.0648367702961,0.12905082917,0.0648367702961,0.0,0.0,0.0
1018,2011-08-12 13:00:01,0.68821237919,0,0.549663364887,0.00979540031403,0.0194376151244,0.00979540031403,0.0,0.0,0.0
1019,2011-08-12 14:00:01,0.596988249473,0,0.563741922379,0.00517487805337,0.0102359855914,0.00517487805337,0.0,0.0,0.0
1020,2011-08-12 15:00:01,0.660368673009,0,0.572572529316,0.00641944259405,0.0127144980164,0.00641944259405,0.0,0.0,0.0
1021,2011-08-12 16:00:01,0.551842458527,0,0.558400273323,0.00936931278557,0.0185890747723,0.00936931278557,0.0,0.0,0.0
1022,2011-08-12 17:00:01,0.453233877086,0,0.55970621109,0.00842726696283,0.0167130191719,0.00842726696283,0.0,0.0,0.0
1023,2011-08-12 18:00:01,0.4302055502,0,0.560913801193,0.00514579936862,0.0101780762752,0.00514579936862,0.0,0.0,0.0
1024,2011-08-12 19:00:01,0.566651367612,0,0.54487580061,0.00677980761975,0.0134321540034,0.00677980761975,0.0,0.0,0.0
1025,2011-08-12 20:00:01,0.501816463565,0,0.533915996552,0.00365218846127,0.00720359558659,0.00365218846127,0.0,0.0,0.0
1026,2011-08-12 21:00:01,0.382667019942,0,0.546628415585,0.0059551554732,0.0117898843382,0.0059551554732,0.0,0.0,0.0
1027,2011-08-12 22:00:01,0.341306060524,0,0.513766765594,0.00527192978188,0.0104292611566,0.00527192978188,0.0,0.0,0.0
1028,2011-08-12 23:00:01,0.440522138209,0,0.455257117748,0.00838031619787,0.0166195181517,0.00838031619787,0.0,0.0,0.0
1029,2011-08-13 00:00:01,0.424406934606,0,0.459541112185,0.00746860494837,0.0148038729312,0.00746860494837,0.0,0.0,0.0
1030,2011-08-13 01:00:01,0.442377709454,0,0.453817933798,0.0063562290743,0.0125886102147,0.0063562290743,0.0,0.0,0.0
1031,2011-08-13 02:00:01,0.308552102164,0,0.456203371286,0.0052060126327,0.0102979891591,0.0052060126327,0.0,0.0,0.0
1032,2011-08-13 03:00:01,0.256693463749,0,0.47622936964,0.0127290347591,0.0252798588851,0.0127290347591,0.0,0.0,0.0
1033,2011-08-13 04:00:01,0.329241695937,0,0.461434423923,0.0250552296638,0.0498271010941,0.0250552296638,0.0,0.0,0.0
1034,2011-08-13 05:00:01,0.392538143481,0,0.432201772928,0.0224681012332,0.044674913521,0.0224681012332,0.0,0.0,0.0
1035,2011-08-13 06:00:01,0.601592492646,0,0.461984872818,0.02852367796,0.0567344103712,0.02852367796,0.0,0.0,0.0
1036,2011-08-13 07:00:01,0.791557499405,0,0.525039672852,0.0353135839105,0.070256301533,0.0353135839105,0.0,0.0,0.0
1037,2011-08-13 08:00:01,0.867875087306,0,0.617673397064,0.0408931933343,0.0813679239776,0.0408931933343,0.0,0.0,0.0
1038,2011-08-13 09:00:01,0.705084271038,0,0.658353209496,0.0367024503648,0.0730221868297,0.0367024503648,0.0,0.0,0.0
1039,2011-08-13 10:00:01,0.582584567224,0,0.680449187756,0.0174975134432,0.0347761391348,0.0174975134432,0.0,0.0,0.0
1040,2011-08-13 11:00:01,0.509443970102,0,0.710347831249,0.0113451033831,0.0225238016468,0.0113451033831,0.0,0.0,0.0
1041,2011-08-13 12:00:01,0.748409307791,0,0.718283414841,0.0145636145025,0.0289333686391,0.0145636145025,0.0,0.0,0.0
1042,2011-08-13 13:00:01,0.820289300377,0,0.684611141682,0.00882213935256,0.0174993955247,0.00882213935256,0.0,0.0,0.0
1043,2011-08-13 14:00:01,0.90236811725,0,0.677101373672,0.0224769189954,0.0446924738261,0.0224769189954,0.0,0.0,0.0
1044,2011-08-13 15:00:01,0.719878544092,0,0.635307431221,0.0493490621448,0.0982075294991,0.0493490621448,0.0,0.0,0.0
1045,2011-08-13 16:00:01,0.69704382732,0,0.603020071983,0.0588534921408,0.117135312726,0.0588534921408,0.0,0.0,0.0
1046,2011-08-13 17:00:01,0.567527022542,0,0.559728384018,0.0671361535788,0.133629981034,0.0671361535788,0.0,0.0,0.0
1047,2011-08-13 18:00:01,0.476189820613,0,0.542990863323,0.0512937232852,0.102080263007,0.0512937232852,0.0,0.0,0.0
1048,2011-08-13 19:00:01,0.471659282663,0,0.520460486412,0.0203401912004,0.0404372454183,0.0203401912004,0.0,0.0,0.0
1049,2011-08-13 20:00:01,0.42285932815,0,0.537350296974,0.00701516261324,0.0139008563138,0.00701516261324,0.0,0.0,0.0
1050,2011-08-13 21:00:01,0.395536979174,0,0.53018283844,0.001570870867,0.00305871490805,0.001570870867,0.0,0.0,0.0
1051,2011-08-13 22:00:01,0.335704182435,0,0.513211846352,0.00256575224921,0.00503999091798,0.00256575224921,0.0,0.0,0.0
1052,2011-08-13 23:00:01,0.353555216659,0,0.483980327845,0.00729676987976,0.014461668619,0.00729676987976,0.0,0.0,0.0
1053,2011-08-14 00:00:01,0.386131042972,0,0.418711900711,0.00788796879351,0.0156390232724,0.00788796879351,0.0,0.0,0.0
1054,2011-08-14 01:00:01,0.366748677748,0,0.395923614502,0.00574395479634,0.0113692846146,0.00574395479634,0.0,0.0,0.0
1055,2011-08-14 02:00:01,0.333441519323,0,0.402036339045,0.00603594444692,0.0119507731218,0.00603594444692,0.0,0.0,0.0
1056,2011-08-14 03:00:01,0.332054641882,0,0.389994382858,0.00662885047495,0.0131315274414,0.00662885047495,0.0,0.0,0.0
1057,2011-08-14 04:00:01,0.371411400487,0,0.328602194786,0.00394121790305,0.00777918892806,0.00394121790305,0.0,0.0,0.0
1058,2011-08-14 05:00:01,0.48458362031,0,0.296141058207,0.0021765769925,0.00426496023234,0.0021765769925,0.0,0.0,0.0
1059,2011-08-14 06:00:01,0.708875765496,0,0.309525072575,0.00244032870978,0.00479021375439,0.00244032870978,0.0,0.0,0.0
1060,2011-08-14 07:00:01,0.824807942128,0,0.406790703535,0.0133764436468,0.0265691539919,0.0133764436468,0.0,0.0,0.0
1061,2011-08-14 08:00:01,0.755463419332,0,0.606310665607,0.0252580009401,0.0502309139228,0.0252580009401,0.0,0.0,0.0
1062,2011-08-14 09:00:01,0.547485573636,0,0.739809155464,0.0180875994265,0.035951277421,0.0180875994265,0.0,0.0,0.0
1063,2011-08-14 10:00:01,0.525145821357,0,0.813598453999,0.0255815424025,0.0508752369036,0.0255815424025,0.0,0.0,0.0
1064,2011-08-14 11:00:01,0.549960479776,0,0.836087286472,0.0496911779046,0.0988888426282,0.0496911779046,0.0,0.0,0.0
1065,2011-08-14 12:00:01,0.546326838778,0,0.807520329952,0.0587501935661,0.116929596757,0.0587501935661,0.0,0.0,0.0
1066,2011-08-14 13:00:01,0.632369165941,0,0.793844342232,0.0639158934355,0.127216930914,0.0639158934355,0.0,0.0,0.0
1067,2011-08-14 14:00:01,0.750210114724,0,0.780104875565,0.0456074438989,0.0907562105767,0.0456074438989,0.0,0.0,0.0
1068,2011-08-14 15:00:01,0.612839549424,0,0.763826191425,0.0257323589176,0.0511755834058,0.0257323589176,0.0,0.0,0.0
1069,2011-08-14 16:00:01,0.567594373644,0,0.730181217194,0.0135273942724,0.026869767571,0.0135273942724,0.0,0.0,0.0
1070,2011-08-14 17:00:01,0.483301505873,0,0.662983894348,0.00333129335195,0.0065645427375,0.00333129335195,0.0,0.0,0.0
1071,2011-08-14 18:00:01,0.436229704802,0,0.559357702732,0.0109122786671,0.0216618443908,0.0109122786671,0.0,0.0,0.0
1072,2011-08-14 19:00:01,0.376550574145,0,0.499278485775,0.00489355297759,0.00967573526045,0.00489355297759,0.0,0.0,0.0
1073,2011-08-14 20:00:01,0.315817249243,0,0.465748041868,0.00330439652316,0.00651097852114,0.00330439652316,0.0,0.0,0.0
1074,2011-08-14 21:00:01,0.381659356149,0,0.418112516403,0.00212677824311,0.00416578753774,0.00212677824311,0.0,0.0,0.0
1075,2011-08-14 22:00:01,0.44288758092,0,0.352024137974,0.00302171288058,0.00594802264573,0.00302171288058,0.0,0.0,0.0
1076,2011-08-14 23:00:01,0.351744106675,0,0.288155287504,0.00960416533053,0.0190567764718,0.00960416533053,0.0,0.0,0.0
1077,2011-08-15 00:00:01,0.309974222488,0,0.232586100698,0.0158361829817,0.0314676500558,0.0158361829817,0.0,0.0,0.0
1078,2011-08-15 01:00:01,0.249878081874,0,0.189244017005,0.0280262641609,0.0557438259207,0.0280262641609,0.0,0.0,0.0
1079,2011-08-15 02:00:01,0.183739205204,0,0.173717647791,0.0262061487883,0.0521191215214,0.0262061487883,0.0,0.0,0.0
1080,2011-08-15 03:00:01,0.173724071728,0,0.156539589167,0.0143766961992,0.0285611265237,0.0143766961992,0.0,0.0,0.0
1081,2011-08-15 04:00:01,0.288621048341,0,0.146393015981,0.00887766201049,0.017609967209,0.00887766201049,0.0,0.0,0.0
1082,2011-08-15 05:00:01,0.491789590559,0,0.145716041327,0.00612522754818,0.0121285777021,0.00612522754818,0.0,0.0,0.0
1083,2011-08-15 06:00:01,0.630675357548,0,0.162181064487,0.0214215293527,0.042590697456,0.0214215293527,0.0,0.0,0.0
1084,2011-08-15 07:00:01,0.671094422601,0,0.200422361493,0.0499138832092,0.099332353468,0.0499138832092,0.0,0.0,0.0
1085,2011-08-15 08:00:01,0.909421629015,0,0.255006939173,0.0698604881763,0.139055410515,0.0698604881763,0.0,0.0,0.0
1086,2011-08-15 09:00:01,0.663811432736,0,0.314638823271,0.127185031772,0.253215495361,0.127185031772,0.0,0.0,0.0
1087,2011-08-15 10:00:01,0.496810328662,0,0.362279325724,0.117652729154,0.234232204655,0.117652729154,0.0,0.0,0.0
1088,2011-08-15 11:00:01,0.602959076058,0,0.396682262421,0.0939167365432,0.186962697384,0.0939167365432,0.0,0.0,0.0
1089,2011-08-15 12:00:01,0.56183711687,0,0.41372269392,0.0819154828787,0.163062565771,0.0819154828787,0.0,0.0,0.0
1090,2011-08-15 13:00:01,0.627942261498,0,0.465200930834,0.0152024850249,0.030205659851,0.0152024850249,0.0,0.0,0.0
1091,2011-08-15 14:00:01,0.746488740796,0,0.505982995033,0.0065422449261,0.0129590551252,0.0065422449261,0.0,0.0,0.0
1092,2011-08-15 15:00:01,0.730858461446,0,0.542921841145,0.014636063017,0.0290776476518,0.014636063017,0.0,0.0,0.0
1093,2011-08-15 16:00:01,0.661645168224,0,0.563970088959,0.0188551843166,0.0374798993809,0.0188551843166,0.0,0.0,0.0
1094,2011-08-15 17:00:01,0.59263049037,0,0.575160861015,0.0184589866549,0.0366908837893,0.0184589866549,0.0,0.0,0.0
1095,2011-08-15 18:00:01,0.6133090203,0,0.57496124506,0.0166843738407,0.0331567963508,0.0166843738407,0.0,0.0,0.0
1096,2011-08-15 19:00:01,0.523434756221,0,0.547315776348,0.0144440187141,0.0286951972644,0.0144440187141,0.0,0.0,0.0
1097,2011-08-15 20:00:01,0.49065756239,0,0.546227931976,0.00600794097409,0.0118950050575,0.00600794097409,0.0,0.0,0.0
1098,2011-08-15 21:00:01,0.470743978059,0,0.551169514656,0.00155316165183,0.00302344754473,0.00155316165183,0.0,0.0,0.0
1099,2011-08-16 00:00:01,0.43071192056,0,0.528057098389,0.00209689559415,0.00410627715132,0.00209689559415,0.0,0.0,0.0
1100,2011-08-16 01:00:01,0.340475936744,0,0.502384006977,0.00141488958616,0.00274808293197,0.00141488958616,0.0,0.0,0.0
1101,2011-08-16 02:00:01,0.246111721113,0,0.511143445969,0.0101988660172,0.0202411047993,0.0101988660172,0.0,0.0,0.0
1102,2011-08-16 03:00:01,0.166876728917,0,0.514513790607,0.0319946222007,0.0636466902458,0.0319946222007,0.0,0.0,0.0
1103,2011-08-16 04:00:01,0.226809535529,0,0.492075324059,0.0561722517014,0.11179570395,0.0561722517014,0.0,0.0,0.0
1104,2011-08-16 05:00:01,0.412976007855,0,0.449532091618,0.0554859414697,0.110428938,0.0554859414697,0.0,0.0,0.0
1105,2011-08-16 06:00:01,0.503303906627,0,0.394479721785,0.0310154352337,0.0616966691863,0.0310154352337,0.0,0.0,0.0
1106,2011-08-16 07:00:01,0.769311585303,0,0.355517089367,0.0169279649854,0.0336419007058,0.0169279649854,0.0,0.0,0.0
1107,2011-08-16 08:00:01,0.745465506446,0,0.365271806717,0.0391138494015,0.0778244146602,0.0391138494015,0.0,0.0,0.0
1108,2011-08-16 09:00:01,0.590037321282,0,0.459639638662,0.0320573635399,0.0637716377143,0.0320573635399,0.0,0.0,0.0
1109,2011-08-16 10:00:01,0.563916171693,0,0.551326811314,0.0169580262154,0.033701766731,0.0169580262154,0.0,0.0,0.0
1110,2011-08-16 11:00:01,0.650168224685,0,0.647072374821,0.00987493246794,0.0195960009896,0.00987493246794,0.0,0.0,0.0
1111,2011-08-16 12:00:01,0.65142770159,0,0.717171549797,0.0114494431764,0.0227315911713,0.0114494431764,0.0,0.0,0.0
1112,2011-08-16 13:00:01,0.735697819928,0,0.752782285213,0.0195073857903,0.0387787387769,0.0195073857903,0.0,0.0,0.0
1113,2011-08-16 14:00:01,0.845988238099,0,0.755249857903,0.0135438302532,0.0269024993268,0.0135438302532,0.0,0.0,0.0
1114,2011-08-16 15:00:01,0.666242874717,0,0.748794972897,0.00918845832348,0.0182289086124,0.00918845832348,0.0,0.0,0.0
1115,2011-08-16 16:00:01,0.649984150747,0,0.743763804436,0.00800712406635,0.0158763173737,0.00800712406635,0.0,0.0,0.0
1116,2011-08-16 17:00:01,0.519440055013,0,0.763689815998,0.00309988087974,0.00610369183832,0.00309988087974,0.0,0.0,0.0
1117,2011-08-16 18:00:01,0.469512919014,0,0.784618854523,0.0149537939578,0.0297103991556,0.0149537939578,0.0,0.0,0.0
1118,2011-08-16 19:00:01,0.454232457888,0,0.80181324482,0.0341316014528,0.0679024194227,0.0341316014528,0.0,0.0,0.0
1119,2011-08-16 20:00:01,0.367379325908,0,0.781020641327,0.0435580760241,0.0866749567926,0.0435580760241,0.0,0.0,0.0
1120,2011-08-16 21:00:01,0.420599141058,0,0.717577457428,0.0418073423207,0.0831884238769,0.0418073423207,0.0,0.0,0.0
1121,2011-08-16 22:00:01,0.3690169189,0,0.60069000721,0.0144925797358,0.0287919050619,0.0144925797358,0.0,0.0,0.0
1122,2011-08-16 23:00:01,0.330339961091,0,0.498862266541,0.00480143819004,0.00949229146304,0.00480143819004,0.0,0.0,0.0
1123,2011-08-17 00:00:01,0.309749078855,0,0.441901266575,0.00283495010808,0.00557609026533,0.00283495010808,0.0,0.0,0.0
1124,2011-08-17 01:00:01,0.241936833743,0,0.423027873039,0.00343037559651,0.00676186201362,0.00343037559651,0.0,0.0,0.0
1125,2011-08-17 02:00:01,0.201998526472,0,0.395157217979,0.00647922744974,0.012833557738,0.00647922744974,0.0,0.0,0.0
1126,2011-08-17 03:00:01,0.150907993445,0,0.35340449214,0.00845116749406,0.0167606163529,0.00845116749406,0.0,0.0,0.0
1127,2011-08-17 04:00:01,0.235896403235,0,0.292755514383,0.00823357328773,0.0163272841098,0.00823357328773,0.0,0.0,0.0
1128,2011-08-17 05:00:01,0.336441461765,0,0.256068408489,0.00540953082964,0.0107032894576,0.00540953082964,0.0,0.0,0.0
1129,2011-08-17 06:00:01,0.308372881199,0,0.239014536142,0.00537619367242,0.010636899523,0.00537619367242,0.0,0.0,0.0
1130,2011-08-17 07:00:01,0.466097403329,0,0.24566949904,0.0041371230036,0.00816932797668,0.0041371230036,0.0,0.0,0.0
1131,2011-08-17 08:00:01,0.542276351565,0,0.305126488209,0.0081389984116,0.0161389411208,0.0081389984116,0.0,0.0,0.0
1132,2011-08-17 09:00:01,0.509210915184,0,0.359866172075,0.0119277248159,0.0236840745078,0.0119277248159,0.0,0.0,0.0
1133,2011-08-17 10:00:01,0.466518352182,0,0.390727251768,0.0116622019559,0.023155293809,0.0116622019559,0.0,0.0,0.0
1134,2011-08-17 11:00:01,0.449460636046,0,0.388028919697,0.0105692502111,0.0209787136551,0.0105692502111,0.0,0.0,0.0
1135,2011-08-17 12:00:01,0.44143218034,0,0.39722302556,0.00851987954229,0.0168974543068,0.00851987954229,0.0,0.0,0.0
1136,2011-08-17 13:00:01,0.488068710392,0,0.418647199869,0.00250310893171,0.00491523865668,0.00250310893171,0.0,0.0,0.0
1137,2011-08-17 14:00:01,0.418302312508,0,0.48340728879,0.00104018871207,0.00200187753904,0.00104018871207,0.0,0.0,0.0
1138,2011-08-17 15:00:01,0.607571444709,0,0.533496260643,0.00316048413515,0.006224381378,0.00316048413515,0.0,0.0,0.0
1139,2011-08-17 16:00:01,0.597907005968,0,0.534513771534,0.0115126930177,0.0228575513064,0.0115126930177,0.0,0.0,0.0
1140,2011-08-17 17:00:01,0.419463432128,0,0.5316619277,0.0201429650187,0.0400444754769,0.0201429650187,0.0,0.0,0.0
1141,2011-08-17 18:00:01,0.51581055162,0,0.510639131069,0.0182808618993,0.0363361537567,0.0182808618993,0.0,0.0,0.0
1142,2011-08-17 19:00:01,0.40214009123,0,0.473530590534,0.0182402729988,0.0362553221961,0.0182402729988,0.0,0.0,0.0
1143,2011-08-17 20:00:01,0.414989044084,0,0.449853986502,0.0153462709859,0.0304920052185,0.0153462709859,0.0,0.0,0.0
1144,2011-08-17 21:00:01,0.378822169658,0,0.439289003611,0.0089011490345,0.0176567409029,0.0089011490345,0.0,0.0,0.0
1145,2011-08-17 22:00:01,0.340767361329,0,0.418585807085,0.00687145022675,0.0136146574676,0.00687145022675,0.0,0.0,0.0
1146,2011-08-17 23:00:01,0.276738276729,0,0.405597865582,0.00154964497779,0.00301644419534,0.00154964497779,0.0,0.0,0.0
1147,2011-08-18 00:00:01,0.235627038536,0,0.345379680395,0.00199853489175,0.00391039480448,0.00199853489175,0.0,0.0,0.0
1148,2011-08-18 01:00:01,0.220036104876,0,0.306745171547,0.00320475967601,0.00631255477083,0.00320475967601,0.0,0.0,0.0
1149,2011-08-18 02:00:01,0.16929808846,0,0.272690504789,0.00341231375933,0.00672589241428,0.00341231375933,0.0,0.0,0.0
1150,2011-08-18 03:00:01,0.0870922580512,0,0.251702487469,0.0038327621296,0.0075632025543,0.0038327621296,0.0,0.0,0.0
1151,2011-08-18 04:00:01,0.174029940026,0,0.228701099753,0.00913754478097,0.0181275158412,0.00913754478097,0.0,0.0,0.0
1152,2011-08-18 05:00:01,0.342918195028,0,0.20562183857,0.00876180827618,0.0173792480212,0.00876180827618,0.0,0.0,0.0
1153,2011-08-18 06:00:01,0.267348046131,0,0.197955220938,0.00923203118145,0.0183156826337,0.00923203118145,0.0,0.0,0.0
1154,2011-08-18 07:00:01,0.564409319529,0,0.205961570144,0.00573082454503,0.0113431361185,0.00573082454503,0.0,0.0,0.0
1155,2011-08-18 08:00:01,0.731278312514,0,0.259289592505,0.0205411203206,0.0408373896492,0.0205411203206,0.0,0.0,0.0
1156,2011-08-18 09:00:01,0.59158867502,0,0.295019000769,0.047729216516,0.0949816562027,0.047729216516,0.0,0.0,0.0
1157,2011-08-18 10:00:01,0.631234163212,0,0.338189184666,0.0477705448866,0.0950639603955,0.0477705448866,0.0,0.0,0.0
1158,2011-08-18 11:00:01,0.499666392808,0,0.370637893677,0.0547767467797,0.109016598348,0.0547767467797,0.0,0.0,0.0
1159,2011-08-18 12:00:01,0.539603999384,0,0.40674841404,0.0399213843048,0.0794325958561,0.0399213843048,0.0,0.0,0.0
1160,2011-08-18 13:00:01,0.565339122521,0,0.427266001701,0.0158932395279,0.031581276432,0.0158932395279,0.0,0.0,0.0
1161,2011-08-18 14:00:01,0.647154828774,0,0.478010684252,0.00652238866314,0.0129195119816,0.00652238866314,0.0,0.0,0.0
1162,2011-08-18 15:00:01,0.674663764502,0,0.507746219635,0.00335038476624,0.00660256270833,0.00335038476624,0.0,0.0,0.0
1163,2011-08-18 16:00:01,0.578194076164,0,0.510663807392,0.00990107282996,0.0196480587254,0.00990107282996,0.0,0.0,0.0
1164,2011-08-18 17:00:01,0.487471011806,0,0.521595597267,0.0092265419662,0.0183047510284,0.0092265419662,0.0,0.0,0.0
1165,2011-08-18 18:00:01,0.429974267939,0,0.525528669357,0.00968041084707,0.0192086170987,0.00968041084707,0.0,0.0,0.0
1166,2011-08-18 19:00:01,0.415831461307,0,0.523996472359,0.00806553568691,0.0159926423393,0.00806553568691,0.0,0.0,0.0
1167,2011-08-18 20:00:01,0.381393731066,0,0.508893847466,0.00325514189899,0.00641288943535,0.00325514189899,0.0,0.0,0.0
1168,2011-08-18 21:00:01,0.406789672885,0,0.510961294174,0.00439713709056,0.00868713812164,0.00439713709056,0.0,0.0,0.0
1169,2011-08-18 22:00:01,0.412991451521,0,0.486315995455,0.00342770805582,0.00675654968749,0.00342770805582,0.0,0.0,0.0
1170,2011-08-18 23:00:01,0.33026112654,0,0.451186686754,0.00169170799199,0.0032993583668,0.00169170799199,0.0,0.0,0.0
1171,2011-08-19 00:00:01,0.296421527665,0,0.38963252306,0.00101328524761,0.00194830010793,0.00101328524761,0.0,0.0,0.0
1172,2011-08-19 01:00:01,0.221366846856,0,0.380349546671,0.00407066149637,0.00803697190669,0.00407066149637,0.0,0.0,0.0
1173,2011-08-19 02:00:01,0.23229973407,0,0.346934258938,0.00801312830299,0.0158882746283,0.00801312830299,0.0,0.0,0.0
1174,2011-08-19 03:00:01,0.134043973992,0,0.320174217224,0.00776772480458,0.015399561026,0.00776772480458,0.0,0.0,0.0
1175,2011-08-19 04:00:01,0.277378773003,0,0.281047224998,0.0112380124629,0.0223105333367,0.0112380124629,0.0,0.0,0.0
1176,2011-08-19 05:00:01,0.340181871808,0,0.251183629036,0.00769226392731,0.0152492829844,0.00769226392731,0.0,0.0,0.0
1177,2011-08-19 06:00:01,0.35080981217,0,0.244482010603,0.00499980337918,0.00988732970324,0.00499980337918,0.0,0.0,0.0
1178,2011-08-19 07:00:01,0.590662174129,0,0.281528323889,0.005661978852,0.011206032015,0.005661978852,0.0,0.0,0.0
1179,2011-08-19 08:00:01,0.737467802936,0,0.380075454712,0.0118093006313,0.0234482363464,0.0118093006313,0.0,0.0,0.0
1180,2011-08-19 09:00:01,0.622119072464,0,0.448794990778,0.0223755910993,0.0444906824032,0.0223755910993,0.0,0.0,0.0
1181,2011-08-19 10:00:01,0.630589225491,0,0.506831347942,0.0169226396829,0.0336312955279,0.0169226396829,0.0,0.0,0.0
1182,2011-08-19 11:00:01,0.600777631283,0,0.558699190617,0.00736239133403,0.0145923517491,0.00736239133403,0.0,0.0,0.0
1183,2011-08-19 12:00:01,0.677608133318,0,0.60199701786,0.00489661144093,0.00968182609715,0.00489661144093,0.0,0.0,0.0
1184,2011-08-19 13:00:01,0.812874741612,0,0.60452324152,0.000681173172779,0.00128690901324,0.000681173172779,0.0,0.0,0.0
1185,2011-08-19 14:00:01,0.654187738942,0,0.655361533165,0.00620216876268,0.0122818037904,0.00620216876268,0.0,0.0,0.0
1186,2011-08-19 15:00:01,0.658955291172,0,0.671005487442,0.00722696026787,0.0143226449004,0.00722696026787,0.0,0.0,0.0
1187,2011-08-19 16:00:01,0.545093608738,0,0.664380133152,0.00553626427427,0.0109556752575,0.00553626427427,0.0,0.0,0.0
1188,2011-08-19 17:00:01,0.3730140531,0,0.688380122185,0.00729634519666,0.0144608228755,0.00729634519666,0.0,0.0,0.0
1189,2011-08-19 18:00:01,0.36840538146,0,0.663119316101,0.0166589058936,0.0331060777088,0.0166589058936,0.0,0.0,0.0
1190,2011-08-19 19:00:01,0.43535843852,0,0.609974384308,0.0196955651045,0.0391534921569,0.0196955651045,0.0,0.0,0.0
1191,2011-08-19 20:00:01,0.390969839285,0,0.563814222813,0.0141032496467,0.0280165660323,0.0141032496467,0.0,0.0,0.0
1192,2011-08-19 21:00:01,0.354508194085,0,0.529982149601,0.0128779783845,0.0255764755844,0.0128779783845,0.0,0.0,0.0
1193,2011-08-19 22:00:01,0.372686310094,0,0.486385762691,0.00564790377393,0.0111780019252,0.00564790377393,0.0,0.0,0.0
1194,2011-08-19 23:00:01,0.270000284241,0,0.421709001064,0.000767827616073,0.00145947870117,0.000767827616073,0.0,0.0,0.0
1195,2011-08-20 00:00:01,0.251132750461,0,0.36736741662,0.00253758067265,0.00498388808019,0.00253758067265,0.0,0.0,0.0
1196,2011-08-20 01:00:01,0.228451711919,0,0.339891910553,0.00545663479716,0.010797095576,0.00545663479716,0.0,0.0,0.0
1197,2011-08-20 02:00:01,0.182043275803,0,0.295646190643,0.00525104999542,0.010387679697,0.00525104999542,0.0,0.0,0.0
1198,2011-08-20 03:00:01,0.112210956642,0,0.255892783403,0.003931902349,0.00776063728553,0.003931902349,0.0,0.0,0.0
1199,2011-08-20 04:00:01,0.213268410168,0,0.223576784134,0.00771222636104,0.0152890375639,0.00771222636104,0.0,0.0,0.0
1200,2011-08-20 05:00:01,0.425036621012,0,0.200693577528,0.00581957167014,0.0115198733186,0.00581957167014,0.0,0.0,0.0
1201,2011-08-20 06:00:01,0.342947638842,0,0.224095612764,0.0122437840328,0.0243134968242,0.0122437840328,0.0,0.0,0.0
1202,2011-08-20 07:00:01,0.56051505196,0,0.284155100584,0.0105512645096,0.0209428956775,0.0105512645096,0.0,0.0,0.0
1203,2011-08-20 08:00:01,0.660208360329,0,0.374519050121,0.0133133968338,0.0264435981816,0.0133133968338,0.0,0.0,0.0
1204,2011-08-20 09:00:01,0.576658180354,0,0.443228006363,0.0108086299151,0.0214554310541,0.0108086299151,0.0,0.0,0.0
1205,2011-08-20 10:00:01,0.45729230879,0,0.495808303356,0.0098482966423,0.0195429565531,0.0098482966423,0.0,0.0,0.0
1206,2011-08-20 11:00:01,0.483801962972,0,0.566801428795,0.00683720596135,0.0135464610547,0.00683720596135,0.0,0.0,0.0
1207,2011-08-20 12:00:01,0.643268057806,0,0.608817815781,0.0128493504599,0.0255194639434,0.0128493504599,0.0,0.0,0.0
1208,2011-08-20 13:00:01,0.724613492671,0,0.612443685532,0.0118480231613,0.0235253510871,0.0118480231613,0.0,0.0,0.0
1209,2011-08-20 14:00:01,0.639897798186,0,0.639565646648,0.0171971097589,0.0341778943352,0.0171971097589,0.0,0.0,0.0
1210,2011-08-20 15:00:01,0.590232638669,0,0.638959228992,0.00960225053132,0.0190529632074,0.00960225053132,0.0,0.0,0.0
1211,2011-08-20 16:00:01,0.581424402845,0,0.606055617332,0.00525260576978,0.0103907779743,0.00525260576978,0.0,0.0,0.0
1212,2011-08-20 17:00:01,0.372732394634,0,0.588294267654,0.00633655535057,0.0125494305923,0.00633655535057,0.0,0.0,0.0
1213,2011-08-20 18:00:01,0.315580352645,0,0.555545926094,0.00771253462881,0.0152896514698,0.00771253462881,0.0,0.0,0.0
1214,2011-08-20 19:00:01,0.310162528483,0,0.508893191814,0.00906606949866,0.0179851749907,0.00906606949866,0.0,0.0,0.0
1215,2011-08-20 20:00:01,0.323773582719,0,0.471820324659,0.00862552970648,0.0171078533951,0.00862552970648,0.0,0.0,0.0
1216,2011-08-20 21:00:01,0.307176895619,0,0.451743006706,0.00706018134952,0.0139905097577,0.00706018134952,0.0,0.0,0.0
1217,2011-08-20 22:00:01,0.336353581745,0,0.414091199636,0.00512393843383,0.0101345408886,0.00512393843383,0.0,0.0,0.0
1218,2011-08-20 23:00:01,0.339751591582,0,0.359883308411,0.00115470937453,0.00222994195479,0.00115470937453,0.0,0.0,0.0
1219,2011-08-21 00:00:01,0.257600515915,0,0.284670650959,0.00143878092058,0.00279566179773,0.00143878092058,0.0,0.0,0.0
1220,2011-08-21 01:00:01,0.269850552717,0,0.248067557812,0.00325794517994,0.00641847208408,0.00325794517994,0.0,0.0,0.0
1221,2011-08-21 02:00:01,0.186970680506,0,0.206067696214,0.00860666483641,0.0170702845802,0.00860666483641,0.0,0.0,0.0
1222,2011-08-21 03:00:01,0.13535999569,0,0.173013463616,0.00875106453896,0.0173578521954,0.00875106453896,0.0,0.0,0.0
1223,2011-08-21 04:00:01,0.242871018516,0,0.151252925396,0.00606736680493,0.012013349792,0.00606736680493,0.0,0.0,0.0
1224,2011-08-21 05:00:01,0.446147593304,0,0.154889911413,0.00563797634095,0.0111582317444,0.00563797634095,0.0,0.0,0.0
1225,2011-08-21 06:00:01,0.336120598324,0,0.178121134639,0.0153679670766,0.0305352123232,0.0153679670766,0.0,0.0,0.0
1226,2011-08-21 07:00:01,0.553314117156,0,0.230891481042,0.00771559821442,0.0152957525073,0.00771559821442,0.0,0.0,0.0
1227,2011-08-21 08:00:01,0.726170286271,0,0.339890241623,0.0115083027631,0.0228488082479,0.0115083027631,0.0,0.0,0.0
1228,2011-08-21 09:00:01,0.536565584427,0,0.402937442064,0.0214113350958,0.0425703959034,0.0214113350958,0.0,0.0,0.0
1229,2011-08-21 10:00:01,0.44734194171,0,0.431929171085,0.0189352128655,0.0376392738016,0.0189352128655,0.0,0.0,0.0
1230,2011-08-21 11:00:01,0.423711488468,0,0.471929490566,0.017239458859,0.0342622312799,0.017239458859,0.0,0.0,0.0
1231,2011-08-21 12:00:01,0.475758726692,0,0.525995314121,0.0172825511545,0.0343480482756,0.0172825511545,0.0,0.0,0.0
1232,2011-08-21 13:00:01,0.471918713455,0,0.537999331951,0.00901629030704,0.0178860412448,0.00901629030704,0.0,0.0,0.0
1233,2011-08-21 14:00:01,0.503457143485,0,0.571507275105,0.0142343193293,0.0282775873182,0.0142343193293,0.0,0.0,0.0
1234,2011-08-21 15:00:01,0.514255113707,0,0.595584869385,0.0145153924823,0.0288373359526,0.0145153924823,0.0,0.0,0.0
1235,2011-08-21 16:00:01,0.431939163888,0,0.559560954571,0.00366864632815,0.00723637092786,0.00366864632815,0.0,0.0,0.0
1236,2011-08-21 17:00:01,0.325415718509,0,0.531517207623,0.00187753455248,0.00366942630945,0.00187753455248,0.0,0.0,0.0
1237,2011-08-21 18:00:01,0.285189443616,0,0.483336627483,0.00310360454023,0.0061111073949,0.00310360454023,0.0,0.0,0.0
1238,2011-08-21 19:00:01,0.317119827692,0,0.43414208293,0.00469576381147,0.00928184415256,0.00469576381147,0.0,0.0,0.0
1239,2011-08-21 20:00:01,0.290457501646,0,0.391496151686,0.00194807245862,0.00380990040387,0.00194807245862,0.0,0.0,0.0
1240,2011-08-21 21:00:01,0.27995427649,0,0.380432367325,0.00229391176254,0.00449862885773,0.00229391176254,0.0,0.0,0.0
1241,2011-08-21 22:00:01,0.230658647066,0,0.353306233883,0.00146796368062,0.00285377837667,0.00146796368062,0.0,0.0,0.0
1242,2011-08-21 23:00:01,0.209635746184,0,0.319363296032,0.000864053145051,0.00165110891509,0.000864053145051,0.0,0.0,0.0
1243,2011-08-22 00:00:01,0.192475963584,0,0.28073233366,0.00220478419214,0.00432113401242,0.00220478419214,0.0,0.0,0.0
1244,2011-08-22 01:00:01,0.164815182026,0,0.259100317955,0.00313998898491,0.00618356590973,0.00313998898491,0.0,0.0,0.0
1245,2011-08-22 02:00:01,0.110535150977,0,0.238493576646,0.00320629170164,0.00631560575328,0.00320629170164,0.0,0.0,0.0
1246,2011-08-22 03:00:01,0.104477258185,0,0.214441075921,0.00530908070505,0.01050324609,0.00530908070505,0.0,0.0,0.0
1247,2011-08-22 04:00:01,0.18512591909,0,0.204498663545,0.00927265547216,0.0183965846729,0.00927265547216,0.0,0.0,0.0
1248,2011-08-22 05:00:01,0.381510877171,0,0.191517323256,0.00667554885149,0.0132245258378,0.00667554885149,0.0,0.0,0.0
1249,2011-08-22 06:00:01,0.31399571388,0,0.218326866627,0.0129847405478,0.0257890891852,0.0129847405478,0.0,0.0,0.0
1250,2011-08-22 07:00:01,0.487023870755,0,0.256034642458,0.00858388561755,0.0170249204587,0.00858388561755,0.0,0.0,0.0
1251,2011-08-22 08:00:01,0.942026371957,0,0.346216738224,0.0107689648867,0.0213764393564,0.0107689648867,0.0,0.0,0.0
1252,2011-08-22 09:00:01,0.63722210403,0,0.399008482695,0.068549990654,0.136445594563,0.068549990654,0.0,0.0,0.0
1253,2011-08-22 10:00:01,0.624105214485,0,0.42937001586,0.0721375346184,0.14359007924,0.0721375346184,0.0,0.0,0.0
1254,2011-08-22 11:00:01,0.514261201483,0,0.463177025318,0.0676806494594,0.134714328018,0.0676806494594,0.0,0.0,0.0
1255,2011-08-22 12:00:01,0.552739050991,0,0.478494435549,0.0654001682997,0.130172819157,0.0654001682997,0.0,0.0,0.0
1256,2011-08-22 13:00:01,0.573479143278,0,0.481682777405,0.0123605625704,0.0245460577296,0.0123605625704,0.0,0.0,0.0
1257,2011-08-22 14:00:01,0.501581484674,0,0.509011030197,0.0063319709152,0.0125403008287,0.0063319709152,0.0,0.0,0.0
1258,2011-08-22 15:00:01,0.590461069976,0,0.524841666222,0.00227007642388,0.00445116150584,0.00227007642388,0.0,0.0,0.0
1259,2011-08-22 16:00:01,0.453414882894,0,0.511994600296,0.00635203905404,0.0125802659168,0.00635203905404,0.0,0.0,0.0
1260,2011-08-22 17:00:01,0.460129498665,0,0.500765919685,0.00673493696377,0.0133427954569,0.00673493696377,0.0,0.0,0.0
1261,2011-08-22 18:00:01,0.461381790885,0,0.465901374817,0.00669759046286,0.0132684210363,0.00669759046286,0.0,0.0,0.0
1262,2011-08-22 19:00:01,0.434086090912,0,0.407570242882,0.0148765072227,0.0295564849735,0.0148765072227,0.0,0.0,0.0
1263,2011-08-22 20:00:01,0.355729699527,0,0.373265206814,0.011268991977,0.0223722280967,0.011268991977,0.0,0.0,0.0
1264,2011-08-22 21:00:01,0.408480537836,0,0.373977303505,0.00815442949533,0.0161696716547,0.00815442949533,0.0,0.0,0.0
1265,2011-08-22 22:00:01,0.363778609121,0,0.353567481041,0.00794663187116,0.0157558490071,0.00794663187116,0.0,0.0,0.0
1266,2011-08-22 23:00:01,0.243418079307,0,0.309560418129,0.00857452116907,0.0170062714444,0.00857452116907,0.0,0.0,0.0
1267,2011-08-23 00:00:01,0.216840038578,0,0.27098107338,0.0075106183067,0.0148875412563,0.0075106183067,0.0,0.0,0.0
1268,2011-08-23 01:00:01,0.182699270587,0,0.247362017632,0.0109124407172,0.0216621671087,0.0109124407172,0.0,0.0,0.0
1269,2011-08-23 02:00:01,0.155088512674,0,0.228099018335,0.00733381649479,0.0145354458259,0.00733381649479,0.0,0.0,0.0
1270,2011-08-23 03:00:01,0.136296435355,0,0.213521152735,0.00467967661098,0.00924980698213,0.00467967661098,0.0,0.0,0.0
1271,2011-08-23 04:00:01,0.266380333674,0,0.214828640223,0.00764387147501,0.0151529108876,0.00764387147501,0.0,0.0,0.0
1272,2011-08-23 05:00:01,0.337234310028,0,0.215816676617,0.0055593168363,0.0110015837336,0.0055593168363,0.0,0.0,0.0
1273,2011-08-23 06:00:01,0.420321666044,0,0.23873013258,0.00644065532833,0.0127567425315,0.00644065532833,0.0,0.0,0.0
1274,2011-08-23 07:00:01,0.571968795677,0,0.310930848122,0.00961451046169,0.0190773784858,0.00961451046169,0.0,0.0,0.0
1275,2011-08-23 08:00:01,0.925577114418,0,0.409152030945,0.00994831789285,0.0197421458311,0.00994831789285,0.0,0.0,0.0
1276,2011-08-23 09:00:01,0.77215277453,0,0.513671159744,0.0398461148143,0.0792826989554,0.0398461148143,0.0,0.0,0.0
1277,2011-08-23 10:00:01,0.658258179262,0,0.568517804146,0.0339258313179,0.0674926344582,0.0339258313179,0.0,0.0,0.0
1278,2011-08-23 11:00:01,0.510948803496,0,0.657799124718,0.0214351564646,0.0426178354348,0.0214351564646,0.0,0.0,0.0
1279,2011-08-23 12:00:01,0.446479040996,0,0.69209164381,0.0263431109488,0.0523918774978,0.0263431109488,0.0,0.0,0.0
1280,2011-08-23 13:00:01,0.470690657275,0,0.680850207806,0.0268453564495,0.0533920841349,0.0268453564495,0.0,0.0,0.0
1281,2011-08-23 14:00:01,0.53513628174,0,0.700782418251,0.0393915735185,0.0783774937913,0.0393915735185,0.0,0.0,0.0
1282,2011-08-23 15:00:01,0.581594966201,0,0.697933733463,0.0384955741465,0.0765931382969,0.0384955741465,0.0,0.0,0.0
1283,2011-08-23 16:00:01,0.491000848364,0,0.655046880245,0.0203953143209,0.0405470214361,0.0203953143209,0.0,0.0,0.0
1284,2011-08-23 17:00:01,0.391632415963,0,0.634229362011,0.0105855055153,0.021011085599,0.0105855055153,0.0,0.0,0.0
1285,2011-08-23 18:00:01,0.357763841466,0,0.589736700058,0.00533998664469,0.0105647943286,0.00533998664469,0.0,0.0,0.0
1286,2011-08-23 19:00:01,0.332041585307,0,0.512020766735,0.00408200221136,0.00805955659562,0.00408200221136,0.0,0.0,0.0
1287,2011-08-23 20:00:01,0.325593952655,0,0.488387167454,0.00445438129827,0.00880113822001,0.00445438129827,0.0,0.0,0.0
1288,2011-08-23 21:00:01,0.313404596023,0,0.461775720119,0.00515270605683,0.0101918307347,0.00515270605683,0.0,0.0,0.0
1289,2011-08-23 22:00:01,0.376397902014,0,0.441738814116,0.005336179398,0.0105572123127,0.005336179398,0.0,0.0,0.0
1290,2011-08-23 23:00:01,0.317712643473,0,0.358240365982,0.00128573155962,0.0024908686509,0.00128573155962,0.0,0.0,0.0
1291,2011-08-24 00:00:01,0.38969990065,0,0.30126619339,0.00147157220636,0.00286096464589,0.00147157220636,0.0,0.0,0.0
1292,2011-08-24 01:00:01,0.240706926238,0,0.246085911989,0.0092371320352,0.0183258408287,0.0092371320352,0.0,0.0,0.0
1293,2011-08-24 02:00:01,0.190609700877,0,0.213908135891,0.0130681805313,0.0259552573741,0.0130681805313,0.0,0.0,0.0
1294,2011-08-24 03:00:01,0.151811581992,0,0.188393160701,0.0135286999866,0.0268723678612,0.0135286999866,0.0,0.0,0.0
1295,2011-08-24 04:00:01,0.229649149864,0,0.172020494938,0.0140508208424,0.0279121556633,0.0140508208424,0.0,0.0,0.0
1296,2011-08-24 05:00:01,0.329168110655,0,0.168130904436,0.00278340070508,0.00547343119732,0.00278340070508,0.0,0.0,0.0
1297,2011-08-24 06:00:01,0.401594437444,0,0.172580242157,0.00413297768682,0.00816107270441,0.00413297768682,0.0,0.0,0.0
1298,2011-08-24 07:00:01,0.569692436792,0,0.251389473677,0.00489894486964,0.00968647304945,0.00489894486964,0.0,0.0,0.0
1299,2011-08-24 08:00:01,0.852406359769,0,0.332158356905,0.0103271547705,0.0204965879493,0.0103271547705,0.0,0.0,0.0
1300,2011-08-24 09:00:01,0.822640913044,0,0.427567332983,0.0372507274151,0.0741140638976,0.0372507274151,0.0,0.0,0.0
1301,2011-08-24 10:00:01,0.38137959284,0,0.488307803869,0.0471015833318,0.093731743808,0.0471015833318,0.0,0.0,0.0
1302,2011-08-24 11:00:01,0.537781450778,0,0.542594432831,0.0480588823557,0.0956381756944,0.0480588823557,0.0,0.0,0.0
1303,2011-08-24 12:00:01,0.522675358993,0,0.569906711578,0.0461917705834,0.0919198793946,0.0461917705834,0.0,0.0,0.0
1304,2011-08-24 12:00:01,0.46361742255,0,0.55863493681,0.0270946566015,0.0538885578044,0.0270946566015,0.0,0.0,0.0
1305,2011-08-24 13:00:01,0.577986031936,0,0.576325893402,0.0138873877004,0.0275866835324,0.0138873877004,0.0,0.0,0.0
1306,2011-08-24 14:00:01,0.475845093773,0,0.564688444138,0.00234658923,0.00460353443182,0.00234658923,0.0,0.0,0.0
1307,2011-08-24 15:00:01,0.508351763729,0,0.543262243271,0.00304192258045,0.00598826964828,0.00304192258045,0.0,0.0,0.0
1308,2011-08-24 16:00:01,0.404249632955,0,0.50226610899,0.00262119015679,0.00515039382458,0.00262119015679,0.0,0.0,0.0
1309,2011-08-24 17:00:01,0.541413159989,0,0.48606801033,0.00342105189338,0.00674329414245,0.00342105189338,0.0,0.0,0.0
1310,2011-08-24 18:00:01,0.554009998077,0,0.430402100086,0.00903342105448,0.0179201566072,0.00903342105448,0.0,0.0,0.0
1311,2011-08-24 19:00:01,0.458126230812,0,0.413941770792,0.0186631195247,0.0370974081902,0.0186631195247,0.0,0.0,0.0
1312,2011-08-24 20:00:01,0.364072301505,0,0.393908798695,0.0213651098311,0.0424783396949,0.0213651098311,0.0,0.0,0.0
1313,2011-08-24 21:00:01,0.369986800948,0,0.376787006855,0.0199255179614,0.0396114362766,0.0199255179614,0.0,0.0,0.0
1314,2011-08-24 22:00:01,0.284192071309,0,0.339700877666,0.016507031396,0.0328036242667,0.016507031396,0.0,0.0,0.0
1315,2011-08-24 23:00:01,0.312240110607,0,0.324175477028,0.00547333620489,0.0108303559215,0.00547333620489,0.0,0.0,0.0
1316,2011-08-25 00:00:01,0.271171692532,0,0.311561822891,0.00233861827292,0.00458766051325,0.00233861827292,0.0,0.0,0.0
1317,2011-08-25 01:00:01,0.236138420071,0,0.293354094028,0.00222021131776,0.00435185666382,0.00222021131776,0.0,0.0,0.0
1318,2011-08-25 02:00:01,0.196777152001,0,0.285725176334,0.00276627624407,0.00543932835412,0.00276627624407,0.0,0.0,0.0
1319,2011-08-25 03:00:01,0.195476439093,0,0.247629135847,0.00446882098913,0.00882989442512,0.00446882098913,0.0,0.0,0.0
1320,2011-08-25 04:00:01,0.195476439093,0,0.250659912825,0.00584488641471,0.0115702868624,0.00584488641471,0.0,0.0,0.0
1321,2011-08-25 05:00:01,0.263634484402,0,0.256640464067,0.00874877162278,0.0173532859226,0.00874877162278,0.0,0.0,0.0
1322,2011-08-25 06:00:01,0.370815917806,0,0.323452234268,0.0222645346075,0.0442695167781,0.0222645346075,0.0,0.0,0.0
1323,2011-08-25 07:00:01,0.619615829648,0,0.402257889509,0.0353010855615,0.0702314114513,0.0353010855615,0.0,0.0,0.0
1324,2011-08-25 08:00:01,0.674820764887,0,0.49966570735,0.0470165722072,0.0935624467392,0.0470165722072,0.0,0.0,0.0
1325,2011-08-25 09:00:01,0.797613352964,0,0.565203547478,0.0344673506916,0.0685710538187,0.0344673506916,0.0,0.0,0.0
1326,2011-08-25 10:00:01,0.470642940034,0,0.579045176506,0.0217273496091,0.0431997291941,0.0217273496091,0.0,0.0,0.0
1327,2011-08-25 11:00:01,0.564815871645,0,0.561755418777,0.0188798047602,0.0375289302454,0.0188798047602,0.0,0.0,0.0
1328,2011-08-25 12:00:01,0.607019518351,0,0.518289387226,0.0256712008268,0.0510537889282,0.0256712008268,0.0,0.0,0.0
1329,2011-08-25 13:00:01,0.620248636488,0,0.53788036108,0.0188804399222,0.0375301951512,0.0188804399222,0.0,0.0,0.0
1330,2011-08-25 14:00:01,0.506656175079,0,0.563508749008,0.00380949722603,0.00751687120651,0.00380949722603,0.0,0.0,0.0
1331,2011-08-25 15:00:01,0.482554620718,0,0.579147458076,0.00212242640555,0.00415712098561,0.00212242640555,0.0,0.0,0.0
1332,2011-08-25 16:00:01,0.434477369981,0,0.586948156357,0.00169894169085,0.00331376405803,0.00169894169085,0.0,0.0,0.0
1333,2011-08-25 17:00:01,0.381578535059,0,0.560216724873,0.00296331150457,0.00583171808189,0.00296331150457,0.0,0.0,0.0
1334,2011-08-25 18:00:01,0.376932770658,0,0.511995732784,0.00211925525218,0.00415080573014,0.00211925525218,0.0,0.0,0.0
1335,2011-08-25 19:00:01,0.447796181331,0,0.478798031807,0.00135416258126,0.00262714694894,0.00135416258126,0.0,0.0,0.0
1336,2011-08-25 20:00:01,0.347306556611,0,0.460357815027,0.00195189914666,0.00381752113671,0.00195189914666,0.0,0.0,0.0
1337,2011-08-25 21:00:01,0.329205745766,0,0.455799758434,0.0033010460902,0.00650430623581,0.0033010460902,0.0,0.0,0.0
1338,2011-08-25 22:00:01,0.362921696541,0,0.444639086723,0.00262729101814,0.00516254350439,0.00262729101814,0.0,0.0,0.0
1339,2011-08-25 23:00:01,0.293271889932,0,0.395896345377,0.00155232171528,0.00302177483664,0.00155232171528,0.0,0.0,0.0
1340,2011-08-26 00:00:01,0.229195202264,0,0.340520858765,0.000676930823829,0.00127846050435,0.000676930823829,0.0,0.0,0.0
1341,2011-08-26 01:00:01,0.210904033163,0,0.281173080206,0.00351800723001,0.00693637774612,0.00351800723001,0.0,0.0,0.0
1342,2011-08-26 02:00:01,0.195831270749,0,0.256197839975,0.00559515319765,0.0110729507571,0.00559515319765,0.0,0.0,0.0
1343,2011-08-26 03:00:01,0.139439914373,0,0.236949712038,0.00332883791998,0.00655965281943,0.00332883791998,0.0,0.0,0.0
1344,2011-08-26 04:00:01,0.263746937101,0,0.215786278248,0.00383503362536,0.00756772616901,0.00383503362536,0.0,0.0,0.0
1345,2011-08-26 05:00:01,0.327917456928,0,0.193265736103,0.00326966517605,0.00644181209983,0.00326966517605,0.0,0.0,0.0
1346,2011-08-26 06:00:01,0.396204582512,0,0.188542246819,0.00367035111412,0.00723976595726,0.00367035111412,0.0,0.0,0.0
1347,2011-08-26 07:00:01,0.69274926619,0,0.217775940895,0.00602584518492,0.0119306607488,0.00602584518492,0.0,0.0,0.0
1348,2011-08-26 08:00:01,0.744389372068,0,0.27484190464,0.0314783379436,0.0626185258522,0.0314783379436,0.0,0.0,0.0
1349,2011-08-26 09:00:01,0.625798309119,0,0.394890159369,0.0336363315582,0.066916104493,0.0336363315582,0.0,0.0,0.0
1350,2011-08-26 10:00:01,0.752398197338,0,0.47816824913,0.0251520685852,0.0500199528602,0.0251520685852,0.0,0.0,0.0
1351,2011-08-26 11:00:01,0.473163550273,0,0.531885206699,0.0246322564781,0.0489847628609,0.0246322564781,0.0,0.0,0.0
1352,2011-08-26 12:00:01,0.524505311167,0,0.566778540611,0.0192047897726,0.0381761280121,0.0192047897726,0.0,0.0,0.0
1353,2011-08-26 13:00:01,0.593693598254,0,0.58185172081,0.0132410367951,0.0262994953654,0.0132410367951,0.0,0.0,0.0
1354,2011-08-26 14:00:01,0.525804193307,0,0.607081592083,0.0129455300048,0.0257110025815,0.0129455300048,0.0,0.0,0.0
1355,2011-08-26 15:00:01,0.591953091389,0,0.602383613586,0.00752704031765,0.0149202451916,0.00752704031765,0.0,0.0,0.0
1356,2011-08-26 16:00:01,0.558993230187,0,0.579535722733,0.00125984894112,0.00243932420347,0.00125984894112,0.0,0.0,0.0
1357,2011-08-26 17:00:01,0.485168802892,0,0.549950838089,0.00258520175703,0.00507872402117,0.00258520175703,0.0,0.0,0.0
1358,2011-08-26 18:00:01,0.456283021111,0,0.529983878136,0.00289055379108,0.00568682330864,0.00289055379108,0.0,0.0,0.0
1359,2011-08-26 19:00:01,0.417414250123,0,0.492280781269,0.00464969268069,0.00919009489702,0.00464969268069,0.0,0.0,0.0
1360,2011-08-26 20:00:01,0.403502358077,0,0.488018631935,0.00154650246259,0.00301018597192,0.00154650246259,0.0,0.0,0.0
1361,2011-08-26 21:00:01,0.385167324918,0,0.48224952817,1.63773765962e-05,1.99135622103e-05,1.63773765962e-05,0.0,0.0,0.0
1362,2011-08-26 22:00:01,0.344460529278,0,0.455759078264,0.000125403093989,0.000237022602793,0.000125403093989,0.0,0.0,0.0
1363,2011-08-26 23:00:01,0.374505582941,0,0.4151892066,0.00011182668095,0.000209987128228,0.00011182668095,0.0,0.0,0.0
1364,2011-08-27 00:00:01,0.291171959972,0,0.353293091059,0.00121001037769,0.00239686206456,0.00121001037769,0.0,0.0,0.0
1365,2011-08-27 01:00:01,0.293885366774,0,0.30493208766,0.00253069959581,0.00502682475511,0.00253069959581,0.0,0.0,0.0
1366,2011-08-27 02:00:01,0.262753171839,0,0.269215017557,0.00389015651308,0.00773398774454,0.00389015651308,0.0,0.0,0.0
1367,2011-08-27 03:00:01,0.241000808278,0,0.246702179313,0.00452220020816,0.0089926118887,0.00452220020816,0.0,0.0,0.0
1368,2011-08-27 04:00:01,0.344548653001,0,0.223066687584,0.00227234140038,0.0045123415554,0.00227234140038,0.0,0.0,0.0
1369,2011-08-27 05:00:01,0.356728907905,0,0.21632784605,0.00393539480865,0.00782407330585,0.00393539480865,0.0,0.0,0.0
1370,2011-08-27 06:00:01,0.418200441587,0,0.240032196045,0.00144422031008,0.00286325747045,0.00144422031008,0.0,0.0,0.0
1371,2011-08-27 07:00:01,0.541816463032,0,0.296641469002,0.0018553652335,0.00368199347144,0.0018553652335,0.0,0.0,0.0
1372,2011-08-27 08:00:01,0.685062538594,0,0.428995877504,0.0056829880923,0.0113041540631,0.0056829880923,0.0,0.0,0.0
1373,2011-08-27 09:00:01,0.602899332989,0,0.517299473286,0.0127842947841,0.0254453853212,0.0127842947841,0.0,0.0,0.0
1374,2011-08-27 10:00:01,0.459935170681,0,0.599933624268,0.0107112061232,0.0213171273197,0.0107112061232,0.0,0.0,0.0
1375,2011-08-27 11:00:01,0.640260917425,0,0.65487164259,0.017654132098,0.0351429661516,0.017654132098,0.0,0.0,0.0
1376,2011-08-27 12:00:01,0.539125931158,0,0.632658720016,0.0110323885456,0.0219567159345,0.0110323885456,0.0,0.0,0.0
1377,2011-08-27 13:00:01,0.526067196771,0,0.614134192467,0.0100493971258,0.0199992298556,0.0100493971258,0.0,0.0,0.0
1378,2011-08-27 14:00:01,0.500138028587,0,0.61229467392,0.010078150779,0.0200564886217,0.010078150779,0.0,0.0,0.0
1379,2011-08-27 15:00:01,0.470130995368,0,0.597328841686,0.004907569848,0.00976002011839,0.004907569848,0.0,0.0,0.0
1380,2011-08-27 16:00:01,0.458325666601,0,0.586183428764,0.0042010853067,0.00835315773202,0.0042010853067,0.0,0.0,0.0
1381,2011-08-27 17:00:01,0.384944803398,0,0.586682260036,0.00482424581423,0.00959409228539,0.00482424581423,0.0,0.0,0.0
1382,2011-08-27 18:00:01,0.367961464605,0,0.545347750187,0.00422945758328,0.00840965704148,0.00422945758328,0.0,0.0,0.0
1383,2011-08-27 19:00:01,0.358592014997,0,0.511536836624,0.00332723045722,0.00661300144122,0.00332723045722,0.0,0.0,0.0
1384,2011-08-27 20:00:01,0.358783496979,0,0.46645963192,0.00188364763744,0.00373831381249,0.00188364763744,0.0,0.0,0.0
1385,2011-08-27 21:00:01,0.343275572406,0,0.440720945597,0.0017048966838,0.00338235698895,0.0017048966838,0.0,0.0,0.0
1386,2011-08-27 22:00:01,0.296511837201,0,0.418674111366,0.0012477170676,0.00247194951609,0.0012477170676,0.0,0.0,0.0
1387,2011-08-27 23:00:01,0.276639721035,0,0.380309969187,0.000499623594806,0.00098222892513,0.000499623594806,0.0,0.0,0.0
1388,2011-08-28 00:00:01,0.22988642872,0,0.344476938248,0.00114606833085,0.00226953067181,0.00114606833085,0.0,0.0,0.0
1389,2011-08-28 01:00:01,0.179769394234,0,0.311904847622,0.00255294889212,0.00507113102973,0.00255294889212,0.0,0.0,0.0
1390,2011-08-28 02:00:01,0.159671242548,0,0.284466743469,0.00464324327186,0.00923365174661,0.00464324327186,0.0,0.0,0.0
1391,2011-08-28 03:00:01,0.105595766279,0,0.257510781288,0.00640857592225,0.0127490579022,0.00640857592225,0.0,0.0,0.0
1392,2011-08-28 04:00:01,0.207110069614,0,0.24342367053,0.0105072725564,0.0209110229427,0.0105072725564,0.0,0.0,0.0
1393,2011-08-28 05:00:01,0.245857418396,0,0.227000057697,0.00842705648392,0.0167685717257,0.00842705648392,0.0,0.0,0.0
1394,2011-08-28 06:00:01,0.39814087674,0,0.241346359253,0.00835526082665,0.0166256009969,0.00835526082665,0.0,0.0,0.0
1395,2011-08-28 07:00:01,0.350838207508,0,0.272033005953,0.0117053231224,0.0232967683905,0.0117053231224,0.0,0.0,0.0
1396,2011-08-28 08:00:01,0.716830236206,0,0.323057442904,0.00549698201939,0.0109337497126,0.00549698201939,0.0,0.0,0.0
1397,2011-08-28 09:00:01,0.489124768301,0,0.380964696407,0.0279426407069,0.0556310517751,0.0279426407069,0.0,0.0,0.0
1398,2011-08-28 10:00:01,0.439501000839,0,0.414429605007,0.019503692165,0.0388260990973,0.019503692165,0.0,0.0,0.0
1399,2011-08-28 11:00:01,0.383496177441,0,0.456607699394,0.0189285650849,0.0376808162085,0.0189285650849,0.0,0.0,0.0
1400,2011-08-28 12:00:01,0.447664303442,0,0.473712086678,0.0178726837039,0.0355781802517,0.0178726837039,0.0,0.0,0.0
1401,2011-08-28 13:00:01,0.499446428081,0,0.480319976807,0.00354091706686,0.00703852760068,0.00354091706686,0.0,0.0,0.0
1402,2011-08-28 14:00:01,0.517333845772,0,0.485653579235,0.00369623093866,0.0073478128455,0.00369623093866,0.0,0.0,0.0
1403,2011-08-28 15:00:01,0.467240082706,0,0.480253875256,0.0039996211417,0.00795197081373,0.0039996211417,0.0,0.0,0.0
1404,2011-08-28 16:00:01,0.424241238194,0,0.459721386433,0.00273957801983,0.00544277610422,0.00273957801983,0.0,0.0,0.0
1405,2011-08-28 17:00:01,0.354339490394,0,0.433531224728,0.00454966211691,0.00904729833154,0.00454966211691,0.0,0.0,0.0
1406,2011-08-28 18:00:01,0.340394154471,0,0.421105980873,0.00371082057245,0.00737686600351,0.00371082057245,0.0,0.0,0.0
1407,2011-08-28 19:00:01,0.286427926251,0,0.393642604351,0.00186758313794,0.00370632367146,0.00186758313794,0.0,0.0,0.0
1408,2011-08-28 20:00:01,0.237723215567,0,0.384317547083,0.0007134815678,0.00140809633007,0.0007134815678,0.0,0.0,0.0
1409,2011-08-28 21:00:01,0.222222092422,0,0.384402394295,0.00207257270813,0.00411453092731,0.00207257270813,0.0,0.0,0.0
1410,2011-08-28 22:00:01,0.200240749166,0,0.372205287218,0.00470723118633,0.00936107447816,0.00470723118633,0.0,0.0,0.0
1411,2011-08-28 23:00:01,0.225667940661,0,0.332442611456,0.00525314966217,0.0104481926312,0.00525314966217,0.0,0.0,0.0
1412,2011-08-29 00:00:01,0.166187694808,0,0.293305367231,0.00392394559458,0.00780127384219,0.00392394559458,0.0,0.0,0.0
1413,2011-08-29 01:00:01,0.143539772058,0,0.241274178028,0.00237148161978,0.00470976504804,0.00237148161978,0.0,0.0,0.0
1414,2011-08-29 02:00:01,0.111379624527,0,0.212892025709,0.0029672451783,0.00589614251656,0.0029672451783,0.0,0.0,0.0
1415,2011-08-29 03:00:01,0.0776805147403,0,0.187525823712,0.00413447711617,0.00822051709742,0.00413447711617,0.0,0.0,0.0
1416,2011-08-29 04:00:01,0.169262126815,0,0.172799915075,0.0061330772005,0.0122004418087,0.0061330772005,0.0,0.0,0.0
1417,2011-08-29 05:00:01,0.254880452502,0,0.15935343504,0.00489033106714,0.00972569156489,0.00489033106714,0.0,0.0,0.0
1418,2011-08-29 06:00:01,0.303058709537,0,0.165110975504,0.0044725802727,0.00889380092154,0.0044725802727,0.0,0.0,0.0
1419,2011-08-29 07:00:01,0.514439582349,0,0.185197085142,0.00476883398369,0.00948374759192,0.00476883398369,0.0,0.0,0.0
1420,2011-08-29 08:00:01,0.658316936718,0,0.235603630543,0.0152298286557,0.0303153144102,0.0152298286557,0.0,0.0,0.0
1421,2011-08-29 09:00:01,0.556999967385,0,0.324377626181,0.0276764221489,0.0551009157936,0.0276764221489,0.0,0.0,0.0
1422,2011-08-29 10:00:01,0.619945922359,0,0.367361932993,0.0261385701597,0.0520385046677,0.0261385701597,0.0,0.0,0.0
1423,2011-08-29 11:00:01,0.450226789745,0,0.404246538877,0.0300827883184,0.0598928480352,0.0300827883184,0.0,0.0,0.0
1424,2011-08-29 12:00:01,0.349688847776,0,0.430228918791,0.0237064380199,0.0471952632008,0.0237064380199,0.0,0.0,0.0
1425,2011-08-29 13:00:01,0.486345501905,0,0.441120922565,0.0134373493493,0.0267458495922,0.0134373493493,0.0,0.0,0.0
1426,2011-08-29 14:00:01,0.420378546469,0,0.454431325197,0.0100316060707,0.0199638015272,0.0100316060707,0.0,0.0,0.0
1427,2011-08-29 15:00:01,0.51295060369,0,0.477365672588,0.00497162761167,0.00988758194457,0.00497162761167,0.0,0.0,0.0
1428,2011-08-29 16:00:01,0.496096490911,0,0.471616208553,0.00542148342356,0.0107834051142,0.00542148342356,0.0,0.0,0.0
1429,2011-08-29 17:00:01,0.376934717904,0,0.455920010805,0.00618181470782,0.0122974955471,0.00618181470782,0.0,0.0,0.0
1430,2011-08-29 18:00:01,0.337068943355,0,0.42558863759,0.00656962487847,0.013069763743,0.00656962487847,0.0,0.0,0.0
1431,2011-08-29 19:00:01,0.413516562642,0,0.380417495966,0.00936834234744,0.0186430071858,0.00936834234744,0.0,0.0,0.0
1432,2011-08-29 20:00:01,0.302496260416,0,0.370722144842,0.00750119937584,0.0149248604137,0.00750119937584,0.0,0.0,0.0
1433,2011-08-29 21:00:01,0.311196871854,0,0.363455176353,0.00303302542306,0.0060271344162,0.00303302542306,0.0,0.0,0.0
1434,2011-08-29 22:00:01,0.301463382927,0,0.345471054316,0.00207706936635,0.00412348537563,0.00207706936635,0.0,0.0,0.0
1435,2011-08-29 23:00:01,0.286663438821,0,0.314660012722,0.00310793193057,0.00617629995592,0.00310793193057,0.0,0.0,0.0
1436,2011-08-30 00:00:01,0.246661272805,0,0.263540059328,0.00198106002063,0.00393229656775,0.00198106002063,0.0,0.0,0.0
1437,2011-08-30 01:00:01,0.16601725146,0,0.204112559557,0.00595902977511,0.0118538513854,0.00595902977511,0.0,0.0,0.0
1438,2011-08-30 02:00:01,0.137433044858,0,0.184269502759,0.00620602164418,0.0123457001804,0.00620602164418,0.0,0.0,0.0
1439,2011-08-30 03:00:01,0.125703316643,0,0.173574090004,0.00563244987279,0.0112035144653,0.00563244987279,0.0,0.0,0.0
1440,2011-08-30 04:00:01,0.328389875998,0,0.158727824688,0.00417935010046,0.00830987519385,0.00417935010046,0.0,0.0,0.0
1441,2011-08-30 05:00:01,0.413316394306,0,0.15950936079,0.00670934701338,0.0133480002856,0.00670934701338,0.0,0.0,0.0
1442,2011-08-30 06:00:01,0.481185204194,0,0.173463925719,0.0143822683021,0.0286275198274,0.0143822683021,0.0,0.0,0.0
1443,2011-08-30 07:00:01,0.606074601162,0,0.205447673798,0.0213823579252,0.042567191846,0.0213823579252,0.0,0.0,0.0
1444,2011-08-30 08:00:01,0.630053091876,0,0.283089578152,0.0244367253035,0.0486495253262,0.0244367253035,0.0,0.0,0.0
1445,2011-08-30 09:00:01,0.637503578315,0,0.396844387054,0.0132136419415,0.0263003684542,0.0132136419415,0.0,0.0,0.0
1446,2011-08-30 10:00:01,0.445534364316,0,0.471711158752,0.00950634852052,0.018917826637,0.00950634852052,0.0,0.0,0.0
1447,2011-08-30 11:00:01,0.417301973475,0,0.548684239388,0.00763840600848,0.0151980876952,0.00763840600848,0.0,0.0,0.0
1448,2011-08-30 12:00:01,0.416676170103,0,0.565386176109,0.0132832061499,0.0264388955733,0.0132832061499,0.0,0.0,0.0
1449,2011-08-30 13:00:01,0.409653189578,0,0.542349696159,0.0148286707699,0.0295164661587,0.0148286707699,0.0,0.0,0.0
1450,2011-08-30 14:00:01,0.399668777863,0,0.543477535248,0.0146597614512,0.0291801075361,0.0146597614512,0.0,0.0,0.0
1451,2011-08-30 15:00:01,0.40582190675,0,0.504871368408,0.00785306096077,0.0156255421698,0.00785306096077,0.0,0.0,0.0
1452,2011-08-30 16:00:01,0.463901794011,0,0.480365991592,0.00341818667948,0.00679412768027,0.00341818667948,0.0,0.0,0.0
1453,2011-08-30 17:00:01,0.373981887219,0,0.489063441753,0.00356539571658,0.00708727331208,0.00356539571658,0.0,0.0,0.0
1454,2011-08-30 18:00:01,0.426093700533,0,0.478279232979,0.00321694021113,0.00639337427356,0.00321694021113,0.0,0.0,0.0
1455,2011-08-30 19:00:01,0.373462541437,0,0.459334075451,0.00149728055112,0.00296891931154,0.00149728055112,0.0,0.0,0.0
1456,2011-08-30 20:00:01,0.242827940452,0,0.435888051987,0.00168269732967,0.00333815016699,0.00168269732967,0.0,0.0,0.0
1457,2011-08-30 21:00:01,0.19296194211,0,0.407714098692,0.0028073489666,0.00557773220068,0.0028073489666,0.0,0.0,0.0
1458,2011-08-30 22:00:01,0.312401701743,0,0.374635785818,0.00534968543798,0.0106404297489,0.00534968543798,0.0,0.0,0.0
1459,2011-08-30 23:00:01,0.27264793686,0,0.340692967176,0.00570866791531,0.0113552917384,0.00570866791531,0.0,0.0,0.0
1460,2011-08-31 00:00:01,0.335500039628,0,0.302740842104,0.00394815951586,0.00784949238496,0.00394815951586,0.0,0.0,0.0
1461,2011-08-31 01:00:01,0.264849625421,0,0.26804703474,0.00301542994566,0.00599209555281,0.00301542994566,0.0,0.0,0.0
1462,2011-08-31 02:00:01,0.197994683463,0,0.238345056772,0.00292518292554,0.00581238158786,0.00292518292554,0.0,0.0,0.0
1463,2011-08-31 03:00:01,0.189105379802,0,0.214613497257,0.00454069534317,0.00902944229085,0.00454069534317,0.0,0.0,0.0
1464,2011-08-31 04:00:01,0.303137069653,0,0.201717793941,0.00626782467589,0.0124687720321,0.00626782467589,0.0,0.0,0.0
1465,2011-08-31 05:00:01,0.41424486088,0,0.21453088522,0.00283215194941,0.00562712377479,0.00283215194941,0.0,0.0,0.0
1466,2011-08-31 06:00:01,0.496588989772,0,0.260760396719,0.00599660398439,0.0119286750208,0.00599660398439,0.0,0.0,0.0
1467,2011-08-31 07:00:01,0.493731661312,0,0.35928195715,0.0112587511539,0.0224074845229,0.0112587511539,0.0,0.0,0.0
1468,2011-08-31 08:00:01,0.648094208402,0,0.451222360134,0.00627800123766,0.0124890371917,0.00627800123766,0.0,0.0,0.0
1469,2011-08-31 09:00:01,0.603686798795,0,0.489238739014,0.0059922048822,0.0119199148413,0.0059922048822,0.0,0.0,0.0
1470,2011-08-31 10:00:01,0.535824733156,0,0.509784340858,0.00486104981974,0.00966738217071,0.00486104981974,0.0,0.0,0.0
1471,2011-08-31 11:00:01,0.515869072842,0,0.516305327415,0.00484595401213,0.00963732104031,0.00484595401213,0.0,0.0,0.0
1472,2011-08-31 12:00:01,0.571754562715,0,0.510846018791,0.00648807035759,0.0129073596405,0.00648807035759,0.0,0.0,0.0
1473,2011-08-31 13:00:01,0.453020326234,0,0.498741060495,0.00413925899193,0.00823003951547,0.00413925899193,0.0,0.0,0.0
1474,2011-08-31 14:00:01,0.553326465003,0,0.497429966927,0.00276349508204,0.00549040349484,0.00276349508204,0.0,0.0,0.0
1475,2011-08-31 15:00:01,0.431501597586,0,0.480482280254,0.00528288260102,0.010507401504,0.00528288260102,0.0,0.0,0.0
1476,2011-08-31 16:00:01,0.420405008858,0,0.452738165855,0.00820973236114,0.0163358019818,0.00820973236114,0.0,0.0,0.0
1477,2011-08-31 17:00:01,0.364673127428,0,0.455474555492,0.00309757888317,0.00615568335057,0.00309757888317,0.0,0.0,0.0
1478,2011-08-31 18:00:01,0.421591155188,0,0.441269636154,0.00344847585075,0.00685444420989,0.00344847585075,0.0,0.0,0.0
1479,2011-08-31 19:00:01,0.596193272577,0,0.436661362648,0.0005781329819,0.00113856908153,0.0005781329819,0.0,0.0,0.0
1480,2011-08-31 20:00:01,0.695939435739,0,0.411128401756,0.0157331861556,0.0313176784989,0.0157331861556,0.0,0.0,0.0
1481,2011-08-31 21:00:01,0.72635933053,0,0.388513326645,0.0487260222435,0.097018167892,0.0487260222435,0.0,0.0,0.0
1482,2011-08-31 22:00:01,0.785515579533,0,0.347867637873,0.0940470248461,0.187268428368,0.0940470248461,0.0,0.0,0.0
1483,2011-08-31 23:00:01,0.733804273991,0,0.315269768238,0.148793369532,0.296287902436,0.148793369532,0.0,0.0,0.0
1484,2011-09-01 00:00:01,0.500871294867,0,0.293528974056,0.179804429412,0.358041969449,0.179804429412,0.0,0.0,0.0
1485,2011-09-01 01:00:01,0.403514274715,0,0.310787975788,0.141322299838,0.281410341324,0.141322299838,0.0,0.0,0.0
1486,2011-09-01 02:00:01,0.225394870018,0,0.354263812304,0.083737179637,0.166737853973,0.083737179637,0.0,0.0,0.0
1487,2011-09-01 03:00:01,0.212577132709,0,0.369884580374,0.0451259464025,0.08984913447,0.0451259464025,0.0,0.0,0.0
1488,2011-09-01 04:00:01,0.550265011398,0,0.385817080736,0.0267598181963,0.0532756308102,0.0267598181963,0.0,0.0,0.0
1489,2011-09-01 05:00:01,0.674098233862,0,0.383893549442,0.0234626363963,0.0467097673209,0.0234626363963,0.0,0.0,0.0
1490,2011-09-01 06:00:01,0.786678341796,0,0.397498935461,0.0305877644569,0.06089843541,0.0305877644569,0.0,0.0,0.0
1491,2011-09-01 07:00:01,0.819096308308,0,0.46359783411,0.0390872955322,0.0778240294927,0.0390872955322,0.0,0.0,0.0
1492,2011-09-01 08:00:01,0.838213558895,0,0.541506230831,0.0242230761796,0.0482240738142,0.0242230761796,0.0,0.0,0.0
1493,2011-09-01 09:00:01,0.719483444151,0,0.604913949966,0.0229999441653,0.0457883822684,0.0229999441653,0.0,0.0,0.0
1494,2011-09-01 10:00:01,0.775362472175,0,0.64719581604,0.0176424384117,0.0351196798567,0.0176424384117,0.0,0.0,0.0
1495,2011-09-01 11:00:01,0.642010197562,0,0.686197757721,0.00964977219701,0.0192034342675,0.00964977219701,0.0,0.0,0.0
1496,2011-09-01 12:00:01,0.502887596033,0,0.70679962635,0.00756898196414,0.0150598396926,0.00756898196414,0.0,0.0,0.0
1497,2011-09-01 13:00:01,0.503780844979,0,0.72491979599,0.0182501096278,0.0363297697133,0.0182501096278,0.0,0.0,0.0
1498,2011-09-01 14:00:01,0.559835094918,0,0.734614193439,0.0328327044845,0.0653689106998,0.0328327044845,0.0,0.0,0.0
1499,2011-09-01 15:00:01,0.489309370933,0,0.745680391788,0.0405845493078,0.0808055951132,0.0405845493078,0.0,0.0,0.0
1500,2011-09-01 16:00:01,0.463394965764,0,0.716103732586,0.0420111753047,0.0836465156671,0.0420111753047,0.0,0.0,0.0
1501,2011-09-01 17:00:01,0.391991349848,0,0.692364513874,0.0361994430423,0.0720732864715,0.0361994430423,0.0,0.0,0.0
1502,2011-09-01 18:00:01,0.389450500811,0,0.673457801342,0.0418481007218,0.0833217760821,0.0418481007218,0.0,0.0,0.0
1503,2011-09-02 15:00:01,0.493585039776,0,0.629855513573,0.0378784686327,0.0754168245262,0.0378784686327,0.0,0.0,0.0
1504,2011-09-02 16:00:01,0.470102798048,0,0.61193972826,0.0286162681878,0.0569724840498,0.0286162681878,0.0,0.0,0.0
1505,2011-09-02 17:00:01,0.363523045717,0,0.61247241497,0.0274007432163,0.054551940836,0.0274007432163,0.0,0.0,0.0
1506,2011-09-02 18:00:01,0.415494010734,0,0.612843930721,0.0282748043537,0.0562925079196,0.0282748043537,0.0,0.0,0.0
1507,2011-09-02 19:00:01,0.36368218614,0,0.635958552361,0.0322745144367,0.0642573554757,0.0322745144367,0.0,0.0,0.0
1508,2011-09-02 20:00:01,0.407772104277,0,0.640169501305,0.0505908504128,0.100731705068,0.0505908504128,0.0,0.0,0.0
1509,2011-09-02 21:00:01,0.414027112414,0,0.596272170544,0.0404068343341,0.0804517012948,0.0404068343341,0.0,0.0,0.0
1510,2011-09-02 22:00:01,0.513954214492,0,0.529153168201,0.0165726579726,0.0329893659241,0.0165726579726,0.0,0.0,0.0
1511,2011-09-02 23:00:01,0.583150804195,0,0.470438539982,0.00535426940769,0.0106495580655,0.00535426940769,0.0,0.0,0.0
1512,2011-09-03 00:00:01,0.471831117042,0,0.406631886959,0.00949370861053,0.0188926560737,0.00949370861053,0.0,0.0,0.0
1513,2011-09-03 01:00:01,0.419022249559,0,0.389429152012,0.0138983055949,0.0276637776797,0.0138983055949,0.0,0.0,0.0
1514,2011-09-03 02:00:01,0.374254273472,0,0.420735031366,0.00919561833143,0.0182990521419,0.00919561833143,0.0,0.0,0.0
1515,2011-09-03 03:00:01,0.247505603779,0,0.474564433098,0.00503295334056,0.0100097033163,0.00503295334056,0.0,0.0,0.0
1516,2011-09-03 04:00:01,0.3039001549,0,0.546771943569,0.0256526134908,0.051070791832,0.0256526134908,0.0,0.0,0.0
1517,2011-09-03 05:00:01,0.503837730025,0,0.540898084641,0.0350446775556,0.0697737370357,0.0350446775556,0.0,0.0,0.0
1518,2011-09-03 06:00:01,0.493921328249,0,0.502236843109,0.0266555119306,0.0530679198791,0.0266555119306,0.0,0.0,0.0
1519,2011-09-03 07:00:01,0.437069438776,0,0.460197031498,0.0192256290466,0.0382723763765,0.0192256290466,0.0,0.0,0.0
1520,2011-09-03 08:00:01,0.610096848437,0,0.410431742668,0.00736712524667,0.0146578710625,0.00736712524667,0.0,0.0,0.0
1521,2011-09-03 09:00:01,0.662481975547,0,0.390649974346,0.0189305115491,0.037684692312,0.0189305115491,0.0,0.0,0.0
1522,2011-09-03 10:00:01,0.492254415466,0,0.395959287882,0.0341423563659,0.0679768941213,0.0341423563659,0.0,0.0,0.0
1523,2011-09-03 11:00:01,0.493731661312,0,0.415668010712,0.0303541347384,0.0604331954168,0.0303541347384,0.0,0.0,0.0
1524,2011-09-03 12:00:01,0.548159132797,0,0.425119429827,0.0292658638209,0.058266060355,0.0292658638209,0.0,0.0,0.0
1525,2011-09-03 13:00:01,0.567184128809,0,0.426930904388,0.0254106838256,0.0505890236882,0.0254106838256,0.0,0.0,0.0
1526,2011-09-03 14:00:01,0.542352407295,0,0.420000314713,0.0197718963027,0.0393601890754,0.0197718963027,0.0,0.0,0.0
1527,2011-09-03 15:00:01,0.501243539239,0,0.389000415802,0.0298748426139,0.059478754063,0.0298748426139,0.0,0.0,0.0
1528,2011-09-03 16:00:01,0.479982796347,0,0.362728863955,0.0367364697158,0.0731426978787,0.0367364697158,0.0,0.0,0.0
1529,2011-09-03 17:00:01,0.426625699696,0,0.341760337353,0.0356405749917,0.0709603811022,0.0356405749917,0.0,0.0,0.0
1530,2011-09-03 18:00:01,0.3774900413,0,0.352850675583,0.0197517350316,0.0393200408027,0.0197517350316,0.0,0.0,0.0
1531,2011-09-03 19:00:01,0.365349947814,0,0.378339678049,0.00649849604815,0.0129281209043,0.00649849604815,0.0,0.0,0.0
1532,2011-09-03 20:00:01,0.356726443481,0,0.379707574844,0.00327244540676,0.00650390489018,0.00327244540676,0.0,0.0,0.0
1533,2011-09-03 21:00:01,0.341258778537,0,0.394577383995,0.00158797239419,0.00314951907744,0.00158797239419,0.0,0.0,0.0
1534,2011-09-03 22:00:01,0.339890498959,0,0.391534149647,0.00189834181219,0.00376757514879,0.00189834181219,0.0,0.0,0.0
1535,2011-09-03 23:00:01,0.335992645538,0,0.388410329819,0.00244209496304,0.00485038136844,0.00244209496304,0.0,0.0,0.0
1536,2011-09-04 00:00:01,0.31416663125,0,0.396685242653,0.00374192744493,0.00743881086755,0.00374192744493,0.0,0.0,0.0
1537,2011-09-04 01:00:01,0.336071344376,0,0.403480619192,0.00598950777203,0.0119145439342,0.00598950777203,0.0,0.0,0.0
1538,2011-09-04 02:00:01,0.301074427106,0,0.409042805433,0.00715697929263,0.0142393956096,0.00715697929263,0.0,0.0,0.0
1539,2011-09-04 03:00:01,0.245252049822,0,0.397275954485,0.00747179146856,0.0148662987946,0.00747179146856,0.0,0.0,0.0
1540,2011-09-04 04:00:01,0.383674902119,0,0.393224567175,0.0131976250559,0.0262684731293,0.0131976250559,0.0,0.0,0.0
1541,2011-09-04 05:00:01,0.488083475056,0,0.382502496243,0.00954701472074,0.0189988075278,0.00954701472074,0.0,0.0,0.0
1542,2011-09-04 06:00:01,0.484176922191,0,0.379091262817,0.0087383473292,0.017388462687,0.0087383473292,0.0,0.0,0.0
1543,2011-09-04 07:00:01,0.582162159103,0,0.381616950035,0.00872833747417,0.0173685294999,0.00872833747417,0.0,0.0,0.0
1544,2011-09-04 08:00:01,0.633025481551,0,0.396503061056,0.0119342878461,0.0237527187173,0.0119342878461,0.0,0.0,0.0
1545,2011-09-04 09:00:01,0.591389374116,0,0.432315289974,0.0187195017934,0.0372644967223,0.0187195017934,0.0,0.0,0.0
1546,2011-09-04 10:00:01,0.608255176801,0,0.431771874428,0.0248946677893,0.0495614519442,0.0248946677893,0.0,0.0,0.0
1547,2011-09-04 11:00:01,0.473389754016,0,0.433780521154,0.0304608345032,0.0606456726571,0.0304608345032,0.0,0.0,0.0
1548,2011-09-04 12:00:01,0.491921478655,0,0.442564219236,0.0231421664357,0.0460715974713,0.0231421664357,0.0,0.0,0.0
1549,2011-09-04 13:00:01,0.551532954447,0,0.437754333019,0.0146106034517,0.029082216448,0.0146106034517,0.0,0.0,0.0
1550,2011-09-04 14:00:01,0.59400063054,0,0.442958593369,0.0116744041443,0.023235197691,0.0116744041443,0.0,0.0,0.0
1551,2011-09-04 15:00:01,0.512511168908,0,0.461119383574,0.00952747277915,0.0189598925609,0.00952747277915,0.0,0.0,0.0
1552,2011-09-04 16:00:01,0.493849493022,0,0.453520745039,0.0105984350666,0.0210925599746,0.0105984350666,0.0,0.0,0.0
1553,2011-09-04 17:00:01,0.429317433999,0,0.467655062675,0.00787348672748,0.0156662171474,0.00787348672748,0.0,0.0,0.0
1554,2011-09-04 18:00:01,0.410213159008,0,0.478345185518,0.00424941070378,0.00844939081212,0.00424941070378,0.0,0.0,0.0
1555,2011-09-04 19:00:01,0.387503231998,0,0.470922112465,0.000885539979208,0.00175072591801,0.000885539979208,0.0,0.0,0.0
1556,2011-09-04 20:00:01,0.327710935517,0,0.467009574175,0.00106469576713,0.00210748891081,0.00106469576713,0.0,0.0,0.0
1557,2011-09-04 21:00:01,0.284237247832,0,0.454059392214,0.00278031127527,0.00552389052586,0.00278031127527,0.0,0.0,0.0
1558,2011-09-04 22:00:01,0.327970191813,0,0.441424757242,0.00675340043381,0.0134357263384,0.00675340043381,0.0,0.0,0.0
1559,2011-09-04 23:00:01,0.256686888389,0,0.431986570358,0.00947893969715,0.0188632459061,0.00947893969715,0.0,0.0,0.0
1560,2011-09-05 00:00:01,0.252225023497,0,0.415734022856,0.0144298225641,0.0287222173029,0.0144298225641,0.0,0.0,0.0
1561,2011-09-05 01:00:01,0.240228604634,0,0.408289700747,0.0193371623755,0.0384944789648,0.0193371623755,0.0,0.0,0.0
1562,2011-09-05 02:00:01,0.192086752369,0,0.396490812302,0.019943062216,0.0397010413817,0.019943062216,0.0,0.0,0.0
1563,2011-09-05 03:00:01,0.0918542522673,0,0.384346276522,0.0259471889585,0.0516573965222,0.0259471889585,0.0,0.0,0.0
1564,2011-09-05 04:00:01,0.261667093615,0,0.380117237568,0.0443068295717,0.0882179810732,0.0443068295717,0.0,0.0,0.0
1565,2011-09-05 05:00:01,0.456203053653,0,0.37751403451,0.0419612601399,0.0835471167933,0.0419612601399,0.0,0.0,0.0
1566,2011-09-05 06:00:01,0.43871916684,0,0.38320311904,0.0369684137404,0.073604581055,0.0369684137404,0.0,0.0,0.0
1567,2011-09-05 07:00:01,0.434793412278,0,0.400606274605,0.0293905232102,0.0585143016053,0.0293905232102,0.0,0.0,0.0
1568,2011-09-05 08:00:01,0.744600548976,0,0.442204862833,0.00831616204232,0.0165477413895,0.00831616204232,0.0,0.0,0.0
1569,2011-09-05 09:00:01,0.637627874472,0,0.473711967468,0.0186081714928,0.0370427984356,0.0186081714928,0.0,0.0,0.0
1570,2011-09-05 10:00:01,0.566282720374,0,0.484711229801,0.0236794296652,0.0471414799457,0.0236794296652,0.0,0.0,0.0
1571,2011-09-05 11:00:01,0.524578161053,0,0.497144162655,0.0232454072684,0.0462771867457,0.0232454072684,0.0,0.0,0.0
1572,2011-09-05 12:00:01,0.48680997823,0,0.497924298048,0.0221381019801,0.0440721474713,0.0221381019801,0.0,0.0,0.0
1573,2011-09-05 13:00:01,0.502343203352,0,0.502678632736,0.00611038133502,0.0121552462558,0.00611038133502,0.0,0.0,0.0
1574,2011-09-05 14:00:01,0.533956425058,0,0.509923219681,0.00109815585893,0.00217411987277,0.00109815585893,0.0,0.0,0.0
1575,2011-09-05 15:00:01,0.474815324229,0,0.506434798241,0.00161747785751,0.00320827496537,0.00161747785751,0.0,0.0,0.0
1576,2011-09-05 16:00:01,0.445293492273,0,0.491768568754,0.00229943892919,0.00456630238795,0.00229943892919,0.0,0.0,0.0
1577,2011-09-05 17:00:01,0.358708598742,0,0.470090061426,0.00243759504519,0.00484142042904,0.00243759504519,0.0,0.0,0.0
1578,2011-09-05 18:00:01,0.341450470509,0,0.467564880848,0.0020745114889,0.00411839173046,0.0020745114889,0.0,0.0,0.0
1579,2011-09-05 19:00:01,0.321401139238,0,0.455507099628,0.00127268093638,0.00252166147149,0.00127268093638,0.0,0.0,0.0
1580,2011-09-05 20:00:01,0.272065085764,0,0.437094569206,0.00228637224063,0.00454028195641,0.00228637224063,0.0,0.0,0.0
1581,2011-09-05 21:00:01,0.279023723545,0,0.43847244978,0.00666893506423,0.0132675256992,0.00666893506423,0.0,0.0,0.0
1582,2011-09-05 22:00:01,0.248853772138,0,0.422123730183,0.00815340690315,0.0162236379306,0.00815340690315,0.0,0.0,0.0
1583,2011-09-05 23:00:01,0.260297810458,0,0.388751924038,0.00814110133797,0.0161991331668,0.00814110133797,0.0,0.0,0.0
1584,2011-09-06 00:00:01,0.235887737195,0,0.35338562727,0.00725239189342,0.0144293960857,0.00725239189342,0.0,0.0,0.0
1585,2011-09-06 01:00:01,0.211738262964,0,0.325318723917,0.00581311620772,0.0115632854952,0.00581311620772,0.0,0.0,0.0
1586,2011-09-06 02:00:01,0.121092767189,0,0.308225750923,0.00683008413762,0.013588430909,0.00683008413762,0.0,0.0,0.0
1587,2011-09-06 03:00:01,0.0999833754889,0,0.29488876462,0.013998371549,0.0278630446397,0.013998371549,0.0,0.0,0.0
1588,2011-09-06 04:00:01,0.365833951886,0,0.286641895771,0.0239795856178,0.0477391973691,0.0239795856178,0.0,0.0,0.0
1589,2011-09-06 05:00:01,0.376340241347,0,0.278418242931,0.020593829453,0.0409969507675,0.020593829453,0.0,0.0,0.0
1590,2011-09-06 06:00:01,0.397708529404,0,0.283906668425,0.0170154608786,0.0338711442457,0.0170154608786,0.0,0.0,0.0
1591,2011-09-06 07:00:01,0.617477866859,0,0.314249873161,0.0125011531636,0.0248815494938,0.0125011531636,0.0,0.0,0.0
1592,2011-09-06 08:00:01,0.569904289583,0,0.36615422368,0.0114537803456,0.022795857117,0.0114537803456,0.0,0.0,0.0
1593,2011-09-06 09:00:01,0.636777955035,0,0.439898848534,0.00995069462806,0.0198026780226,0.00995069462806,0.0,0.0,0.0
1594,2011-09-06 10:00:01,0.558453937637,0,0.4562535882,0.0146129801869,0.0290869493745,0.0146129801869,0.0,0.0,0.0
1595,2011-09-06 11:00:01,0.44822781296,0,0.491458773613,0.0106320027262,0.0211594051423,0.0106320027262,0.0,0.0,0.0
1596,2011-09-06 12:00:01,0.422208832998,0,0.518550992012,0.00586248002946,0.0116615864488,0.00586248002946,0.0,0.0,0.0
1597,2011-09-06 13:00:01,0.44766531365,0,0.500012159348,0.00762878684327,0.0151789325107,0.00762878684327,0.0,0.0,0.0
1598,2011-09-06 14:00:01,0.448309785786,0,0.502205491066,0.00297330389731,0.00590820758435,0.00297330389731,0.0,0.0,0.0
1599,2011-09-06 15:00:01,0.439473138424,0,0.487114340067,0.00127402401995,0.00252433602931,0.00127402401995,0.0,0.0,0.0
1600,2011-09-06 16:00:01,0.426179717285,0,0.450364679098,0.000597878824919,0.00117789008887,0.000597878824919,0.0,0.0,0.0
1601,2011-09-06 17:00:01,0.339863634238,0,0.445321857929,0.000722528086044,0.00142611117045,0.000722528086044,0.0,0.0,0.0
1602,2011-09-06 18:00:01,0.427529882526,0,0.427866965532,0.001135509694,0.00224850466462,0.001135509694,0.0,0.0,0.0
1603,2011-09-06 19:00:01,0.37764218202,0,0.39968547225,0.00281741493382,0.00559777712712,0.00281741493382,0.0,0.0,0.0
1604,2011-09-06 20:00:01,0.33044002731,0,0.39831250906,0.00277681695297,0.0055169320854,0.00277681695297,0.0,0.0,0.0
1605,2011-09-06 21:00:01,0.362019846291,0,0.380978941917,0.00198092334904,0.00393202440593,0.00198092334904,0.0,0.0,0.0
1606,2011-09-06 22:00:01,0.354676270126,0,0.352446943521,0.00276894215494,0.00550125055736,0.00276894215494,0.0,0.0,0.0
1607,2011-09-06 23:00:01,0.294646971082,0,0.31944924593,0.00308001739904,0.0061207121799,0.00308001739904,0.0,0.0,0.0
1608,2011-09-07 00:00:01,0.278020187157,0,0.284253716469,0.00295325089246,0.0058682749084,0.00295325089246,0.0,0.0,0.0
1609,2011-09-07 01:00:01,0.195793714541,0,0.261532783508,0.00454478012398,0.00903757654454,0.00454478012398,0.0,0.0,0.0
1610,2011-09-07 02:00:01,0.113217217582,0,0.244792789221,0.0047334372066,0.00941325999965,0.0047334372066,0.0,0.0,0.0
1611,2011-09-07 03:00:01,0.114871013646,0,0.237662225962,0.00881286989897,0.0175368636699,0.00881286989897,0.0,0.0,0.0
1612,2011-09-07 04:00:01,0.193313620009,0,0.229473143816,0.0141452345997,0.0281555012895,0.0141452345997,0.0,0.0,0.0
1613,2011-09-07 05:00:01,0.314276031051,0,0.235500961542,0.0137809785083,0.0274301376558,0.0137809785083,0.0,0.0,0.0
1614,2011-09-07 06:00:01,0.42166967703,0,0.257642745972,0.0145017886534,0.0288655274225,0.0145017886534,0.0,0.0,0.0
1615,2011-09-07 07:00:01,0.371398703116,0,0.309636563063,0.0149858631194,0.0298294921217,0.0149858631194,0.0,0.0,0.0
1616,2011-09-07 08:00:01,0.624634139451,0,0.387366443872,0.0119413752109,0.0237668321853,0.0119413752109,0.0,0.0,0.0
1617,2011-09-07 09:00:01,0.490103391521,0,0.417877554893,0.0111516891047,0.0221942858451,0.0111516891047,0.0,0.0,0.0
1618,2011-09-07 10:00:01,0.544393150113,0,0.458284854889,0.00729886163026,0.0145219338853,0.00729886163026,0.0,0.0,0.0
1619,2011-09-07 11:00:01,0.33951279462,0,0.494120776653,0.00821560062468,0.0163474877849,0.00821560062468,0.0,0.0,0.0
1620,2011-09-07 12:00:01,0.354502329487,0,0.485476493835,0.0120856631547,0.0240541608799,0.0120856631547,0.0,0.0,0.0
1621,2011-09-07 13:00:01,0.347215238642,0,0.489860773087,0.0114339692518,0.0227564061721,0.0114339692518,0.0,0.0,0.0
1622,2011-09-07 14:00:01,0.293075808245,0,0.486895620823,0.0138015896082,0.0274711816978,0.0138015896082,0.0,0.0,0.0
1623,2011-09-07 15:00:01,0.412925478442,0,0.461941182613,0.0135862734169,0.0270424104607,0.0135862734169,0.0,0.0,0.0
