timestamp,value,anomaly_score,label
2014-04-01 01:00:00,0.0,0.0,0
2014-04-01 02:00:00,0.0625,0.0,0
2014-04-01 03:00:00,0.0832376578645,0.0,0
2014-04-01 04:00:00,0.115633074935,0.0,0
2014-04-01 05:00:00,0.0788201160542,0.0,0
2014-04-01 06:00:00,0.0985754985755,0.0,0
2014-04-01 07:00:00,0.103369503141,0.0,0
2014-04-01 08:00:00,0.107537688442,0.0,0
2014-04-01 09:00:00,0.108273748723,0.0,0
2014-04-01 10:00:00,0.118486012068,0.0,0
2014-04-01 11:00:00,0.104435710275,0.0,0
2014-04-01 12:00:00,0.0962627406569,0.0,0
2014-04-01 13:00:00,0.121777290181,0.0,0
2014-04-01 14:00:00,0.0880159124814,0.0,0
2014-04-01 15:00:00,0.10408280621,0.0,0
2014-04-01 16:00:00,0.105530187722,0.0,0
2014-04-01 17:00:00,0.113074204947,0.0,0
2014-04-01 18:00:00,0.11329787234,0.0,0
2014-04-01 19:00:00,0.125618811881,0.0,0
2014-04-01 20:00:00,0.102413184226,0.0,0
2014-04-01 21:00:00,0.124641833811,0.0,0
2014-04-01 22:00:00,0.104080425784,0.0,0
2014-04-01 23:00:00,0.121584699454,0.0,0
2014-04-02 00:00:00,0.0922302962549,0.0,0
2014-04-02 01:00:00,0.115409413282,0.0,0
2014-04-02 02:00:00,0.0825737265416,0.0,0
2014-04-02 03:00:00,0.0956937799043,0.0,0
2014-04-02 04:00:00,0.0887480190174,0.0,0
2014-04-02 05:00:00,0.113526570048,0.0,0
2014-04-02 06:00:00,0.108244531688,0.0,0
2014-04-02 07:00:00,0.126018808777,0.0,0
2014-04-02 08:00:00,0.110471806674,0.0,0
2014-04-02 09:00:00,0.0969560315671,0.0,0
2014-04-02 10:00:00,0.107961399276,0.0,0
2014-04-02 11:00:00,0.0837589376915,0.0,0
2014-04-02 12:00:00,0.105524518932,0.0,0
2014-04-02 13:00:00,0.0980075390415,0.0,0
2014-04-02 14:00:00,0.110877561745,0.0,0
2014-04-02 15:00:00,0.139178082192,0.0,0
2014-04-02 16:00:00,0.105580693816,0.0,0
2014-04-02 17:00:00,0.0871436256052,0.0,0
2014-04-02 18:00:00,0.092789968652,0.0,0
2014-04-02 19:00:00,0.082423580786,0.0,0
2014-04-02 20:00:00,0.108710330858,0.0,0
2014-04-02 21:00:00,0.106738223017,0.0,0
2014-04-02 22:00:00,0.106027596224,0.0,0
2014-04-02 23:00:00,0.0877192982456,0.0,0
2014-04-03 00:00:00,0.134387351779,0.0,0
2014-04-03 01:00:00,0.10101010101,0.0,0
2014-04-03 02:00:00,0.134107027724,0.0,0
2014-04-03 03:00:00,0.0936288088643,0.0,0
2014-04-03 04:00:00,0.108776266996,0.0,0
2014-04-03 05:00:00,0.0823774765381,0.0,0
2014-04-03 06:00:00,0.0962715637173,0.0,0
2014-04-03 07:00:00,0.078381147541,0.0,0
2014-04-03 08:00:00,0.0918309859155,0.0,0
2014-04-03 09:00:00,0.0788072417465,0.0,0
2014-04-03 10:00:00,0.113821138211,0.0,0
2014-04-03 11:00:00,0.0881078478575,0.0,0
2014-04-03 12:00:00,0.108589951378,0.0,0
2014-04-03 13:00:00,0.105960264901,0.0,0
2014-04-03 14:00:00,0.105785123967,0.0,0
2014-04-03 15:00:00,0.0931916948334,0.0,0
2014-04-03 16:00:00,0.0915380521554,0.0,0
2014-04-03 17:00:00,0.10585885486,0.0,0
2014-04-03 18:00:00,0.0846325167038,0.0,0
2014-04-03 19:00:00,0.117382937781,0.0,0
2014-04-03 20:00:00,0.132259919494,0.0,0
2014-04-03 21:00:00,0.15818431912,0.0,0
2014-04-03 22:00:00,0.125700062228,0.0,0
2014-04-03 23:00:00,0.149681528662,0.0,0
2014-04-04 00:00:00,0.104395604396,0.0,0
2014-04-04 01:00:00,0.138470451912,0.0,0
2014-04-04 02:00:00,0.123107971746,0.0,0
2014-04-04 03:00:00,0.121450151057,0.0,0
2014-04-04 04:00:00,0.110033931168,0.0,0
2014-04-04 05:00:00,0.123287671233,0.0,0
2014-04-04 06:00:00,0.113658070678,0.0,0
2014-04-04 07:00:00,0.132820512821,0.0,0
2014-04-04 08:00:00,0.13789359392,0.0,0
2014-04-04 09:00:00,0.117733268197,0.0,0
2014-04-04 10:00:00,0.125271149675,0.0,0
2014-04-04 11:00:00,0.100356597045,0.0,0
2014-04-04 12:00:00,0.135062128579,0.0,0
2014-04-04 13:00:00,0.0791788856305,0.0,0
2014-04-04 14:00:00,0.0877390326209,0.0,0
2014-04-04 15:00:00,0.094627895515,0.0,0
2014-04-04 16:00:00,0.0510028653295,0.0,0
2014-04-04 17:00:00,0.042656587473,0.0,0
2014-04-04 18:00:00,0.0436385986478,0.965909090909,0
2014-04-04 19:00:00,0.0307210031348,0.0,0
2014-04-04 20:00:00,0.0271659324523,0.0,0
2014-04-04 21:00:00,0.0340988169798,0.0,0
2014-04-04 22:00:00,0.0226608187134,0.0,0
2014-04-04 23:00:00,0.0177304964539,0.0,0
2014-04-05 00:00:00,0.0355466130114,0.0,0
2014-04-05 01:00:00,0.0305793991416,0.0,0
2014-04-05 02:00:00,0.0368828078525,0.0,0
2014-04-05 03:00:00,0.0366925064599,0.0,0
2014-04-05 04:00:00,0.0431187241583,0.0,0
2014-04-05 05:00:00,0.045045045045,0.0,0
2014-04-05 06:00:00,0.0516944284894,0.0,0
2014-04-05 07:00:00,0.0435924369748,0.0,0
2014-04-05 08:00:00,0.0243196294152,0.0,0
2014-04-05 09:00:00,0.0303497942387,0.0,0
2014-04-05 10:00:00,0.025974025974,0.0,0
2014-04-05 11:00:00,0.0274423710209,0.0,0
2014-04-05 12:00:00,0.0287056367432,0.0,0
2014-04-05 13:00:00,0.0327604726101,0.0,0
2014-04-05 14:00:00,0.0337323177367,0.0,0
2014-04-05 15:00:00,0.0343811394892,0.0,0
2014-04-05 16:00:00,0.0424387328153,0.0,0
2014-04-05 17:00:00,0.0388888888889,0.0,0
2014-04-05 18:00:00,0.0420219244823,0.0,0
2014-04-05 19:00:00,0.0347036839295,0.0,0
2014-04-05 20:00:00,0.0426789231779,0.0,0
2014-04-05 21:00:00,0.0365566037736,0.0,0
2014-04-05 22:00:00,0.0406228842248,0.0,0
2014-04-05 23:00:00,0.0345231129315,0.0,0
2014-04-06 00:00:00,0.0421179302046,0.0,0
2014-04-06 01:00:00,0.0497265042268,0.0,0
2014-04-06 02:00:00,0.0593732820231,0.0,0
2014-04-06 03:00:00,0.0566132264529,0.0,0
2014-04-06 04:00:00,0.0705275229358,0.0,0
2014-04-06 05:00:00,0.0532850491464,0.0,0
2014-04-06 06:00:00,0.0732122587968,0.0,0
2014-04-06 07:00:00,0.0614417029511,0.0,0
2014-04-06 08:00:00,0.058409951325,0.0,0
2014-04-06 09:00:00,0.0493998153278,0.0,0
2014-04-06 10:00:00,0.0649639089395,0.0,0
2014-04-06 11:00:00,0.0519693654267,0.0,0
2014-04-06 12:00:00,0.0385477364411,0.0,0
2014-04-06 13:00:00,0.0371621621622,0.0,0
2014-04-06 14:00:00,0.0403587443946,0.0,0
2014-04-06 15:00:00,0.0403990024938,0.0,0
2014-04-06 16:00:00,0.0526004728132,0.0,0
2014-04-06 17:00:00,0.0504514073287,0.0,0
2014-04-06 18:00:00,0.0442643391521,0.0,0
2014-04-06 19:00:00,0.0498220640569,0.0,0
2014-04-06 20:00:00,0.0434065934066,0.0,0
2014-04-06 21:00:00,0.033526756931,0.0,0
2014-04-06 22:00:00,0.0279126213592,0.0,0
2014-04-06 23:00:00,0.0236171535115,0.0,0
2014-04-07 00:00:00,0.0262857142857,0.0,0
2014-04-07 01:00:00,0.0352152040246,0.0,0
2014-04-07 02:00:00,0.0354997269252,0.0,0
2014-04-07 03:00:00,0.0304302203568,0.0,0
2014-04-07 04:00:00,0.0477815699659,0.0,0
2014-04-07 05:00:00,0.0461373390558,0.0,0
2014-04-07 06:00:00,0.0355839416058,0.0,0
2014-04-07 07:00:00,0.0466377440347,0.0,0
2014-04-07 08:00:00,0.0394444444444,0.0,0
2014-04-07 09:00:00,0.042927903137,0.0,0
2014-04-07 10:00:00,0.0338327694538,0.0,0
2014-04-07 11:00:00,0.0406283856988,0.0,0
2014-04-07 12:00:00,0.0323688082393,0.0,0
2014-04-07 13:00:00,0.0447354064375,0.0,0
2014-04-07 14:00:00,0.0377263581489,0.0,0
2014-04-07 15:00:00,0.0456702253855,0.0,0
2014-04-07 16:00:00,0.0408821947283,0.0,0
2014-04-07 17:00:00,0.0353378797272,0.0,0
2014-04-07 18:00:00,0.0410256410256,0.0,0
2014-04-07 19:00:00,0.046365914787,0.0,0
2014-04-07 20:00:00,0.0318042813456,0.0,0
2014-04-07 21:00:00,0.0349406009783,0.0,0
2014-04-07 22:00:00,0.0238532110092,0.0,0
2014-04-07 23:00:00,0.0304798962387,0.0,0
2014-04-08 00:00:00,0.0353260869565,0.0,0
2014-04-08 01:00:00,0.038158691702,0.0,0
2014-04-08 02:00:00,0.0375264270613,0.0,0
2014-04-08 03:00:00,0.0453752181501,0.0,0
2014-04-08 04:00:00,0.0290851401375,0.0,0
2014-04-08 05:00:00,0.0515776699029,0.0,0
2014-04-08 06:00:00,0.0409617097061,0.0,0
2014-04-08 07:00:00,0.0453187250996,0.0,0
2014-04-08 08:00:00,0.044327176781,0.0,0
2014-04-08 09:00:00,0.0348905972797,0.0,0
2014-04-08 10:00:00,0.0352760736196,0.0,0
2014-04-08 11:00:00,0.0290267501423,0.0,0
2014-04-08 12:00:00,0.0245810055866,0.0,0
2014-04-08 13:00:00,0.0290729566648,0.0,0
2014-04-08 14:00:00,0.0278215223097,0.0,0
2014-04-08 15:00:00,0.0346666666667,0.0,0
2014-04-08 16:00:00,0.0368852459016,0.0,0
2014-04-08 17:00:00,0.0362116991643,0.0,0
2014-04-08 18:00:00,0.043990086741,0.0,0
2014-04-08 19:00:00,0.0374796306355,0.0,0
2014-04-08 20:00:00,0.0456747404844,0.0,0
2014-04-08 21:00:00,0.0377818403413,0.0,0
2014-04-08 22:00:00,0.0404829545455,0.0,0
2014-04-08 23:00:00,0.035247299602,0.0,0
2014-04-09 00:00:00,0.05078125,0.0,0
2014-04-09 01:00:00,0.0347293156282,0.0,0
2014-04-09 02:00:00,0.038824181919,0.0,0
2014-04-09 03:00:00,0.0325443786982,0.0,0
2014-04-09 04:00:00,0.053460889139,0.0,0
2014-04-09 05:00:00,0.0384423364953,0.0,0
2014-04-09 06:00:00,0.0465517241379,0.0,0
2014-04-09 07:00:00,0.0386546184739,0.0,0
2014-04-09 08:00:00,0.0422615648201,0.0,0
2014-04-09 09:00:00,0.03515625,0.0,0
2014-04-09 10:00:00,0.036231884058,0.0,0
2014-04-09 11:00:00,0.042,0.0,0
2014-04-09 12:00:00,0.0438799076212,0.0,0
2014-04-09 13:00:00,0.0404184498336,0.0,0
2014-04-09 14:00:00,0.0352882703777,0.0,0
2014-04-09 15:00:00,0.0390792291221,0.0,0
2014-04-09 16:00:00,0.0409356725146,0.0,0
2014-04-09 17:00:00,0.040385774563,0.0,0
2014-04-09 18:00:00,0.040147913365,0.0,0
2014-04-09 19:00:00,0.0495662949195,0.0,0
2014-04-09 20:00:00,0.036802760207,0.0,0
2014-04-09 21:00:00,0.0441176470588,0.0,0
2014-04-09 22:00:00,0.0424068767908,0.0,0
2014-04-09 23:00:00,0.0410221923336,0.0,0
2014-04-10 00:00:00,0.0383546414675,0.0,0
2014-04-10 01:00:00,0.05,0.0,0
2014-04-10 02:00:00,0.0560796645702,0.0,0
2014-04-10 03:00:00,0.0658888126287,0.0,0
2014-04-10 04:00:00,0.0504634397528,0.0,0
2014-04-10 05:00:00,0.0418818129662,0.0,0
2014-04-10 06:00:00,0.036717062635,0.0,0
2014-04-10 07:00:00,0.0439367311072,0.0,0
2014-04-10 08:00:00,0.0431746031746,0.0,0
2014-04-10 09:00:00,0.0434782608696,0.0,0
2014-04-10 10:00:00,0.0363184079602,0.0,0
2014-04-10 11:00:00,0.0427150380339,0.0,0
2014-04-10 12:00:00,0.0375816993464,0.0,0
2014-04-10 13:00:00,0.0411764705882,0.0,0
2014-04-10 14:00:00,0.0335861321777,0.0,0
2014-04-10 15:00:00,0.0412168792934,0.0,0
2014-04-10 16:00:00,0.0447674418605,0.0,0
2014-04-10 17:00:00,0.038219895288,0.0,0
2014-04-10 18:00:00,0.0543545398394,0.0,0
2014-04-10 19:00:00,0.045229244114,0.0,0
2014-04-10 20:00:00,0.03125,0.0,0
2014-04-10 21:00:00,0.0318860244233,0.0,0
2014-04-10 22:00:00,0.0275352585628,0.0,0
2014-04-10 23:00:00,0.0234527687296,0.0,0
2014-04-11 00:00:00,0.0276923076923,0.0,0
2014-04-11 01:00:00,0.0373665480427,0.0,0
2014-04-11 02:00:00,0.0320765334834,0.0,0
2014-04-11 03:00:00,0.0378006872852,0.0,0
2014-04-11 04:00:00,0.048985650668,0.0,0
2014-04-11 05:00:00,0.0491169977925,0.0,0
2014-04-11 06:00:00,0.0338733431517,0.0,0
2014-04-11 07:00:00,0.0486338797814,0.0,0
2014-04-11 08:00:00,0.048007681229,0.0,0
2014-04-11 09:00:00,0.047619047619,0.0,0
2014-04-11 10:00:00,0.0260869565217,0.0,0
2014-04-11 11:00:00,0.0407264722069,0.0,0
2014-04-11 12:00:00,0.0398740818468,0.0,0
2014-04-11 13:00:00,0.0390404515522,0.0,0
2014-04-11 14:00:00,0.0531858873091,0.0,0
2014-04-11 15:00:00,0.0449810606061,0.0,0
2014-04-11 16:00:00,0.0441334768568,0.0,0
2014-04-11 17:00:00,0.0425293788472,0.0,0
2014-04-11 18:00:00,0.0480207657365,0.0,0
2014-04-11 19:00:00,0.0486111111111,0.0,0
2014-04-11 20:00:00,0.0459693537642,0.0,0
2014-04-11 21:00:00,0.0375288683603,0.0,0
2014-04-11 22:00:00,0.0388601036269,0.0,0
2014-04-11 23:00:00,0.038961038961,0.0,0
2014-04-12 00:00:00,0.0409937888199,0.0,0
2014-04-12 01:00:00,0.0516717325228,0.0,0
2014-04-12 02:00:00,0.0677764565993,0.0,0
2014-04-12 03:00:00,0.055880787653,0.0,0
2014-04-12 04:00:00,0.0557491289199,0.0,0
2014-04-12 05:00:00,0.071359223301,0.0,0
2014-04-12 06:00:00,0.0695499707773,0.0,0
2014-04-12 07:00:00,0.0749279538905,0.967213114754,0
2014-04-12 08:00:00,0.0798898071625,0.0,0
2014-04-12 09:00:00,0.0624078624079,0.0,0
2014-04-12 10:00:00,0.0883694412771,0.0,0
2014-04-12 11:00:00,0.0639059304703,0.0,0
2014-04-12 12:00:00,0.0740354535975,0.0,0
2014-04-12 13:00:00,0.0615305067218,0.0,0
2014-04-12 14:00:00,0.0893659510734,0.0,0
2014-04-12 15:00:00,0.0881567230632,0.0,0
2014-04-12 16:00:00,0.103675777568,0.0,0
2014-04-12 17:00:00,0.124656781988,0.0,0
2014-04-12 18:00:00,0.0919294494923,0.0,0
2014-04-12 19:00:00,0.0948029697316,0.0,0
2014-04-12 20:00:00,0.0998162890386,0.0,0
2014-04-12 21:00:00,0.10245398773,0.0,0
2014-04-12 22:00:00,0.103405572755,0.0,0
2014-04-12 23:00:00,0.0923344947735,0.0,0
2014-04-13 00:00:00,0.0983606557377,0.0,0
2014-04-13 01:00:00,0.094447327452,0.0,0
2014-04-13 02:00:00,0.106465726787,0.0,0
2014-04-13 03:00:00,0.102723363593,0.0,0
2014-04-13 04:00:00,0.106017191977,0.0,0
2014-04-13 05:00:00,0.0779610194903,0.0,0
2014-04-13 06:00:00,0.0651583710407,0.0,0
2014-04-13 07:00:00,0.0716582452917,0.0,0
2014-04-13 08:00:00,0.0804359107421,0.0,0
2014-04-13 09:00:00,0.0397163120567,0.0,0
2014-04-13 10:00:00,0.0560298826041,0.0,0
2014-04-13 11:00:00,0.0480307396734,0.0,0
2014-04-13 12:00:00,0.0429228410833,0.0,0
2014-04-13 13:00:00,0.0605326876513,0.0,0
2014-04-13 14:00:00,0.0420054200542,0.0,0
2014-04-13 15:00:00,0.0501600853789,0.0,0
2014-04-13 16:00:00,0.0405862457723,0.0,0
2014-04-13 17:00:00,0.0419799498747,0.0,0
2014-04-13 18:00:00,0.041993281075,0.0,0
2014-04-13 19:00:00,0.048322147651,0.0,0
2014-04-13 20:00:00,0.0346062052506,0.0,0
2014-04-13 21:00:00,0.04,0.0,0
2014-04-13 22:00:00,0.0337078651685,0.681818181818,0
2014-04-13 23:00:00,0.0405819295559,0.0,0
2014-04-14 00:00:00,0.0395021645022,0.0,0
2014-04-14 01:00:00,0.0459976105137,0.0,0
2014-04-14 02:00:00,0.030987394958,0.0,0
2014-04-14 03:00:00,0.0525139664804,0.0,0
2014-04-14 04:00:00,0.0339901477833,0.0,0
2014-04-14 05:00:00,0.0510989010989,0.0,0
2014-04-14 06:00:00,0.063768115942,0.0,0
2014-04-14 07:00:00,0.0515695067265,0.0,0
2014-04-14 08:00:00,0.132672332389,0.95652173913,0
2014-04-14 09:00:00,0.0778191985089,0.0,0
2014-04-14 10:00:00,0.0606705694518,0.0,0
2014-04-14 11:00:00,0.0684788290643,0.0,0
2014-04-14 12:00:00,0.0455570590889,0.0,0
2014-04-14 13:00:00,0.0685685685686,0.0,0
2014-04-14 14:00:00,0.0513501549358,0.0,0
2014-04-14 15:00:00,0.0434995112414,0.491803278689,0
2014-04-14 16:00:00,0.0372340425532,0.0,0
2014-04-14 17:00:00,0.0348258706468,0.0,0
2014-04-14 18:00:00,0.0336633663366,0.0,0
2014-04-14 19:00:00,0.0326923076923,0.0,0
2014-04-14 20:00:00,0.0283322601417,0.0,0
2014-04-14 21:00:00,0.0305023923445,0.0,0
2014-04-14 22:00:00,0.032531824611,0.0,0
2014-04-14 23:00:00,0.0303214069133,0.0,0
2014-04-15 00:00:00,0.0365050867744,0.0,0
2014-04-15 01:00:00,0.0344478216819,0.0,0
2014-04-15 02:00:00,0.0450086555107,0.0,0
2014-04-15 03:00:00,0.0336514314415,0.0,0
2014-04-15 04:00:00,0.050321825629,0.0,0
2014-04-15 05:00:00,0.044,0.0,0
2014-04-15 06:00:00,0.0440602342443,0.0,0
2014-04-15 07:00:00,0.0390969162996,0.0,0
2014-04-15 08:00:00,0.048344718865,0.0,0
2014-04-15 09:00:00,0.0608974358974,0.0,0
2014-04-15 10:00:00,0.0384615384615,0.0,0
2014-04-15 11:00:00,0.033105622701,0.0,0
2014-04-15 12:00:00,0.0356498194946,0.0,0
2014-04-15 13:00:00,0.0409626216078,0.0,0
2014-04-15 14:00:00,0.0475944128298,0.0,0
2014-04-15 15:00:00,0.0396498455201,0.0,0
2014-04-15 16:00:00,0.0372066399542,0.0,0
2014-04-15 17:00:00,0.0351841671248,0.0,0
2014-04-15 18:00:00,0.0284722222222,0.0,0
2014-04-15 19:00:00,0.0239557739558,0.0,0
2014-04-15 20:00:00,0.0341939986043,0.0,0
2014-04-15 21:00:00,0.0255292652553,0.0,0
2014-04-15 22:00:00,0.0341753343239,0.0,0
2014-04-15 23:00:00,0.0298769771529,0.0,0
2014-04-16 00:00:00,0.02874617737,0.0,0
2014-04-16 01:00:00,0.0494450050454,0.0,0
2014-04-16 02:00:00,0.0650588895121,0.0,0
2014-04-16 03:00:00,0.0416258570029,0.0,0
2014-04-16 04:00:00,0.0692395005675,0.0,0
2014-04-16 05:00:00,0.0322580645161,0.0,0
2014-04-16 06:00:00,0.0421286031042,0.0,0
2014-04-16 07:00:00,0.04322486644,0.0,0
2014-04-16 08:00:00,0.0473010573178,0.0,0
2014-04-16 09:00:00,0.0358923230309,0.0,0
2014-04-16 10:00:00,0.0502136752137,0.0,0
2014-04-16 11:00:00,0.0450777202073,0.0,0
2014-04-16 12:00:00,0.0590243902439,0.0,0
2014-04-16 13:00:00,0.0628834355828,0.0,0
2014-04-16 14:00:00,0.0559071729958,0.0,0
2014-04-16 15:00:00,0.0384985563041,0.0,0
2014-04-16 16:00:00,0.0416227608008,0.0,0
2014-04-16 17:00:00,0.0397275822928,0.0,0
2014-04-16 18:00:00,0.0392383150606,0.0,0
2014-04-16 19:00:00,0.0347137637028,0.0,0
2014-04-16 20:00:00,0.0348475420037,0.0,0
2014-04-16 21:00:00,0.0342089187538,0.0,0
2014-04-16 22:00:00,0.0360024829299,0.0,0
2014-04-16 23:00:00,0.0328719723183,0.0,0
2014-04-17 00:00:00,0.041689827682,0.0,0
2014-04-17 01:00:00,0.0521910388971,0.0,0
2014-04-17 02:00:00,0.0589507842077,0.0,0
2014-04-17 03:00:00,0.0404191616766,0.0,0
2014-04-17 04:00:00,0.0419947506562,0.0,0
2014-04-17 05:00:00,0.0365141187926,0.0,0
2014-04-17 06:00:00,0.0470016207455,0.0,0
2014-04-17 07:00:00,0.0507139340226,0.0,0
2014-04-17 08:00:00,0.0415742793792,0.0,0
2014-04-17 09:00:00,0.0443935926773,0.0,0
2014-04-17 10:00:00,0.0338213023725,0.0,0
2014-04-17 11:00:00,0.0430274753758,0.0,0
2014-04-17 12:00:00,0.0307328605201,0.0,0
2014-04-17 13:00:00,0.0311660397636,0.0,0
2014-04-17 14:00:00,0.0268672756582,0.0,0
2014-04-17 15:00:00,0.0425742574257,0.0,0
2014-04-17 16:00:00,0.054103343465,0.0,0
2014-04-17 17:00:00,0.0563019833653,0.0,0
2014-04-17 18:00:00,0.0426152948044,0.0,0
2014-04-17 19:00:00,0.0396174863388,0.0,0
2014-04-17 20:00:00,0.0224586288416,0.0,0
2014-04-17 21:00:00,0.0345542501728,0.0,0
2014-04-17 22:00:00,0.0268156424581,0.0,0
2014-04-17 23:00:00,0.0331168831169,0.0,0
2014-04-18 00:00:00,0.026525198939,0.0,0
2014-04-18 01:00:00,0.0379241516966,0.25,0
2014-04-18 02:00:00,0.0351390922401,0.0,0
2014-04-18 03:00:00,0.0390131956397,0.0,0
2014-04-18 04:00:00,0.0379008746356,0.0,0
2014-04-18 05:00:00,0.0382695507488,0.0,0
2014-04-18 06:00:00,0.0378904249872,0.0,0
2014-04-18 07:00:00,0.0366610265087,0.0,0
2014-04-18 08:00:00,0.0280328661189,0.0,0
2014-04-18 09:00:00,0.037409268565,0.0,0
2014-04-18 10:00:00,0.040206777714,0.0,0
2014-04-18 11:00:00,0.0305380513815,0.0,0
2014-04-18 12:00:00,0.0515297906602,0.0,0
2014-04-18 13:00:00,0.0537297861242,0.0,0
2014-04-18 14:00:00,0.0719874804382,0.0,0
2014-04-18 15:00:00,0.0585878818227,0.0,0
2014-04-18 16:00:00,0.0640176600441,0.0,0
2014-04-18 17:00:00,0.0700906344411,0.0,0
2014-04-18 18:00:00,0.0683343502135,0.0,0
2014-04-18 19:00:00,0.0433985330073,0.0,0
2014-04-18 20:00:00,0.0326086956522,0.0,0
2014-04-18 21:00:00,0.0315594059406,0.0,0
2014-04-18 22:00:00,0.0334029227557,0.0,0
2014-04-18 23:00:00,0.0404280618312,0.0,0
2014-04-19 00:00:00,0.0403556771546,0.0,0
2014-04-19 01:00:00,0.0448598130841,0.0,0
2014-04-19 02:00:00,0.0476477683957,0.0,0
2014-04-19 03:00:00,0.041439476554,0.0,0
2014-04-19 04:00:00,0.0556563823351,0.0,0
2014-04-19 05:00:00,0.0455793520044,0.0,0
2014-04-19 06:00:00,0.0417381360778,0.0,0
2014-04-19 07:00:00,0.031847133758,0.0,0
2014-04-19 08:00:00,0.0456407255705,0.0,0
2014-04-19 09:00:00,0.0534729878721,0.0,0
2014-04-19 10:00:00,0.0443548387097,0.0,0
2014-04-19 11:00:00,0.0389082462253,0.0,0
2014-04-19 12:00:00,0.0392045454545,0.190476190476,0
2014-04-19 13:00:00,0.0396326727888,0.0,0
2014-04-19 14:00:00,0.037367540435,0.0,0
2014-04-19 15:00:00,0.044761436301,0.0,0
2014-04-19 16:00:00,0.0274971941639,0.0,0
2014-04-19 17:00:00,0.0277419354839,0.0,0
2014-04-19 18:00:00,0.028013029316,0.0,0
2014-04-19 19:00:00,0.0298034242232,0.0,0
2014-04-19 20:00:00,0.0289752650177,0.0,0
2014-04-19 21:00:00,0.0240147783251,0.0,0
2014-04-19 22:00:00,0.0263322884013,0.0,0
2014-04-19 23:00:00,0.03418230563,0.0,0
2014-04-20 00:00:00,0.0306988896146,0.0,0
2014-04-20 01:00:00,0.0363143631436,0.0,0
2014-04-20 02:00:00,0.0336943441637,0.0,0
2014-04-20 03:00:00,0.0348182283666,0.0,0
2014-04-20 04:00:00,0.0305755395683,0.0,0
2014-04-20 05:00:00,0.0300632911392,0.0,0
2014-04-20 06:00:00,0.040092969204,0.0,0
2014-04-20 07:00:00,0.0449735449735,0.0,0
2014-04-20 08:00:00,0.0627118644068,0.0,0
2014-04-20 09:00:00,0.0363003480855,0.0,0
2014-04-20 10:00:00,0.0367483296214,0.0,0
2014-04-20 11:00:00,0.0366972477064,0.0,0
2014-04-20 12:00:00,0.0247086247086,0.0,0
2014-04-20 13:00:00,0.031299734748,0.0,0
2014-04-20 14:00:00,0.0295420974889,0.0,0
2014-04-20 15:00:00,0.0627366143862,0.0,0
2014-04-20 16:00:00,0.0391327340032,0.0,0
2014-04-20 17:00:00,0.0442875481386,0.0,0
2014-04-20 18:00:00,0.0348432055749,0.0,0
2014-04-20 19:00:00,0.0522230063514,0.0,0
2014-04-20 20:00:00,0.0361757105943,0.0,0
2014-04-20 21:00:00,0.055469953775,0.0,0
2014-04-20 22:00:00,0.0367800138793,0.0,0
2014-04-20 23:00:00,0.0280866003511,0.0,0
2014-04-21 00:00:00,0.0414805360562,0.0,0
2014-04-21 01:00:00,0.0355191256831,0.0,0
2014-04-21 02:00:00,0.0392271662763,0.0,0
2014-04-21 03:00:00,0.0432555492316,0.0,0
2014-04-21 04:00:00,0.036026762738,0.0,0
2014-04-21 05:00:00,0.0343680709534,0.0,0
2014-04-21 06:00:00,0.031310211946,0.0,0
2014-04-21 07:00:00,0.0354178195905,0.0,0
2014-04-21 08:00:00,0.0279069767442,0.0,0
2014-04-21 09:00:00,0.0439306358382,0.0,0
2014-04-21 10:00:00,0.0482529118136,0.0,0
2014-04-21 11:00:00,0.0438340151958,0.0,0
2014-04-21 12:00:00,0.0309218203034,0.0,0
2014-04-21 13:00:00,0.0337904015671,0.0,0
2014-04-21 14:00:00,0.0463300364394,0.0,0
2014-04-21 15:00:00,0.0531707317073,0.0,0
2014-04-21 16:00:00,0.0472205618649,0.0,0
2014-04-21 17:00:00,0.0360655737705,0.0,0
2014-04-21 18:00:00,0.0301837270341,0.0,0
2014-04-21 19:00:00,0.0287942411518,0.0,0
2014-04-21 20:00:00,0.0411149825784,0.0,0
2014-04-21 21:00:00,0.0296251511487,0.0,0
2014-04-21 22:00:00,0.0381211708645,0.0,0
2014-04-21 23:00:00,0.0339943342776,0.0,0
2014-04-22 00:00:00,0.0335403726708,0.0,0
2014-04-22 01:00:00,0.0333512641205,0.0,0
2014-04-22 02:00:00,0.0311598384305,0.0,0
2014-04-22 03:00:00,0.0320610687023,0.0,0
2014-04-22 04:00:00,0.0383211678832,0.0,0
2014-04-22 05:00:00,0.041248606466,0.0,0
2014-04-22 06:00:00,0.0432291666667,0.0,0
2014-04-22 07:00:00,0.0525404157044,0.0,0
2014-04-22 08:00:00,0.054691689008,0.0,0
2014-04-22 09:00:00,0.0716845878136,0.0,0
2014-04-22 10:00:00,0.049850448654,0.0,0
2014-04-22 11:00:00,0.0402193784278,0.0,0
2014-04-22 12:00:00,0.0302297460701,0.0,0
2014-04-22 13:00:00,0.0456796917997,0.0,0
2014-04-22 14:00:00,0.0341365461847,0.0,0
2014-04-22 15:00:00,0.038517796197,0.0,0
2014-04-22 16:00:00,0.0390902629709,0.0,0
2014-04-22 17:00:00,0.0399017802333,0.0,0
2014-04-22 18:00:00,0.0396643783371,0.0,0
2014-04-22 19:00:00,0.0284049526584,0.0,0
2014-04-22 20:00:00,0.0357142857143,0.0,0
2014-04-22 21:00:00,0.0340831629175,0.0,0
2014-04-22 22:00:00,0.0385523210071,0.0,0
2014-04-22 23:00:00,0.0298223350254,0.0,0
2014-04-23 00:00:00,0.0402542372881,0.0,0
2014-04-23 01:00:00,0.0389016018307,0.0,0
2014-04-23 02:00:00,0.0385369039843,0.0,0
2014-04-23 03:00:00,0.041935483871,0.0,0
2014-04-23 04:00:00,0.043997485858,0.0,0
2014-04-23 05:00:00,0.0441087613293,0.0,0
2014-04-23 06:00:00,0.0390818858561,0.0,0
2014-04-23 07:00:00,0.0332207207207,0.0,0
2014-04-23 08:00:00,0.0468557336621,0.0,0
2014-04-23 09:00:00,0.031163049527,0.0,0
2014-04-23 10:00:00,0.0386190754827,0.0,0
2014-04-23 11:00:00,0.0424581005587,0.0,0
2014-04-23 12:00:00,0.047027027027,0.0,0
2014-04-23 13:00:00,0.0472747497219,0.0,0
2014-04-23 14:00:00,0.0524876981957,0.0,0
2014-04-23 15:00:00,0.0521327014218,0.0,0
2014-04-23 16:00:00,0.0377019748653,0.0,0
2014-04-23 17:00:00,0.0408163265306,0.0,0
2014-04-23 18:00:00,0.0385873119686,0.0,0
2014-04-23 19:00:00,0.0378842030021,0.0,0
2014-04-23 20:00:00,0.0402219140083,0.0,0
2014-04-23 21:00:00,0.0393811533052,0.0,0
2014-04-23 22:00:00,0.0360759493671,0.0,0
2014-04-23 23:00:00,0.0396877033182,0.0,0
2014-04-24 00:00:00,0.0307692307692,0.0,0
2014-04-24 01:00:00,0.0465994962217,0.0,0
2014-04-24 02:00:00,0.0393846153846,0.0,0
2014-04-24 03:00:00,0.0451807228916,0.0,0
2014-04-24 04:00:00,0.0462232243517,0.0,0
2014-04-24 05:00:00,0.0383900928793,0.0,0
2014-04-24 06:00:00,0.0415542363734,0.0,0
2014-04-24 07:00:00,0.0466543891958,0.0,0
2014-04-24 08:00:00,0.0415778251599,0.0,0
2014-04-24 09:00:00,0.0551378446115,0.0,0
2014-04-24 10:00:00,0.0695949800342,0.0,0
2014-04-24 11:00:00,0.0798414496036,0.991561181435,0
2014-04-24 12:00:00,0.0282762370854,0.0,0
2014-04-24 13:00:00,0.0362573099415,0.0,0
2014-04-24 14:00:00,0.0754342431762,0.979166666667,0
2014-04-24 15:00:00,0.0880082346886,0.0,0
2014-04-24 16:00:00,0.074569789675,0.0,0
2014-04-24 17:00:00,0.0413929040736,0.0,0
2014-04-24 18:00:00,0.0351008215086,0.0,0
2014-04-24 19:00:00,0.0305832147937,0.0,0
2014-04-24 20:00:00,0.0360429447853,0.0,0
2014-04-24 21:00:00,0.0345070422535,0.0,0
2014-04-24 22:00:00,0.0365068002863,0.0,0
2014-04-24 23:00:00,0.0345514950166,0.0,0
2014-04-25 00:00:00,0.046204620462,0.0,0
2014-04-25 01:00:00,0.0335097001764,0.0,0
2014-04-25 02:00:00,0.0446118192352,0.0,0
2014-04-25 03:00:00,0.0312138728324,0.0,0
2014-04-25 04:00:00,0.0504044803983,0.0,0
2014-04-25 05:00:00,0.0324519230769,0.0,0
2014-04-25 06:00:00,0.0265282583622,0.0,0
2014-04-25 07:00:00,0.0236465463597,0.0,0
2014-04-25 08:00:00,0.034375,0.0,0
2014-04-25 09:00:00,0.037484885127,0.0,0
2014-04-25 10:00:00,0.0310965630115,0.0,0
2014-04-25 11:00:00,0.0309339678763,0.0,0
2014-04-25 12:00:00,0.0298507462687,0.0,0
2014-04-25 13:00:00,0.0358790363916,0.0,0
2014-04-25 14:00:00,0.040415704388,0.0,0
2014-04-25 15:00:00,0.0451170759566,0.0,0
2014-04-25 16:00:00,0.0303514376997,0.0,0
2014-04-25 17:00:00,0.0262793914246,0.0,0
2014-04-25 18:00:00,0.0240963855422,0.0,0
2014-04-25 19:00:00,0.0503330866025,0.0,0
2014-04-25 20:00:00,0.0306451612903,0.0,0
2014-04-25 21:00:00,0.0242886884108,0.0,0
2014-04-25 22:00:00,0.063829787234,0.0,0
2014-04-25 23:00:00,0.0265486725664,0.0,0
2014-04-26 00:00:00,0.0,0.0,0
2014-04-26 01:00:00,0.0313099041534,0.0,0
2014-04-26 02:00:00,0.0329067641682,0.0,0
2014-04-26 03:00:00,0.0329605650383,0.0,0
2014-04-26 04:00:00,0.0358974358974,0.0,0
2014-04-26 05:00:00,0.0473773265651,0.0,0
2014-04-26 06:00:00,0.0399032648126,0.0,0
2014-04-26 07:00:00,0.0443073471677,0.0,0
2014-04-26 08:00:00,0.036432160804,0.0,0
2014-04-26 09:00:00,0.0281609195402,0.0,0
2014-04-26 10:00:00,0.041511771995,0.0,0
2014-04-26 11:00:00,0.0350564468212,0.0,0
2014-04-26 12:00:00,0.0260509177028,0.0,0
2014-04-26 13:00:00,0.0335655478151,0.0,0
2014-04-26 14:00:00,0.0369026013309,0.0,0
2014-04-26 15:00:00,0.0355064027939,0.0,0
2014-04-26 16:00:00,0.0335846470185,0.0,0
2014-04-26 17:00:00,0.030303030303,0.0,0
2014-04-26 18:00:00,0.0188811188811,0.0,0
2014-04-26 19:00:00,0.0267618198037,0.0,0
2014-04-26 20:00:00,0.0236822001528,0.0,0
2014-04-26 21:00:00,0.0238290879211,0.0,0
2014-04-26 22:00:00,0.0238429172511,0.0,0
2014-04-26 23:00:00,0.0226442658875,0.0,0
2014-04-27 00:00:00,0.0222772277228,0.0,0
2014-04-27 01:00:00,0.0304465493911,0.809364548495,0
2014-04-27 02:00:00,0.0343769183548,0.0,0
2014-04-27 03:00:00,0.0304182509506,0.0,0
2014-04-27 04:00:00,0.0367298578199,0.0,0
2014-04-27 05:00:00,0.0452806122449,0.0,0
2014-04-27 06:00:00,0.0414603960396,0.0,0
2014-04-27 07:00:00,0.0426356589147,0.0,0
2014-04-27 08:00:00,0.0350058343057,0.0,0
2014-04-27 09:00:00,0.0413533834586,0.0,0
2014-04-27 10:00:00,0.0278241513634,0.0,0
2014-04-27 11:00:00,0.0423412204234,0.0,0
2014-04-27 12:00:00,0.0311704834606,0.0,0
2014-04-27 13:00:00,0.0309708159619,0.0,0
2014-04-27 14:00:00,0.0301953818828,0.0,0
2014-04-27 15:00:00,0.0335758254057,0.773162939297,0
2014-04-27 16:00:00,0.0268886043534,0.0,0
2014-04-27 17:00:00,0.0225080385852,0.0,0
2014-04-27 18:00:00,0.0212765957447,0.0,0
2014-04-27 19:00:00,0.0284327323162,0.0,0
2014-04-27 20:00:00,0.0294802172227,0.0,0
2014-04-27 21:00:00,0.0255348516218,0.0,0
2014-04-27 22:00:00,0.022792022792,0.0,0
2014-04-27 23:00:00,0.0304404145078,0.0,0
2014-04-28 00:00:00,0.0331491712707,0.0,0
2014-04-28 01:00:00,0.0291545189504,0.0,0
2014-04-28 02:00:00,0.0324261725536,0.0,0
2014-04-28 03:00:00,0.0339599757429,0.0,0
2014-04-28 04:00:00,0.031746031746,0.0,0
2014-04-28 05:00:00,0.0390763765542,0.0,0
2014-04-28 06:00:00,0.0279647850854,0.0,0
2014-04-28 07:00:00,0.0410447761194,0.0,0
2014-04-28 08:00:00,0.0314430095452,0.0,0
2014-04-28 09:00:00,0.0283870967742,0.0,0
2014-04-28 10:00:00,0.0273631840796,0.0,0
2014-04-28 11:00:00,0.0253360910031,0.0,0
2014-04-28 12:00:00,0.0268016676593,0.0,0
2014-04-28 13:00:00,0.0372120496161,0.0,0
2014-04-28 14:00:00,0.0376857749469,0.0,0
2014-04-28 15:00:00,0.0433985330073,0.0,0
2014-04-28 16:00:00,0.0315420560748,0.0,0
2014-04-28 17:00:00,0.0367534456355,0.0,0
2014-04-28 18:00:00,0.0241879751209,0.0,0
2014-04-28 19:00:00,0.0361445783133,0.0,0
2014-04-28 20:00:00,0.0257510729614,0.0,0
2014-04-28 21:00:00,0.0397967823878,0.0,0
2014-04-28 22:00:00,0.0357383681726,0.0,0
2014-04-28 23:00:00,0.0257009345794,0.0,0
2014-04-29 00:00:00,0.0243013365735,0.0,0
2014-04-29 01:00:00,0.035761589404,0.0,0
2014-04-29 02:00:00,0.0238237045861,0.0,0
2014-04-29 03:00:00,0.0270819228165,0.0,0
2014-04-29 04:00:00,0.0279635258359,0.0,0
2014-04-29 05:00:00,0.0371106693174,0.0,0
2014-04-29 06:00:00,0.0335608646189,0.0,0
2014-04-29 07:00:00,0.0478114478114,0.0,0
2014-04-29 08:00:00,0.0444444444444,0.0,0
2014-04-29 09:00:00,0.0413703943116,0.0,0
2014-04-29 10:00:00,0.040127388535,0.0,0
2014-04-29 11:00:00,0.0330086580087,0.0,0
2014-04-29 12:00:00,0.0384615384615,0.0,0
2014-04-29 13:00:00,0.0420353982301,0.0,0
2014-04-29 14:00:00,0.0357142857143,0.0,0
2014-04-29 15:00:00,0.0314960629921,0.0,0
2014-04-29 16:00:00,0.031186440678,0.0,0
2014-04-29 17:00:00,0.0321100917431,0.0,0
2014-04-29 18:00:00,0.0334346504559,0.0,0
2014-04-29 19:00:00,0.026878015162,0.0,0
2014-04-29 20:00:00,0.0312757201646,0.0,0
2014-04-29 21:00:00,0.0244242847174,0.0,0
2014-04-29 22:00:00,0.040749796251,0.0,0
2014-04-29 23:00:00,0.0259552992069,0.0,0
2014-04-30 00:00:00,0.036775106082,0.0,0
2014-04-30 01:00:00,0.0302149912841,0.0,0
2014-04-30 02:00:00,0.0386473429952,0.0,0
2014-04-30 03:00:00,0.0298837852795,0.0,0
2014-04-30 04:00:00,0.030443414957,0.0,0
2014-04-30 05:00:00,0.0250145433392,0.0,0
2014-04-30 06:00:00,0.0259216589862,0.0,0
2014-04-30 07:00:00,0.0302013422819,0.0,0
2014-04-30 08:00:00,0.0249291784703,0.0,0
2014-04-30 09:00:00,0.0271979759646,0.0,0
2014-04-30 10:00:00,0.0221266133989,0.0,0
2014-04-30 11:00:00,0.0295748613678,0.0,0
2014-04-30 12:00:00,0.0317258883249,0.0,0
2014-04-30 13:00:00,0.0321876704855,0.0,0
2014-04-30 14:00:00,0.0403977625855,0.0,0
2014-04-30 15:00:00,0.0350480497456,0.0,0
2014-04-30 16:00:00,0.02722323049,0.0,0
2014-04-30 17:00:00,0.0373134328358,0.0,0
2014-04-30 18:00:00,0.0309837335399,0.0,0
2014-04-30 19:00:00,0.0321678321678,0.0,0
2014-04-30 20:00:00,0.0388349514563,0.0,0
2014-04-30 21:00:00,0.0357142857143,0.0,0
2014-04-30 22:00:00,0.0291921249151,0.0,0
2014-04-30 23:00:00,0.0311368573497,0.0,0
2014-05-01 00:00:00,0.0229386236826,0.0,0
2014-05-01 01:00:00,0.0272294077604,0.0,0
2014-05-01 02:00:00,0.0248962655602,0.0,0
2014-05-01 03:00:00,0.0338010204082,0.0,0
2014-05-01 04:00:00,0.0686930091185,0.0,0
2014-05-01 05:00:00,0.0442692540934,0.0,0
2014-05-01 06:00:00,0.0418653948066,0.0,0
2014-05-01 07:00:00,0.041511771995,0.0,0
2014-05-01 08:00:00,0.0481317289424,0.0,0
2014-05-01 09:00:00,0.0369961347322,0.0,0
2014-05-01 10:00:00,0.0396825396825,0.0,0
2014-05-01 11:00:00,0.0315439955728,0.0,0
2014-05-01 12:00:00,0.0346129641284,0.0,0
2014-05-01 13:00:00,0.038961038961,0.0,0
2014-05-01 14:00:00,0.0412979351032,0.0,0
2014-05-01 15:00:00,0.0501022494888,0.0,0
2014-05-01 16:00:00,0.0390442890443,0.0,0
2014-05-01 17:00:00,0.0380761523046,0.0,0
2014-05-01 18:00:00,0.0321522309711,0.0,0
2014-05-01 19:00:00,0.0325925925926,0.0,0
2014-05-01 20:00:00,0.0275362318841,0.0,0
2014-05-01 21:00:00,0.033234859675,0.0,0
2014-05-01 22:00:00,0.0191740412979,0.0,0
2014-05-01 23:00:00,0.0188953488372,0.0,0
2014-05-02 00:00:00,0.0330634278003,0.0,0
2014-05-02 01:00:00,0.0283196979232,0.0,0
2014-05-02 02:00:00,0.0338669950739,0.0,0
2014-05-02 03:00:00,0.0612009237875,0.0,0
2014-05-02 04:00:00,0.0422453703704,0.0,0
2014-05-02 05:00:00,0.0377790497997,0.0,0
2014-05-02 06:00:00,0.0435582822086,0.0,0
2014-05-02 07:00:00,0.047032474804,0.0,0
2014-05-02 08:00:00,0.0468248877486,0.0,0
2014-05-02 09:00:00,0.0511494252874,0.0,0
2014-05-02 10:00:00,0.030352303523,0.0,0
2014-05-02 11:00:00,0.0393794749403,0.0,0
2014-05-02 12:00:00,0.0418604651163,0.0,0
2014-05-02 13:00:00,0.0337268128162,0.0,0
2014-05-02 14:00:00,0.0352526439483,0.0,0
2014-05-02 15:00:00,0.0286214953271,0.0,0
2014-05-02 16:00:00,0.0454217736121,0.0,0
2014-05-02 17:00:00,0.0263705759889,0.0,0
2014-05-02 18:00:00,0.0346456692913,0.0,0
2014-05-02 19:00:00,0.0239398084815,0.0,0
2014-05-02 20:00:00,0.0246238030096,0.0,0
2014-05-02 21:00:00,0.0247524752475,0.0,0
2014-05-02 22:00:00,0.0246238030096,0.0,0
2014-05-02 23:00:00,0.0252032520325,0.0,0
2014-05-03 00:00:00,0.0238863783086,0.0,0
2014-05-03 01:00:00,0.0313411078717,0.0,0
2014-05-03 02:00:00,0.028968014484,0.0,0
2014-05-03 03:00:00,0.0350140056022,0.0,0
2014-05-03 04:00:00,0.0357142857143,0.0,0
2014-05-03 05:00:00,0.0448430493274,0.0,0
2014-05-03 06:00:00,0.0389972144847,0.0,0
2014-05-03 07:00:00,0.0426081342802,0.0,0
2014-05-03 08:00:00,0.0372142477406,0.0,0
2014-05-03 09:00:00,0.041875,0.0,0
2014-05-03 10:00:00,0.0413176996092,0.0,0
2014-05-03 11:00:00,0.0400451212634,0.0,0
2014-05-03 12:00:00,0.0343901128426,0.0,0
2014-05-03 13:00:00,0.0383295194508,0.0,0
2014-05-03 14:00:00,0.035214914552,0.0,0
2014-05-03 15:00:00,0.051842598376,0.0,0
2014-05-03 16:00:00,0.0271437384331,0.0,0
2014-05-03 17:00:00,0.0261538461538,0.0,0
2014-05-03 18:00:00,0.0260173448966,0.0,0
2014-05-03 19:00:00,0.0297872340426,0.0,0
2014-05-03 20:00:00,0.0327070285317,0.0,0
2014-05-03 21:00:00,0.029695024077,0.0,0
2014-05-03 22:00:00,0.0267737617135,0.0,0
2014-05-03 23:00:00,0.0394431554524,0.0,0
2014-05-04 00:00:00,0.0290482076638,0.0,0
2014-05-04 01:00:00,0.0281588447653,0.0,0
2014-05-04 02:00:00,0.0364092906466,0.0,0
2014-05-04 03:00:00,0.0419303797468,0.0,0
2014-05-04 04:00:00,0.0327044025157,0.0,0
2014-05-04 05:00:00,0.0252454417952,0.0,0
2014-05-04 06:00:00,0.0236857307915,0.0,0
2014-05-04 07:00:00,0.0405493786789,0.0,0
2014-05-04 08:00:00,0.0330717488789,0.0,0
2014-05-04 09:00:00,0.0176125244618,0.0,0
2014-05-04 10:00:00,0.0283490828238,0.0,0
2014-05-04 11:00:00,0.0384615384615,0.0,0
2014-05-04 12:00:00,0.0464480874317,0.0,0
2014-05-04 13:00:00,0.0402726146221,0.0,0
2014-05-04 14:00:00,0.0390428211587,0.0,0
2014-05-04 15:00:00,0.0335608646189,0.0,0
2014-05-04 16:00:00,0.031914893617,0.0,0
2014-05-04 17:00:00,0.0214190093708,0.0,0
2014-05-04 18:00:00,0.0272340425532,0.0,0
2014-05-04 19:00:00,0.026268115942,0.0,0
2014-05-04 20:00:00,0.020366598778,0.0,0
2014-05-04 21:00:00,0.0237310481213,0.0,0
2014-05-04 22:00:00,0.0204402515723,0.0,0
2014-05-04 23:00:00,0.0212624584718,0.0,0
2014-05-05 00:00:00,0.0323741007194,0.0,0
2014-05-05 01:00:00,0.0337995337995,0.0,0
2014-05-05 02:00:00,0.0283783783784,0.0,0
2014-05-05 03:00:00,0.0387007601935,0.0,0
2014-05-05 04:00:00,0.0358166189112,0.0,0
2014-05-05 05:00:00,0.0286861732645,0.0,0
2014-05-05 06:00:00,0.034188034188,0.0,0
2014-05-05 07:00:00,0.0235496840896,0.0,0
2014-05-05 08:00:00,0.0303813833226,0.0,0
2014-05-05 09:00:00,0.0422374429224,0.0,0
2014-05-05 10:00:00,0.0282012195122,0.0,0
2014-05-05 11:00:00,0.0300057703405,0.0,0
2014-05-05 12:00:00,0.037426132633,0.0,0
2014-05-05 13:00:00,0.0270805812417,0.0,0
2014-05-05 14:00:00,0.0286532951289,0.0,0
2014-05-05 15:00:00,0.0366350067843,0.0,0
2014-05-05 16:00:00,0.0381436745073,0.0,0
2014-05-05 17:00:00,0.0435146443515,0.0,0
2014-05-05 18:00:00,0.0208633093525,0.0,0
2014-05-05 19:00:00,0.0202286719437,0.0,0
2014-05-05 20:00:00,0.0216802168022,0.0,0
2014-05-05 21:00:00,0.0199637023593,0.0,0
2014-05-05 22:00:00,0.0176056338028,0.0,0
2014-05-05 23:00:00,0.031223628692,0.0,0
2014-05-06 00:00:00,0.0458937198068,0.0,0
2014-05-06 01:00:00,0.0418641390205,0.0,0
2014-05-06 02:00:00,0.040675844806,0.0,0
2014-05-06 03:00:00,0.0373952288846,0.0,0
2014-05-06 04:00:00,0.0733478576616,0.996363636364,0
2014-05-06 05:00:00,0.0426170468187,0.0,0
2014-05-06 06:00:00,0.0431396045536,0.0,0
2014-05-06 07:00:00,0.0490405117271,0.0,0
2014-05-06 08:00:00,0.0488466757123,0.0,0
2014-05-06 09:00:00,0.0382352941176,0.0,0
2014-05-06 10:00:00,0.0475471698113,0.0,0
2014-05-06 11:00:00,0.0321852060982,0.0,0
2014-05-06 12:00:00,0.0493506493506,0.0,0
2014-05-06 13:00:00,0.0364794441228,0.0,0
2014-05-06 14:00:00,0.0361366622865,0.0,0
2014-05-06 15:00:00,0.0347463516331,0.0,0
2014-05-06 16:00:00,0.0691785052502,0.0,0
2014-05-06 17:00:00,0.0708301599391,0.951388888889,0
2014-05-06 18:00:00,0.0300069783671,0.0,0
2014-05-06 19:00:00,0.0295238095238,0.0,0
2014-05-06 20:00:00,0.0251908396947,0.0,0
2014-05-06 21:00:00,0.0383912248629,0.0,0
2014-05-06 22:00:00,0.0279823269514,0.0,0
2014-05-06 23:00:00,0.0391340549542,0.0,0
2014-05-07 00:00:00,0.0264200792602,0.0,0
2014-05-07 01:00:00,0.0763665594855,0.925675675676,0
2014-05-07 02:00:00,0.0885766646304,0.0,0
2014-05-07 03:00:00,0.0678260869565,0.0,0
2014-05-07 04:00:00,0.0786206896552,0.0,0
2014-05-07 05:00:00,0.0805460750853,0.0,0
2014-05-07 06:00:00,0.0517464424321,0.0,0
2014-05-07 07:00:00,0.0525946704067,0.0,0
2014-05-07 08:00:00,0.0472779369628,0.0,0
2014-05-07 09:00:00,0.0392296718973,0.0,0
2014-05-07 10:00:00,0.0428571428571,0.0,0
2014-05-07 11:00:00,0.0487341772152,0.0,0
2014-05-07 12:00:00,0.0354654844839,0.0,0
2014-05-07 13:00:00,0.0468859342197,0.0,0
2014-05-07 14:00:00,0.0478834142956,0.0,0
2014-05-07 15:00:00,0.0461922596754,0.0,0
2014-05-07 16:00:00,0.0445420326223,0.0,0
2014-05-07 17:00:00,0.0495458298927,0.0,0
2014-05-07 18:00:00,0.0405932864949,0.0,0
2014-05-07 19:00:00,0.0553633217993,0.0,0
2014-05-07 20:00:00,0.0473372781065,0.0,0
2014-05-07 21:00:00,0.0378657487091,0.0,0
2014-05-07 22:00:00,0.0436720142602,0.0,0
2014-05-07 23:00:00,0.0437685459941,0.0,0
2014-05-08 00:00:00,0.0515806988353,0.0,0
2014-05-08 01:00:00,0.045584045584,0.0,0
2014-05-08 02:00:00,0.0516129032258,0.0,0
2014-05-08 03:00:00,0.0575427682737,0.0,0
2014-05-08 04:00:00,0.048839071257,0.0,0
2014-05-08 05:00:00,0.0552651232263,0.0,0
2014-05-08 06:00:00,0.0547263681592,0.0,0
2014-05-08 07:00:00,0.0512820512821,0.0,0
2014-05-08 08:00:00,0.0525936599424,0.0,0
2014-05-08 09:00:00,0.0416164053076,0.0,0
2014-05-08 10:00:00,0.0520684736091,0.0,0
2014-05-08 11:00:00,0.0493300852619,0.0,0
2014-05-08 12:00:00,0.0581867388363,0.0,0
2014-05-08 13:00:00,0.0607196401799,0.0,0
2014-05-08 14:00:00,0.0626276378489,0.0,0
2014-05-08 15:00:00,0.0636856368564,0.0,0
2014-05-08 16:00:00,0.0794314381271,0.0,0
2014-05-08 17:00:00,0.062962962963,0.0,0
2014-05-08 18:00:00,0.0776965265082,0.0,0
2014-05-08 19:00:00,0.05502567865,0.0,0
2014-05-08 20:00:00,0.0535885167464,0.0,0
2014-05-08 21:00:00,0.0451517394523,0.0,0
2014-05-08 22:00:00,0.0521023765996,0.0,0
2014-05-08 23:00:00,0.0433310765064,0.0,0
2014-05-09 00:00:00,0.0472914875322,0.0,0
2014-05-09 01:00:00,0.0380952380952,0.0,0
2014-05-09 02:00:00,0.0442477876106,0.0,0
2014-05-09 03:00:00,0.0545023696682,0.0,0
2014-05-09 04:00:00,0.0535976505139,0.0,0
2014-05-09 05:00:00,0.0470085470085,0.0,0
2014-05-09 06:00:00,0.0662878787879,0.0,0
2014-05-09 07:00:00,0.0840210052513,0.0,0
2014-05-09 08:00:00,0.0615763546798,0.0,0
2014-05-09 09:00:00,0.0730223123732,0.0,0
2014-05-09 10:00:00,0.0671798460462,0.0,0
2014-05-09 11:00:00,0.0309023485785,0.0,0
2014-05-09 12:00:00,0.0393794749403,0.0,0
2014-05-09 13:00:00,0.0604619565217,0.0,0
2014-05-09 14:00:00,0.0443250503694,0.0,0
2014-05-09 15:00:00,0.0353159851301,0.0,0
2014-05-09 16:00:00,0.0419047619048,0.0,0
2014-05-09 17:00:00,0.0349075975359,0.0,0
2014-05-09 18:00:00,0.0539419087137,0.0,0
2014-05-09 19:00:00,0.0388571428571,0.0,0
2014-05-09 20:00:00,0.0498084291188,0.0,0
2014-05-09 21:00:00,0.0387596899225,0.0,0
2014-05-09 22:00:00,0.0470219435737,0.0,0
2014-05-09 23:00:00,0.0204081632653,0.0,0
2014-05-10 00:00:00,0.0754716981132,0.0,0
2014-05-10 01:00:00,0.0503144654088,0.0,0
2014-05-10 02:00:00,0.0406504065041,0.0,0
2014-05-10 03:00:00,0.022869022869,0.0,0
2014-05-10 04:00:00,0.0441767068273,0.0,0
2014-05-10 05:00:00,0.0179640718563,0.0,0
2014-05-10 06:00:00,0.047619047619,0.0,0
2014-05-10 07:00:00,0.0249042145594,0.0,0
2014-05-10 08:00:00,0.0452674897119,0.0,0
2014-05-10 09:00:00,0.0263157894737,0.0,0
2014-05-10 10:00:00,0.0262582056893,0.0,0
2014-05-10 11:00:00,0.0349344978166,0.0,0
2014-05-10 12:00:00,0.0553191489362,0.0,0
2014-05-10 13:00:00,0.0248447204969,0.0,0
2014-05-10 14:00:00,0.0515021459227,0.0,0
2014-05-10 15:00:00,0.0220440881764,0.0,0
2014-05-10 16:00:00,0.063829787234,0.0,0
2014-05-10 17:00:00,0.0210970464135,0.0,0
2014-05-10 18:00:00,0.0528846153846,0.0,0
2014-05-10 19:00:00,0.030487804878,0.0,0
2014-05-10 20:00:00,0.0568720379147,0.0,0
2014-05-10 21:00:00,0.0233545647558,0.0,0
2014-05-10 22:00:00,0.0533980582524,0.0,0
2014-05-10 23:00:00,0.0255319148936,0.0,0
2014-05-11 00:00:00,0.0540540540541,0.0,0
2014-05-11 01:00:00,0.030162412993,0.0,0
2014-05-11 02:00:00,0.0344827586207,0.0,0
2014-05-11 03:00:00,0.0483383685801,0.0,0
2014-05-11 04:00:00,0.0460122699386,0.0,0
2014-05-11 05:00:00,0.0560747663551,0.0,0
2014-05-11 06:00:00,0.0231092436975,0.0,0
2014-05-11 07:00:00,0.0439024390244,0.0,0
2014-05-11 08:00:00,0.0215982721382,0.0,0
2014-05-11 09:00:00,0.0422535211268,0.0,0
2014-05-11 10:00:00,0.017094017094,0.0,0
2014-05-11 11:00:00,0.0434782608696,0.0,0
2014-05-11 12:00:00,0.0890207715134,0.0,0
2014-05-11 13:00:00,0.0497592295345,0.0,0
2014-05-11 14:00:00,0.0972850678733,0.0,0
2014-05-11 15:00:00,0.0491803278689,0.0,0
2014-05-11 16:00:00,0.0342857142857,0.0,0
2014-05-11 17:00:00,0.0579710144928,0.0,0
2014-05-11 18:00:00,0.027397260274,0.0,0
2014-05-11 19:00:00,0.0458015267176,0.0,0
2014-05-11 20:00:00,0.06,0.0,0
2014-05-11 21:00:00,0.025974025974,0.0,0
2014-05-11 22:00:00,0.0812182741117,0.0,0
2014-05-11 23:00:00,0.0369230769231,0.0,0
2014-05-12 00:00:00,0.0526315789474,0.0,0
2014-05-12 01:00:00,0.0216919739696,0.0,0
2014-05-12 02:00:00,0.0555555555556,0.0,0
2014-05-12 03:00:00,0.0533980582524,0.0,0
2014-05-12 04:00:00,0.0568720379147,0.0,0
2014-05-12 05:00:00,0.0306905370844,0.0,0
2014-05-12 06:00:00,0.0628019323671,0.0,0
2014-05-12 07:00:00,0.0280172413793,0.0,0
2014-05-12 08:00:00,0.044776119403,0.0,0
2014-05-12 09:00:00,0.0288248337029,0.0,0
2014-05-12 10:00:00,0.0561224489796,0.0,0
2014-05-12 11:00:00,0.036036036036,0.0,0
2014-05-12 12:00:00,0.0378151260504,0.0,0
2014-05-12 13:00:00,0.0165289256198,0.0,0
2014-05-12 14:00:00,0.0607287449393,0.0,0
2014-05-12 15:00:00,0.029490616622,0.0,0
2014-05-12 16:00:00,0.0641025641026,0.0,0
2014-05-12 17:00:00,0.0263852242744,0.0,0
2014-05-12 18:00:00,0.0454545454545,0.0,0
2014-05-12 19:00:00,0.0347826086957,0.0,0
2014-05-12 20:00:00,0.0414746543779,0.0,0
2014-05-12 21:00:00,0.0276497695853,0.0,0
2014-05-12 22:00:00,0.0657894736842,0.0,0
2014-05-12 23:00:00,0.0311111111111,0.0,0
2014-05-13 00:00:00,0.0352422907489,0.0,0
2014-05-13 01:00:00,0.036036036036,0.0,0
2014-05-13 02:00:00,0.023569023569,0.0,0
2014-05-13 03:00:00,0.0497737556561,0.0,0
2014-05-13 04:00:00,0.0478260869565,0.0,0
2014-05-13 05:00:00,0.0347826086957,0.0,0
2014-05-13 06:00:00,0.0160320641283,0.0,0
2014-05-13 07:00:00,0.022641509434,0.0,0
2014-05-13 08:00:00,0.0239234449761,0.0,0
2014-05-13 09:00:00,0.012987012987,0.0,0
2014-05-13 10:00:00,0.0266666666667,0.0,0
2014-05-13 11:00:00,0.0285714285714,0.0,0
2014-05-13 12:00:00,0.0133333333333,0.0,0
2014-05-13 13:00:00,0.0173913043478,0.0,0
2014-05-13 14:00:00,0.0382978723404,0.0,0
2014-05-13 15:00:00,0.0240384615385,0.0,0
2014-05-13 16:00:00,0.05078125,0.0,0
2014-05-13 17:00:00,0.0324483775811,0.0,0
2014-05-13 18:00:00,0.0207100591716,0.0,0
2014-05-13 19:00:00,0.02,0.0,0
2014-05-13 20:00:00,0.00879120879121,0.0,0
2014-05-13 21:00:00,0.00759493670886,0.913513513514,0
2014-05-13 22:00:00,0.019801980198,0.0,0
2014-05-13 23:00:00,0.0089485458613,0.0,0
2014-05-14 00:00:00,0.0462962962963,0.0,0
2014-05-14 01:00:00,0.0227743271222,0.0,0
2014-05-14 02:00:00,0.0231481481481,0.0,0
2014-05-14 03:00:00,0.00854700854701,0.0,0
2014-05-14 04:00:00,0.0144230769231,0.0,0
2014-05-14 05:00:00,0.0137614678899,0.0,0
2014-05-14 06:00:00,0.00816326530612,0.0,0
2014-05-14 07:00:00,0.0252100840336,0.0,0
2014-05-14 08:00:00,0.014742014742,0.0,0
2014-05-14 09:00:00,0.0184331797235,0.0,0
2014-05-14 10:00:00,0.0133630289532,0.0,0
2014-05-14 11:00:00,0.0552995391705,0.0,0
2014-05-14 12:00:00,0.0182648401826,0.0,0
2014-05-14 13:00:00,0.0600858369099,0.0,0
2014-05-14 14:00:00,0.0534979423868,0.0,0
2014-05-14 15:00:00,0.0461095100865,0.0,0
2014-05-14 16:00:00,0.0599078341014,0.0,0
2014-05-14 17:00:00,0.0547945205479,0.0,0
2014-05-14 18:00:00,0.0266666666667,0.0,0
2014-05-14 19:00:00,0.0234741784038,0.0,0
2014-05-14 20:00:00,0.0560747663551,0.0,0
2014-05-14 21:00:00,0.0284360189573,0.0,0
2014-05-14 22:00:00,0.0478087649402,0.0,0
2014-05-14 23:00:00,0.0528634361233,0.0,0
2014-05-15 00:00:00,0.0245398773006,0.0,0
2014-05-15 01:00:00,0.0349854227405,0.0,0
2014-05-15 02:00:00,0.0320855614973,0.0,0
2014-05-15 03:00:00,0.063025210084,0.0,0
2014-05-15 04:00:00,0.0541666666667,0.0,0
2014-05-15 05:00:00,0.070796460177,0.0,0
2014-05-15 06:00:00,0.0252100840336,0.0,0
2014-05-15 07:00:00,0.0593220338983,0.0,0
2014-05-15 08:00:00,0.0204081632653,0.0,0
2014-05-15 09:00:00,0.0515021459227,0.0,0
2014-05-15 10:00:00,0.0486725663717,0.0,0
2014-05-15 11:00:00,0.0519480519481,0.583333333333,0
2014-05-15 12:00:00,0.0240480961924,0.0,0
2014-05-15 13:00:00,0.0566801619433,0.564516129032,0
2014-05-15 14:00:00,0.0447154471545,0.0,0
2014-05-15 15:00:00,0.0393939393939,0.0,0
2014-05-15 16:00:00,0.0512820512821,0.0,0
2014-05-15 17:00:00,0.0191897654584,0.0,0
2014-05-15 18:00:00,0.0318181818182,0.0,0
2014-05-15 19:00:00,0.0163265306122,0.0,0
2014-05-15 20:00:00,0.0347826086957,0.0,0
2014-05-15 21:00:00,0.0201005025126,0.0,0
2014-05-15 22:00:00,0.0353982300885,0.0,0
2014-05-15 23:00:00,0.0215053763441,0.0,0
2014-05-16 00:00:00,0.0482456140351,0.0,0
2014-05-16 01:00:00,0.0510638297872,0.0,0
2014-05-16 02:00:00,0.0524017467249,0.0,0
2014-05-16 03:00:00,0.0491071428571,0.0,0
2014-05-16 04:00:00,0.0369565217391,0.0,0
2014-05-16 05:00:00,0.0309917355372,0.0,0
2014-05-16 06:00:00,0.0574162679426,0.443037974684,0
2014-05-16 07:00:00,0.0422960725076,0.0,0
2014-05-16 08:00:00,0.0394736842105,0.0,0
2014-05-16 09:00:00,0.0225409836066,0.0,0
2014-05-16 10:00:00,0.0444444444444,0.0,0
2014-05-16 11:00:00,0.0493827160494,0.0,0
2014-05-16 12:00:00,0.0226804123711,0.0,0
2014-05-16 13:00:00,0.0619469026549,0.0,0
2014-05-16 14:00:00,0.0796812749004,0.0,0
2014-05-16 15:00:00,0.0160256410256,0.0,0
2014-05-16 16:00:00,0.0301886792453,0.0,0
2014-05-16 17:00:00,0.0151228733459,0.0,0
2014-05-16 18:00:00,0.0313725490196,0.0,0
2014-05-16 19:00:00,0.0200400801603,0.0,0
2014-05-16 20:00:00,0.0434782608696,0.467889908257,0
2014-05-16 21:00:00,0.0284090909091,0.0,0
2014-05-16 22:00:00,0.037037037037,0.0,0
2014-05-16 23:00:00,0.0353535353535,0.0,0
2014-05-17 00:00:00,0.052380952381,0.451327433628,0
2014-05-17 01:00:00,0.0547263681592,0.0,0
2014-05-17 02:00:00,0.0803212851406,0.0,0
2014-05-17 03:00:00,0.0561224489796,0.0,0
2014-05-17 04:00:00,0.0212765957447,0.0,0
2014-05-17 05:00:00,0.0259067357513,0.0,0
2014-05-17 06:00:00,0.0133333333333,0.0,0
2014-05-17 07:00:00,0.0379146919431,0.0,0
2014-05-17 08:00:00,0.029702970297,0.0,0
2014-05-17 09:00:00,0.0409090909091,0.0,0
2014-05-17 10:00:00,0.0218446601942,0.0,0
2014-05-17 11:00:00,0.027149321267,0.0,0
2014-05-17 12:00:00,0.031007751938,0.0,0
2014-05-17 13:00:00,0.0353982300885,0.0,0
2014-05-17 14:00:00,0.0167714884696,0.288888888889,0
2014-05-17 15:00:00,0.0502283105023,0.0,0
2014-05-17 16:00:00,0.0430622009569,0.0,0
2014-05-17 17:00:00,0.0454545454545,0.0,0
2014-05-17 18:00:00,0.0379146919431,0.0,0
2014-05-17 19:00:00,0.0637254901961,0.0,0
2014-05-17 20:00:00,0.0478468899522,0.0,0
2014-05-17 21:00:00,0.0430107526882,0.55614973262,0
2014-05-17 22:00:00,0.0429447852761,0.0,0
2014-05-17 23:00:00,0.0459770114943,0.0,0
2014-05-18 00:00:00,0.0621468926554,0.0,0
2014-05-18 01:00:00,0.0755813953488,0.0,0
2014-05-18 02:00:00,0.0683229813665,0.0,0
2014-05-18 03:00:00,0.0635838150289,0.0,0
2014-05-18 04:00:00,0.0697674418605,0.0,0
2014-05-18 05:00:00,0.0558659217877,0.0,0
2014-05-18 06:00:00,0.0773195876289,0.0,0
2014-05-18 07:00:00,0.055900621118,0.0,0
2014-05-18 08:00:00,0.0604395604396,0.0,0
2014-05-18 09:00:00,0.0558659217877,0.0,0
2014-05-18 10:00:00,0.0663265306122,0.0,0
2014-05-18 11:00:00,0.063829787234,0.0,0
2014-05-18 12:00:00,0.0655737704918,0.0,0
2014-05-18 13:00:00,0.0515463917526,0.0,0
2014-05-18 14:00:00,0.0609137055838,0.0,0
2014-05-18 15:00:00,0.0486725663717,0.0,0
2014-05-18 16:00:00,0.0425531914894,0.0,0
2014-05-18 17:00:00,0.0615384615385,0.0,0
2014-05-18 18:00:00,0.0659340659341,0.0,0
2014-05-18 19:00:00,0.0792682926829,0.0,0
2014-05-18 20:00:00,0.0479041916168,0.0,0
2014-05-18 21:00:00,0.0429447852761,0.0,0
2014-05-18 22:00:00,0.0459770114943,0.0,0
2014-05-18 23:00:00,0.0765027322404,0.644951140065,0
2014-05-19 00:00:00,0.0740740740741,0.0,0
2014-05-19 01:00:00,0.0473684210526,0.0,0
2014-05-19 02:00:00,0.0314136125654,0.0,0
2014-05-19 03:00:00,0.0561797752809,0.0,0
2014-05-19 04:00:00,0.039603960396,0.0,0
2014-05-19 05:00:00,0.0430107526882,0.0,0
2014-05-19 06:00:00,0.0310880829016,0.0,0
2014-05-19 07:00:00,0.037037037037,0.0,0
2014-05-19 08:00:00,0.0348258706468,0.0,0
2014-05-19 09:00:00,0.0408163265306,0.0,0
2014-05-19 10:00:00,0.0355329949239,0.0,0
2014-05-19 11:00:00,0.0257731958763,0.0,0
2014-05-19 12:00:00,0.0327868852459,0.0,0
2014-05-19 13:00:00,0.0366492146597,0.0,0
2014-05-19 14:00:00,0.04,0.0,0
2014-05-19 15:00:00,0.0215053763441,0.0,0
2014-05-19 16:00:00,0.0454545454545,0.0,0
2014-05-19 17:00:00,0.0419161676647,0.0,0
2014-05-19 18:00:00,0.0434782608696,0.0,0
2014-05-19 19:00:00,0.0233918128655,0.0,0
2014-05-19 20:00:00,0.0222222222222,0.0,0
2014-05-19 21:00:00,0.0210526315789,0.0,0
2014-05-19 22:00:00,0.0231213872832,0.0,0
2014-05-19 23:00:00,0.0224719101124,0.0,0
2014-05-20 00:00:00,0.0222222222222,0.0,0
2014-05-20 01:00:00,0.035,0.0,0
2014-05-20 02:00:00,0.0162162162162,0.0,0
2014-05-20 03:00:00,0.0298507462687,0.0,0
2014-05-20 04:00:00,0.0265957446809,0.0,0
2014-05-20 05:00:00,0.029702970297,0.0,0
2014-05-20 06:00:00,0.0288461538462,0.0,0
2014-05-20 07:00:00,0.0398230088496,0.0,0
2014-05-20 08:00:00,0.041095890411,0.0,0
2014-05-20 09:00:00,0.0380952380952,0.0,0
2014-05-20 10:00:00,0.0373831775701,0.0,0
2014-05-20 11:00:00,0.0422535211268,0.0,0
2014-05-20 12:00:00,0.0485436893204,0.0,0
2014-05-20 13:00:00,0.0235849056604,0.0,0
2014-05-20 14:00:00,0.0330188679245,0.0,0
2014-05-20 15:00:00,0.0504587155963,0.0,0
2014-05-20 16:00:00,0.0609137055838,0.0,0
2014-05-20 17:00:00,0.040404040404,0.0,0
2014-05-20 18:00:00,0.0408163265306,0.0,0
2014-05-20 19:00:00,0.0410256410256,0.0,0
2014-05-20 20:00:00,0.0408163265306,0.0,0
2014-05-20 21:00:00,0.0412371134021,0.0,0
2014-05-20 22:00:00,0.042328042328,0.0,0
2014-05-20 23:00:00,0.0364583333333,0.0,0
2014-05-21 00:00:00,0.0446428571429,0.0,0
2014-05-21 01:00:00,0.118518518519,0.997198879552,0
2014-05-21 02:00:00,0.0836653386454,0.0,0
2014-05-21 03:00:00,0.0524193548387,0.0,0
2014-05-21 04:00:00,0.0431266846361,0.0,0
2014-05-21 05:00:00,0.0260521042084,0.0,0
2014-05-21 06:00:00,0.0265957446809,0.0,0
2014-05-21 07:00:00,0.023199023199,0.0,0
2014-05-21 08:00:00,0.0236382322713,0.0,0
2014-05-21 09:00:00,0.0347682119205,0.0,0
2014-05-21 10:00:00,0.0274302213667,0.0,0
2014-05-21 11:00:00,0.0271591526344,0.0,0
2014-05-21 12:00:00,0.0445062586926,0.0,0
2014-05-21 13:00:00,0.0334051724138,0.0,0
2014-05-21 14:00:00,0.0326797385621,0.0,0
2014-05-21 15:00:00,0.0326086956522,0.0,0
2014-05-21 16:00:00,0.0301639344262,0.0,0
2014-05-21 17:00:00,0.0162037037037,0.0,0
2014-05-21 18:00:00,0.0213740458015,0.0,0
2014-05-21 19:00:00,0.0214240705734,0.0,0
2014-05-21 20:00:00,0.0279605263158,0.0,0
2014-05-21 21:00:00,0.0291828793774,0.0,0
2014-05-21 22:00:00,0.643292682927,0.997354497354,0
2014-05-21 23:00:00,1.0,0.0,0
2014-05-22 00:00:00,1.0,0.0,0
2014-05-22 01:00:00,1.0,0.0,0
2014-05-22 02:00:00,1.0,0.0,0
2014-05-22 03:00:00,1.0,0.0,0
2014-05-22 04:00:00,1.0,0.0,0
2014-05-22 05:00:00,1.0,0.0,0
2014-05-22 06:00:00,1.0,0.0,0
2014-05-22 07:00:00,1.0,0.0,0
2014-05-22 08:00:00,1.0,0.0,0
2014-05-22 09:00:00,1.0,0.0,0
2014-05-22 10:00:00,1.0,0.0,0
2014-05-22 11:00:00,1.0,0.0,0
2014-05-22 12:00:00,1.0,0.0,0
2014-05-22 13:00:00,1.0,0.0,0
2014-05-22 14:00:00,1.0,0.0,0
2014-05-22 15:00:00,1.0,0.0,0
2014-05-22 16:00:00,1.0,0.0,0
2014-05-22 17:00:00,1.0,0.0,0
2014-05-22 18:00:00,1.0,0.0,0
2014-05-22 19:00:00,1.0,0.0,0
2014-05-22 20:00:00,1.0,0.0,0
2014-05-22 21:00:00,1.0,0.0,0
2014-05-22 22:00:00,1.0,0.0,0
2014-05-22 23:00:00,1.0,0.0,0
2014-05-23 00:00:00,1.0,0.0,0
2014-05-23 01:00:00,1.0,0.0,0
2014-05-23 02:00:00,1.0,0.0,0
2014-05-23 03:00:00,1.0,0.0,0
2014-05-23 04:00:00,1.0,0.0,0
2014-05-23 05:00:00,1.0,0.0,0
2014-05-23 06:00:00,1.0,0.0,0
2014-05-23 07:00:00,1.0,0.0,0
2014-05-23 08:00:00,1.0,0.0,0
2014-05-23 09:00:00,1.0,0.0,0
2014-05-23 10:00:00,1.0,0.0,0
2014-05-23 11:00:00,1.0,0.0,0
2014-05-23 12:00:00,1.0,0.0,0
2014-05-23 13:00:00,1.0,0.0,0
2014-05-23 14:00:00,1.0,0.0,0
2014-05-23 15:00:00,1.0,0.0,0
2014-05-23 16:00:00,1.0,0.0,0
2014-05-23 17:00:00,1.0,0.0,0
2014-05-23 18:00:00,1.0,0.0,0
2014-05-23 19:00:00,1.0,0.0,0
2014-05-23 20:00:00,1.0,0.0,0
2014-05-23 21:00:00,1.0,0.0,0
2014-05-23 22:00:00,1.0,0.0,0
2014-05-23 23:00:00,1.0,0.0,0
2014-05-24 00:00:00,1.0,0.0,0
2014-05-24 01:00:00,1.0,0.0,0
2014-05-24 02:00:00,1.0,0.0,0
2014-05-24 03:00:00,1.0,0.0,0
2014-05-24 04:00:00,1.0,0.0,0
2014-05-24 05:00:00,1.0,0.0,0
2014-05-24 06:00:00,1.0,0.0,0
2014-05-24 07:00:00,1.0,0.0,0
2014-05-24 08:00:00,1.0,0.0,0
2014-05-24 09:00:00,1.0,0.0,0
2014-05-24 10:00:00,1.0,0.0,0
2014-05-24 11:00:00,1.0,0.0,0
2014-05-24 12:00:00,1.0,0.0,0
2014-05-24 13:00:00,1.0,0.0,0
2014-05-24 14:00:00,1.0,0.0,0
2014-05-24 15:00:00,1.0,0.0,0
2014-05-24 16:00:00,1.0,0.0,0
2014-05-24 17:00:00,1.0,0.0,0
2014-05-24 18:00:00,1.0,0.0,0
2014-05-24 19:00:00,0.99011299435,0.0,0
2014-05-24 20:00:00,0.827265685515,0.0,0
2014-05-24 21:00:00,0.822627737226,0.0,0
2014-05-24 22:00:00,0.828067597355,0.0,0
2014-05-24 23:00:00,0.868813357185,0.0,0
2014-05-25 00:00:00,0.866348448687,0.0,0
2014-05-25 01:00:00,0.868653421634,0.0,0
2014-05-25 02:00:00,0.888369678089,0.0,0
2014-05-25 03:00:00,0.888946819604,0.0,0
2014-05-25 04:00:00,0.864059590317,0.0,0
2014-05-25 05:00:00,0.884677855983,0.0,0
2014-05-25 06:00:00,0.892146596859,0.0,0
2014-05-25 07:00:00,0.886486486486,0.0,0
2014-05-25 08:00:00,0.880278191754,0.0,0
2014-05-25 09:00:00,0.880617977528,0.0,0
2014-05-25 10:00:00,0.895462633452,0.0,0
2014-05-25 11:00:00,0.571428571429,0.0,0
2014-05-25 12:00:00,0.885741265345,0.0,0
2014-05-25 13:00:00,0.880424746076,0.0,0
2014-05-25 14:00:00,0.873491282968,0.0,0
2014-05-25 15:00:00,0.875612144956,0.0,0
2014-05-25 16:00:00,0.846597462514,0.0,0
2014-05-25 17:00:00,0.845823095823,0.0,0
2014-05-25 18:00:00,0.840893703453,0.0,0
2014-05-25 19:00:00,0.813333333333,0.0,0
2014-05-25 20:00:00,0.830668604651,0.0,0
2014-05-25 21:00:00,0.849703361898,0.0,0
2014-05-25 22:00:00,0.862290862291,0.0,0
2014-05-25 23:00:00,0.8670998228,0.0,0
2014-05-26 00:00:00,0.862689926843,0.0,0
2014-05-26 01:00:00,0.860440713536,0.0,0
2014-05-26 02:00:00,0.87797311272,0.0,0
2014-05-26 03:00:00,0.864533333333,0.0,0
2014-05-26 04:00:00,0.870869344179,0.0,0
2014-05-26 05:00:00,0.852626685263,0.0,0
2014-05-26 06:00:00,0.847642079807,0.0,0
2014-05-26 07:00:00,0.879885605338,0.0,0
2014-05-26 08:00:00,0.874684183931,0.0,0
2014-05-26 09:00:00,0.828003875969,0.0,0
2014-05-26 10:00:00,0.869543401907,0.0,0
2014-05-26 11:00:00,0.85,0.0,0
2014-05-26 12:00:00,0.878378378378,0.0,0
2014-05-26 13:00:00,0.874054294615,0.0,0
2014-05-26 14:00:00,0.87037037037,0.0,0
2014-05-26 15:00:00,0.873594001071,0.0,0
2014-05-26 16:00:00,0.860560093349,0.0,0
2014-05-26 17:00:00,0.852666666667,0.0,0
2014-05-26 18:00:00,0.851773049645,0.0,0
2014-05-26 19:00:00,0.845468053492,0.0,0
2014-05-26 20:00:00,0.842375366569,0.0,0
2014-05-26 21:00:00,0.85835694051,0.0,0
2014-05-26 22:00:00,0.861945636624,0.0,0
2014-05-26 23:00:00,0.875656742557,0.0,0
2014-05-27 00:00:00,0.87106017192,0.0,0
2014-05-27 01:00:00,0.875746066196,0.0,0
2014-05-27 02:00:00,0.886979166667,0.0,0
2014-05-27 03:00:00,0.89138381201,0.0,0
2014-05-27 04:00:00,0.869899467771,0.0,0
2014-05-27 05:00:00,0.883290488432,0.0,0
2014-05-27 06:00:00,0.88143776824,0.0,0
2014-05-27 07:00:00,0.869287991498,0.0,0
2014-05-27 08:00:00,0.865671641791,0.0,0
2014-05-27 09:00:00,0.88900862069,0.0,0
2014-05-27 10:00:00,0.871089536138,0.0,0
2014-05-27 11:00:00,0.870576339737,0.0,0
2014-05-27 12:00:00,0.883668903803,0.0,0
2014-05-27 13:00:00,0.871939736347,0.0,0
2014-05-27 14:00:00,0.880916791231,0.0,0
2014-05-27 15:00:00,0.861734693878,0.0,0
2014-05-27 16:00:00,0.835011185682,0.0,0
2014-05-27 17:00:00,0.845697329377,0.0,0
2014-05-27 18:00:00,0.834721332479,0.0,0
2014-05-27 19:00:00,0.828497743391,0.0,0
2014-05-27 20:00:00,0.838672102504,0.0,0
2014-05-27 21:00:00,0.851263962375,0.0,0
2014-05-27 22:00:00,0.865456486919,0.0,0
2014-05-27 23:00:00,0.858591549296,0.0,0
2014-05-28 00:00:00,0.870607028754,0.0,0
2014-05-28 01:00:00,0.870667356441,0.0,0
2014-05-28 02:00:00,0.871604938272,0.0,0
2014-05-28 03:00:00,0.858519269777,0.0,0
2014-05-28 04:00:00,0.855614973262,0.0,0
2014-05-28 05:00:00,0.855,0.0,0
2014-05-28 06:00:00,0.858349900596,0.0,0
2014-05-28 07:00:00,0.833053221289,0.0,0
2014-05-28 08:00:00,0.856701030928,0.0,0
2014-05-28 09:00:00,0.848843464228,0.0,0
2014-05-28 10:00:00,0.858999037536,0.0,0
2014-05-28 11:00:00,0.858241230178,0.0,0
2014-05-28 12:00:00,0.845731402896,0.0,0
2014-05-28 13:00:00,0.860332541568,0.0,0
2014-05-28 14:00:00,0.844101123596,0.0,0
2014-05-28 15:00:00,0.836082474227,0.0,0
2014-05-28 16:00:00,0.836273428886,0.0,0
2014-05-28 17:00:00,0.810486418193,0.0,0
2014-05-28 18:00:00,0.815277777778,0.0,0
2014-05-28 19:00:00,0.824279007378,0.0,0
2014-05-28 20:00:00,0.827109266943,0.0,0
2014-05-28 21:00:00,0.8049311095,0.0,0
2014-05-28 22:00:00,0.825529185375,0.0,0
2014-05-28 23:00:00,0.828451882845,0.0,0
2014-05-29 00:00:00,0.852664576803,0.0,0
2014-05-29 01:00:00,0.853403141361,0.0,0
2014-05-29 02:00:00,0.857219827586,0.0,0
2014-05-29 03:00:00,0.845257021728,0.0,0
2014-05-29 04:00:00,0.859482303222,0.0,0
2014-05-29 05:00:00,0.871312309257,0.0,0
2014-05-29 06:00:00,0.854318418314,0.0,0
2014-05-29 07:00:00,0.883340507964,0.0,0
2014-05-29 08:00:00,0.85223880597,0.0,0
2014-05-29 09:00:00,0.863338376198,0.0,0
2014-05-29 10:00:00,0.892532595812,0.0,0
2014-05-29 11:00:00,0.878133102852,0.0,0
2014-05-29 12:00:00,0.86277302944,0.0,0
2014-05-29 13:00:00,0.860320284698,0.0,0
2014-05-29 14:00:00,0.842468908337,0.0,0
2014-05-29 15:00:00,0.839231547017,0.0,0
2014-05-29 16:00:00,0.818432671082,0.0,0
2014-05-29 17:00:00,0.80671224363,0.0,0
2014-05-29 18:00:00,0.809651474531,0.0,0
2014-05-29 19:00:00,0.812804453723,0.0,0
2014-05-29 20:00:00,0.8071334214,0.0,0
2014-05-29 21:00:00,0.815274151436,0.0,0
2014-05-29 22:00:00,0.834945930563,0.0,0
2014-05-29 23:00:00,0.84422403734,0.0,0
2014-05-30 00:00:00,0.839729119639,0.0,0
2014-05-30 01:00:00,0.831541218638,0.0,0
2014-05-30 02:00:00,0.856486796785,0.0,0
2014-05-30 03:00:00,0.838048780488,0.0,0
2014-05-30 04:00:00,0.872436218109,0.0,0
2014-05-30 05:00:00,0.872968980798,0.0,0
2014-05-30 06:00:00,0.864216436958,0.0,0
2014-05-30 07:00:00,0.877184695324,0.0,0
2014-05-30 08:00:00,0.871065989848,0.0,0
2014-05-30 09:00:00,0.864961636829,0.0,0
2014-05-30 10:00:00,0.86398467433,0.0,0
2014-05-30 11:00:00,0.885826771654,0.336585365854,0
