Unnamed: 0,timestamp,value,is_anomaly,prediction,convergenceLoss,convergenceLossNormal,anomaly_score,S(t)_reward_low_FP_rate,S(t)_reward_low_FN_rate,S(t)_standard
0,2015-08-31 18:22:00,0.786516853933,0,0.0177364852279,0.591023206711,1.0,1.0,0.0,0.0,0.0
1,2015-08-31 18:32:00,0.674157303371,0,0.0177364852279,0.591023206711,1.0,1.0,0.0,0.0,0.0
2,2015-08-31 18:57:00,0.719101123596,0,0.0177364852279,0.591023206711,1.0,1.0,0.0,0.0,0.0
3,2015-08-31 19:07:00,0.831460674157,0,0.0177364852279,0.591023206711,1.0,1.0,0.0,0.0,0.0
4,2015-08-31 19:12:00,0.786516853933,0,0.0177364852279,0.591023206711,1.0,1.0,0.0,0.0,0.0
5,2015-08-31 19:17:00,0.797752808989,0,0.0177364852279,0.591023206711,1.0,1.0,0.0,0.0,0.0
6,2015-08-31 19:47:00,0.47191011236,0,0.0177364852279,0.591023206711,1.0,1.0,0.0,0.0,0.0
7,2015-08-31 20:12:00,0.85393258427,0,0.0177364852279,0.591023206711,1.0,1.0,0.0,0.0,0.0
8,2015-08-31 20:27:00,0.61797752809,0,0.0177364852279,0.591023206711,1.0,1.0,0.0,0.0,0.0
9,2015-08-31 20:42:00,0.719101123596,0,0.0177364852279,0.591023206711,1.0,1.0,0.0,0.0,0.0
10,2015-08-31 20:47:00,0.741573033708,0,0.0177364852279,0.591023206711,1.0,1.0,0.0,0.0,0.0
11,2015-08-31 20:52:00,0.820224719101,0,0.0177364852279,0.591023206711,1.0,1.0,0.0,0.0,0.0
12,2015-08-31 21:22:00,0.550561797753,0,0.0177364852279,0.591023206711,1.0,1.0,0.0,0.0,0.0
13,2015-08-31 21:27:00,0.76404494382,0,0.0177364852279,0.591023206711,1.0,1.0,0.0,0.0,0.0
14,2015-08-31 21:32:00,0.573033707865,0,0.0177364852279,0.591023206711,1.0,1.0,0.0,0.0,0.0
15,2015-08-31 21:47:00,0.606741573034,0,0.0177364852279,0.591023206711,1.0,1.0,0.0,0.0,0.0
16,2015-08-31 21:57:00,0.539325842697,0,0.0177364852279,0.591023206711,1.0,1.0,0.0,0.0,0.0
17,2015-08-31 22:07:00,0.76404494382,0,0.0177364852279,0.591023206711,1.0,1.0,0.0,0.0,0.0
18,2015-08-31 22:17:00,0.573033707865,0,0.0177364852279,0.591023206711,1.0,1.0,0.0,0.0,0.0
19,2015-08-31 22:22:00,0.752808988764,0,0.0177364852279,0.591023206711,1.0,1.0,0.0,0.0,0.0
20,2015-08-31 22:27:00,0.696629213483,0,0.0177364852279,0.591023206711,1.0,1.0,0.0,0.0,0.0
21,2015-08-31 23:37:00,0.539325842697,0,0.0177364852279,0.591023206711,1.0,1.0,0.0,0.0,0.0
22,2015-08-31 23:57:00,0.595505617978,0,0.0177364852279,0.591023206711,1.0,1.0,0.0,0.0,0.0
23,2015-09-01 00:07:00,0.550561797753,0,0.0177364852279,0.591023206711,1.0,1.0,0.0,0.0,0.0
24,2015-09-01 00:12:00,0.415730337079,0,0.0177364852279,0.591023206711,1.0,1.0,0.0,0.0,0.0
25,2015-09-01 00:17:00,0.258426966292,0,0.0177364852279,0.591023206711,1.0,1.0,0.0,0.0,0.0
26,2015-09-01 00:22:00,0.303370786517,0,0.0177364852279,0.591023206711,1.0,1.0,0.0,0.0,0.0
27,2015-09-01 00:47:00,0.595505617978,0,0.0177364852279,0.591023206711,1.0,1.0,0.0,0.0,0.0
28,2015-09-01 00:57:00,0.651685393258,0,0.0177364852279,0.591023206711,1.0,1.0,0.0,0.0,0.0
29,2015-09-01 01:07:00,0.707865168539,0,0.0177364852279,0.591023206711,1.0,1.0,0.0,0.0,0.0
30,2015-09-01 01:32:00,0.752808988764,0,0.0177364852279,0.591023206711,1.0,1.0,0.0,0.0,0.0
31,2015-09-01 01:52:00,0.640449438202,0,0.0177364852279,0.591023206711,1.0,1.0,0.0,0.0,0.0
32,2015-09-01 02:22:00,0.674157303371,0,0.0177364852279,0.591023206711,1.0,1.0,0.0,0.0,0.0
33,2015-09-01 02:37:00,0.550561797753,0,0.0177364852279,0.591023206711,1.0,1.0,0.0,0.0,0.0
34,2015-09-01 02:47:00,0.483146067416,0,0.0177364852279,0.591023206711,1.0,1.0,0.0,0.0,0.0
35,2015-09-01 03:02:00,0.651685393258,0,0.0177364852279,0.591023206711,1.0,1.0,0.0,0.0,0.0
36,2015-09-01 03:27:00,0.516853932584,0,0.0177364852279,0.591023206711,1.0,1.0,0.0,0.0,0.0
37,2015-09-01 03:47:00,0.584269662921,0,0.0177364852279,0.591023206711,1.0,1.0,0.0,0.0,0.0
38,2015-09-01 03:52:00,0.38202247191,0,0.0177364852279,0.591023206711,1.0,1.0,0.0,0.0,0.0
39,2015-09-01 04:02:00,0.595505617978,0,0.0177364852279,0.591023206711,1.0,1.0,0.0,0.0,0.0
40,2015-09-01 04:07:00,0.696629213483,0,0.0177364852279,0.591023206711,1.0,1.0,0.0,0.0,0.0
41,2015-09-01 04:22:00,0.786516853933,0,0.0177364852279,0.591023206711,1.0,1.0,0.0,0.0,0.0
42,2015-09-01 04:27:00,0.808988764045,0,0.0177364852279,0.591023206711,1.0,1.0,0.0,0.0,0.0
43,2015-09-01 04:37:00,0.483146067416,0,0.0177364852279,0.591023206711,1.0,1.0,0.0,0.0,0.0
44,2015-09-01 04:52:00,0.550561797753,0,0.0177364852279,0.591023206711,1.0,1.0,0.0,0.0,0.0
45,2015-09-01 05:02:00,0.865168539326,0,0.0177364852279,0.591023206711,1.0,1.0,0.0,0.0,0.0
46,2015-09-01 05:12:00,0.730337078652,0,0.0177364852279,0.591023206711,1.0,1.0,0.0,0.0,0.0
47,2015-09-01 05:20:00,0.741573033708,0,0.0177364852279,0.591023206711,1.0,1.0,0.0,0.0,0.0
48,2015-09-01 05:25:00,0.719101123596,0,0.0177364852279,0.591023206711,1.0,1.0,0.0,0.0,0.0
49,2015-09-01 05:30:00,0.76404494382,0,0.0177364852279,0.591023206711,1.0,1.0,0.0,0.0,0.0
50,2015-09-01 05:40:00,0.651685393258,0,0.0177364852279,0.591023206711,1.0,1.0,0.0,0.0,0.0
51,2015-09-01 05:45:00,0.76404494382,0,0.0177364852279,0.591023206711,1.0,1.0,0.0,0.0,0.0
52,2015-09-01 05:50:00,0.674157303371,0,0.0177364852279,0.591023206711,1.0,1.0,0.0,0.0,0.0
53,2015-09-01 06:10:00,0.61797752809,0,0.0177364852279,0.591023206711,1.0,1.0,0.0,0.0,0.0
54,2015-09-01 06:15:00,0.76404494382,0,0.0177364852279,0.591023206711,1.0,1.0,0.0,0.0,0.0
55,2015-09-01 06:20:00,0.550561797753,0,0.0177364852279,0.591023206711,1.0,1.0,0.0,0.0,0.0
56,2015-09-01 06:25:00,0.719101123596,0,0.0177364852279,0.591023206711,1.0,1.0,0.0,0.0,0.0
57,2015-09-01 06:30:00,0.629213483146,0,0.0177364852279,0.591023206711,1.0,1.0,0.0,0.0,0.0
58,2015-09-01 06:35:00,0.719101123596,0,0.0177364852279,0.591023206711,1.0,1.0,0.0,0.0,0.0
59,2015-09-01 06:40:00,0.752808988764,0,0.0177364852279,0.591023206711,1.0,1.0,0.0,0.0,0.0
60,2015-09-01 06:45:00,0.752808988764,0,0.0177364852279,0.591023206711,1.0,1.0,0.0,0.0,0.0
61,2015-09-01 06:50:00,0.52808988764,0,0.0177364852279,0.591023206711,1.0,1.0,0.0,0.0,0.0
62,2015-09-01 06:55:00,0.47191011236,0,0.0177364852279,0.591023206711,1.0,1.0,0.0,0.0,0.0
63,2015-09-01 07:00:00,0.719101123596,0,0.0177364852279,0.591023206711,1.0,1.0,0.0,0.0,0.0
64,2015-09-01 07:05:00,0.775280898876,0,0.0177364852279,0.591023206711,1.0,1.0,0.0,0.0,0.0
65,2015-09-01 07:10:00,0.685393258427,0,0.0177364852279,0.591023206711,1.0,1.0,0.0,0.0,0.0
66,2015-09-01 07:15:00,0.719101123596,0,0.0177364852279,0.591023206711,1.0,1.0,0.0,0.0,0.0
67,2015-09-01 07:20:00,0.730337078652,0,0.0177364852279,0.591023206711,1.0,1.0,0.0,0.0,0.0
68,2015-09-01 07:25:00,0.775280898876,0,0.0177364852279,0.591023206711,1.0,1.0,0.0,0.0,0.0
69,2015-09-01 07:30:00,0.685393258427,0,0.0177364852279,0.591023206711,1.0,1.0,0.0,0.0,0.0
70,2015-09-01 07:40:00,0.797752808989,0,0.0177364852279,0.591023206711,1.0,1.0,0.0,0.0,0.0
71,2015-09-01 07:45:00,0.696629213483,0,0.0177364852279,0.591023206711,1.0,1.0,0.0,0.0,0.0
72,2015-09-01 07:50:00,0.831460674157,0,0.0177364852279,0.591023206711,1.0,1.0,0.0,0.0,0.0
73,2015-09-01 07:55:00,0.730337078652,0,0.0177364852279,0.591023206711,1.0,1.0,0.0,0.0,0.0
74,2015-09-01 08:00:00,0.921348314607,0,0.0177364852279,0.591023206711,1.0,1.0,0.0,0.0,0.0
75,2015-09-01 08:05:00,0.629213483146,0,0.0177364852279,0.591023206711,1.0,1.0,0.0,0.0,0.0
76,2015-09-01 08:10:00,0.741573033708,0,0.0177364852279,0.591023206711,1.0,1.0,0.0,0.0,0.0
77,2015-09-01 08:15:00,0.752808988764,0,0.0177364852279,0.591023206711,1.0,1.0,0.0,0.0,0.0
78,2015-09-01 08:30:00,0.707865168539,0,0.0177364852279,0.591023206711,1.0,1.0,0.0,0.0,0.0
79,2015-09-01 08:35:00,0.820224719101,0,0.0177364852279,0.591023206711,1.0,1.0,0.0,0.0,0.0
80,2015-09-01 08:40:00,0.752808988764,0,0.0177364852279,0.591023206711,1.0,1.0,0.0,0.0,0.0
81,2015-09-01 08:45:00,0.674157303371,0,0.0177364852279,0.591023206711,1.0,1.0,0.0,0.0,0.0
82,2015-09-01 08:50:00,0.752808988764,0,0.0177364852279,0.591023206711,1.0,1.0,0.0,0.0,0.0
83,2015-09-01 08:55:00,0.61797752809,0,0.0177364852279,0.591023206711,1.0,1.0,0.0,0.0,0.0
84,2015-09-01 09:00:00,0.61797752809,0,0.0177364852279,0.591023206711,1.0,1.0,0.0,0.0,0.0
85,2015-09-01 09:05:00,0.539325842697,0,0.0177364852279,0.591023206711,1.0,1.0,0.0,0.0,0.0
86,2015-09-01 09:10:00,0.831460674157,0,0.0177364852279,0.591023206711,1.0,1.0,0.0,0.0,0.0
87,2015-09-01 09:15:00,0.640449438202,0,0.0177364852279,0.591023206711,1.0,1.0,0.0,0.0,0.0
88,2015-09-01 09:20:00,0.696629213483,0,0.0177364852279,0.591023206711,1.0,1.0,0.0,0.0,0.0
89,2015-09-01 09:25:00,0.831460674157,0,0.0177364852279,0.591023206711,1.0,1.0,0.0,0.0,0.0
90,2015-09-01 09:30:00,0.651685393258,0,0.0177364852279,0.591023206711,1.0,1.0,0.0,0.0,0.0
91,2015-09-01 09:50:00,0.719101123596,0,0.0177364852279,0.591023206711,1.0,1.0,0.0,0.0,0.0
92,2015-09-01 10:05:00,0.696629213483,0,0.0177364852279,0.591023206711,1.0,1.0,0.0,0.0,0.0
93,2015-09-01 10:10:00,0.898876404494,0,0.0177364852279,0.591023206711,1.0,1.0,0.0,0.0,0.0
94,2015-09-01 10:20:00,0.539325842697,0,0.0177364852279,0.591023206711,1.0,1.0,0.0,0.0,0.0
95,2015-09-01 10:35:00,0.685393258427,0,0.0177364852279,0.591023206711,1.0,1.0,0.0,0.0,0.0
96,2015-09-01 10:45:00,0.820224719101,0,0.0177364852279,0.591023206711,1.0,1.0,0.0,0.0,0.0
97,2015-09-01 10:50:00,0.797752808989,0,0.0177364852279,0.591023206711,1.0,1.0,0.0,0.0,0.0
98,2015-09-01 10:55:00,0.651685393258,0,0.0177364852279,0.591023206711,1.0,1.0,0.0,0.0,0.0
99,2015-09-01 10:59:00,0.640449438202,0,0.0177364852279,0.591023206711,1.0,1.0,0.0,0.0,0.0
100,2015-09-01 11:05:00,0.730337078652,0,0.0177364852279,0.591023206711,1.0,1.0,0.0,0.0,0.0
101,2015-09-01 11:10:00,0.719101123596,0,0.0177364852279,0.591023206711,1.0,1.0,0.0,0.0,0.0
102,2015-09-01 11:15:00,0.584269662921,0,0.0177364852279,0.591023206711,1.0,1.0,0.0,0.0,0.0
103,2015-09-01 11:25:00,0.426966292135,0,0.0177364852279,0.591023206711,1.0,1.0,0.0,0.0,0.0
104,2015-09-01 11:30:00,0.674157303371,0,0.0177364852279,0.591023206711,1.0,1.0,0.0,0.0,0.0
105,2015-09-01 11:45:00,0.516853932584,0,0.0177364852279,0.591023206711,1.0,1.0,0.0,0.0,0.0
106,2015-09-01 11:50:00,0.741573033708,0,0.0177364852279,0.591023206711,1.0,1.0,0.0,0.0,0.0
107,2015-09-01 11:55:00,0.606741573034,0,0.0177364852279,0.591023206711,1.0,1.0,0.0,0.0,0.0
108,2015-09-01 12:00:00,0.741573033708,0,0.0177364852279,0.591023206711,1.0,1.0,0.0,0.0,0.0
109,2015-09-01 12:05:00,0.573033707865,0,0.0177364852279,0.591023206711,1.0,1.0,0.0,0.0,0.0
110,2015-09-01 12:10:00,0.752808988764,0,0.0177364852279,0.591023206711,1.0,1.0,0.0,0.0,0.0
111,2015-09-01 12:25:00,0.595505617978,0,0.0177364852279,0.591023206711,1.0,1.0,0.0,0.0,0.0
112,2015-09-01 12:40:00,0.629213483146,0,0.0177364852279,0.591023206711,1.0,1.0,0.0,0.0,0.0
113,2015-09-01 12:45:00,0.516853932584,0,0.0177364852279,0.591023206711,1.0,1.0,0.0,0.0,0.0
114,2015-09-01 12:55:00,0.539325842697,0,0.0177364852279,0.591023206711,1.0,1.0,0.0,0.0,0.0
115,2015-09-01 13:00:00,0.741573033708,0,0.0177364852279,0.591023206711,1.0,1.0,0.0,0.0,0.0
116,2015-09-01 13:10:00,0.786516853933,0,0.0177364852279,0.591023206711,1.0,1.0,0.0,0.0,0.0
117,2015-09-01 13:20:00,0.707865168539,0,0.0177364852279,0.591023206711,1.0,1.0,0.0,0.0,0.0
118,2015-09-01 13:35:00,0.61797752809,0,0.0177364852279,0.591023206711,1.0,1.0,0.0,0.0,0.0
119,2015-09-01 13:40:00,0.719101123596,0,0.0177364852279,0.591023206711,1.0,1.0,0.0,0.0,0.0
120,2015-09-01 13:45:00,0.76404494382,0,0.0177364852279,0.591023206711,1.0,1.0,0.0,0.0,0.0
121,2015-09-01 13:50:00,0.730337078652,0,0.0177364852279,0.591023206711,1.0,1.0,0.0,0.0,0.0
122,2015-09-01 13:55:00,0.808988764045,0,0.0177364852279,0.591023206711,1.0,1.0,0.0,0.0,0.0
123,2015-09-01 14:00:00,0.831460674157,0,0.0177364852279,0.591023206711,1.0,1.0,0.0,0.0,0.0
124,2015-09-01 14:05:00,0.808988764045,0,0.0177364852279,0.591023206711,1.0,1.0,0.0,0.0,0.0
125,2015-09-01 14:20:00,0.640449438202,0,0.0177364852279,0.591023206711,1.0,1.0,0.0,0.0,0.0
126,2015-09-01 14:25:00,0.820224719101,0,0.0177364852279,0.591023206711,1.0,1.0,0.0,0.0,0.0
127,2015-09-01 14:35:00,0.640449438202,0,0.0177364852279,0.591023206711,1.0,1.0,0.0,0.0,0.0
128,2015-09-01 14:40:00,0.595505617978,0,0.0177364852279,0.591023206711,1.0,1.0,0.0,0.0,0.0
129,2015-09-01 14:45:00,0.76404494382,0,0.0177364852279,0.591023206711,1.0,1.0,0.0,0.0,0.0
130,2015-09-01 14:50:00,0.629213483146,0,0.0177364852279,0.591023206711,1.0,1.0,0.0,0.0,0.0
131,2015-09-01 14:55:00,0.820224719101,0,0.0177364852279,0.591023206711,1.0,1.0,0.0,0.0,0.0
132,2015-09-01 15:20:00,0.629213483146,0,0.0177364852279,0.591023206711,1.0,1.0,0.0,0.0,0.0
133,2015-09-01 17:15:00,0.752808988764,0,0.0177364852279,0.591023206711,1.0,1.0,0.0,0.0,0.0
134,2015-09-01 17:25:00,0.786516853933,0,0.0177364852279,0.591023206711,1.0,1.0,0.0,0.0,0.0
135,2015-09-01 17:30:00,0.797752808989,0,0.0177364852279,0.591023206711,1.0,1.0,0.0,0.0,0.0
136,2015-09-01 17:35:00,0.921348314607,0,0.0177364852279,0.591023206711,1.0,1.0,0.0,0.0,0.0
137,2015-09-01 17:45:00,0.61797752809,0,0.0177364852279,0.591023206711,1.0,1.0,0.0,0.0,0.0
138,2015-09-01 17:55:00,0.539325842697,0,0.0177364852279,0.591023206711,1.0,1.0,0.0,0.0,0.0
139,2015-09-01 18:10:00,0.685393258427,0,0.0177364852279,0.591023206711,1.0,1.0,0.0,0.0,0.0
140,2015-09-01 18:45:00,0.820224719101,0,0.0177364852279,0.591023206711,1.0,1.0,0.0,0.0,0.0
141,2015-09-01 18:50:00,0.820224719101,0,0.0177364852279,0.591023206711,1.0,1.0,0.0,0.0,0.0
142,2015-09-01 19:00:00,0.719101123596,0,0.0177364852279,0.591023206711,1.0,1.0,0.0,0.0,0.0
143,2015-09-01 19:05:00,0.752808988764,0,0.0177364852279,0.591023206711,1.0,1.0,0.0,0.0,0.0
144,2015-09-01 19:10:00,0.674157303371,0,0.0177364852279,0.591023206711,1.0,1.0,0.0,0.0,0.0
145,2015-09-01 19:20:00,0.741573033708,0,0.0177364852279,0.591023206711,1.0,1.0,0.0,0.0,0.0
146,2015-09-01 19:25:00,0.52808988764,0,0.0177364852279,0.591023206711,1.0,1.0,0.0,0.0,0.0
147,2015-09-01 19:30:00,0.831460674157,0,0.0177364852279,0.591023206711,1.0,1.0,0.0,0.0,0.0
148,2015-09-01 19:40:00,0.662921348315,0,0.0177364852279,0.591023206711,1.0,1.0,0.0,0.0,0.0
149,2015-09-01 19:55:00,0.561797752809,0,0.0177364852279,0.591023206711,1.0,1.0,0.0,0.0,0.0
150,2015-09-01 20:00:00,0.696629213483,0,0.0177364852279,0.591023206711,1.0,1.0,0.0,0.0,0.0
151,2015-09-01 20:05:00,0.730337078652,0,0.0177364852279,0.591023206711,1.0,1.0,0.0,0.0,0.0
152,2015-09-01 20:10:00,0.76404494382,0,0.0177364852279,0.591023206711,1.0,1.0,0.0,0.0,0.0
153,2015-09-01 20:20:00,0.730337078652,0,0.0177364852279,0.591023206711,1.0,1.0,0.0,0.0,0.0
154,2015-09-01 20:25:00,0.584269662921,0,0.0177364852279,0.591023206711,1.0,1.0,0.0,0.0,0.0
155,2015-09-01 20:30:00,0.651685393258,0,0.0177364852279,0.591023206711,1.0,1.0,0.0,0.0,0.0
156,2015-09-01 20:45:00,0.662921348315,0,0.0177364852279,0.591023206711,1.0,1.0,0.0,0.0,0.0
157,2015-09-01 20:55:00,0.674157303371,0,0.0177364852279,0.591023206711,1.0,1.0,0.0,0.0,0.0
158,2015-09-01 21:05:00,0.505617977528,0,0.0177364852279,0.591023206711,1.0,1.0,0.0,0.0,0.0
159,2015-09-01 21:25:00,0.674157303371,0,0.0177364852279,0.591023206711,1.0,1.0,0.0,0.0,0.0
160,2015-09-01 21:40:00,0.550561797753,0,0.0177364852279,0.591023206711,1.0,1.0,0.0,0.0,0.0
161,2015-09-01 22:30:00,0.797752808989,0,0.0177364852279,0.591023206711,1.0,1.0,0.0,0.0,0.0
162,2015-09-01 22:35:00,0.865168539326,0,0.0177364852279,0.591023206711,1.0,1.0,0.0,0.0,0.0
163,2015-09-01 22:40:00,0.831460674157,0,0.0177364852279,0.591023206711,1.0,1.0,0.0,0.0,0.0
164,2015-09-01 22:45:00,0.85393258427,0,0.0177364852279,0.591023206711,1.0,1.0,0.0,0.0,0.0
165,2015-09-01 23:01:00,0.640449438202,0,0.0177364852279,0.591023206711,1.0,1.0,0.0,0.0,0.0
166,2015-09-01 23:05:00,0.662921348315,0,0.0177364852279,0.591023206711,1.0,1.0,0.0,0.0,0.0
167,2015-09-01 23:10:00,0.651685393258,0,0.0177364852279,0.591023206711,1.0,1.0,0.0,0.0,0.0
168,2015-09-01 23:20:00,0.573033707865,0,0.0177364852279,0.591023206711,1.0,1.0,0.0,0.0,0.0
169,2015-09-01 23:40:00,0.76404494382,0,0.0177364852279,0.591023206711,1.0,1.0,0.0,0.0,0.0
170,2015-09-02 00:00:00,0.629213483146,0,0.0177364852279,0.591023206711,1.0,1.0,0.0,0.0,0.0
171,2015-09-02 00:05:00,0.573033707865,0,0.0177364852279,0.591023206711,1.0,1.0,0.0,0.0,0.0
172,2015-09-02 00:15:00,0.494382022472,0,0.0177364852279,0.591023206711,1.0,1.0,0.0,0.0,0.0
173,2015-09-02 00:20:00,0.516853932584,0,0.0177364852279,0.591023206711,1.0,1.0,0.0,0.0,0.0
174,2015-09-02 00:35:00,0.606741573034,0,0.0177364852279,0.591023206711,1.0,1.0,0.0,0.0,0.0
175,2015-09-02 01:00:00,0.561797752809,0,0.0177364852279,0.591023206711,1.0,1.0,0.0,0.0,0.0
176,2015-09-02 01:35:00,0.61797752809,0,0.0177364852279,0.591023206711,1.0,1.0,0.0,0.0,0.0
177,2015-09-02 02:10:00,0.662921348315,0,0.0177364852279,0.591023206711,1.0,1.0,0.0,0.0,0.0
178,2015-09-02 02:25:00,0.573033707865,0,0.0177364852279,0.591023206711,1.0,1.0,0.0,0.0,0.0
179,2015-09-02 02:40:00,0.606741573034,0,0.0177364852279,0.591023206711,1.0,1.0,0.0,0.0,0.0
180,2015-09-02 03:05:00,0.842696629213,0,0.0177364852279,0.591023206711,1.0,1.0,0.0,0.0,0.0
181,2015-09-02 03:10:00,0.876404494382,0,0.0177364852279,0.591023206711,1.0,1.0,0.0,0.0,0.0
182,2015-09-02 03:35:00,0.808988764045,0,0.0177364852279,0.591023206711,1.0,1.0,0.0,0.0,0.0
183,2015-09-02 04:15:00,0.516853932584,0,0.0177364852279,0.591023206711,1.0,1.0,0.0,0.0,0.0
184,2015-09-02 04:20:00,0.52808988764,0,0.0177364852279,0.591023206711,1.0,1.0,0.0,0.0,0.0
185,2015-09-02 04:25:00,0.438202247191,0,0.0177364852279,0.591023206711,1.0,1.0,0.0,0.0,0.0
186,2015-09-02 04:30:00,0.61797752809,0,0.0177364852279,0.591023206711,1.0,1.0,0.0,0.0,0.0
187,2015-09-02 04:35:00,0.786516853933,0,0.0177364852279,0.591023206711,1.0,1.0,0.0,0.0,0.0
188,2015-09-02 04:45:00,0.629213483146,0,0.0177364852279,0.591023206711,1.0,1.0,0.0,0.0,0.0
189,2015-09-02 04:50:00,0.573033707865,0,0.0177364852279,0.591023206711,1.0,1.0,0.0,0.0,0.0
190,2015-09-02 05:00:00,0.752808988764,0,0.0177364852279,0.591023206711,1.0,1.0,0.0,0.0,0.0
191,2015-09-02 05:05:00,0.775280898876,0,0.0177364852279,0.591023206711,1.0,1.0,0.0,0.0,0.0
192,2015-09-02 05:15:00,0.662921348315,0,0.0177364852279,0.591023206711,1.0,1.0,0.0,0.0,0.0
193,2015-09-02 05:20:00,0.640449438202,0,0.0177364852279,0.591023206711,1.0,1.0,0.0,0.0,0.0
194,2015-09-02 05:25:00,0.719101123596,0,0.0177364852279,0.591023206711,1.0,1.0,0.0,0.0,0.0
195,2015-09-02 05:30:00,0.719101123596,0,0.0177364852279,0.591023206711,1.0,1.0,0.0,0.0,0.0
196,2015-09-02 05:35:00,0.752808988764,0,0.0177364852279,0.591023206711,1.0,1.0,0.0,0.0,0.0
197,2015-09-02 05:45:00,0.820224719101,0,0.0177364852279,0.591023206711,1.0,1.0,0.0,0.0,0.0
198,2015-09-02 05:50:00,0.707865168539,0,0.0177364852279,0.591023206711,1.0,1.0,0.0,0.0,0.0
199,2015-09-02 05:55:00,0.76404494382,0,0.0177364852279,0.591023206711,1.0,1.0,0.0,0.0,0.0
200,2015-09-02 06:00:00,0.786516853933,0,0.0177364852279,0.591023206711,1.0,1.0,0.0,0.0,0.0
201,2015-09-02 06:05:00,0.775280898876,0,0.0177364852279,0.591023206711,1.0,1.0,0.0,0.0,0.0
202,2015-09-02 06:10:00,0.719101123596,0,0.12889547646,0.417814135551,5.77303638281e-05,5.77303638281e-05,0.0,0.0,0.0
203,2015-09-02 06:15:00,0.76404494382,0,0.249960646033,0.220092773438,2.69585062803e-05,2.69585062803e-05,0.0,0.0,0.0
204,2015-09-02 06:20:00,0.842696629213,0,0.386624097824,0.142446488142,2.22922337779e-05,2.22922337779e-05,0.0,0.0,0.0
205,2015-09-02 06:25:00,0.741573033708,0,0.562839329243,0.0783200934529,1.95040847238e-05,1.95040847238e-05,0.0,0.0,0.0
206,2015-09-02 06:30:00,0.662921348315,0,0.819097757339,0.00601008255035,1.70933414202e-05,1.70933414202e-05,0.0,0.0,0.0
207,2015-09-02 06:35:00,0.775280898876,0,1.06612277031,0.162571370602,0.267632648326,0.267632648326,0.0,0.0,0.0
208,2015-09-02 06:40:00,0.662921348315,0,1.01715159416,0.0585014373064,0.0897423581869,0.0897423581869,0.0,0.0,0.0
209,2015-09-02 06:45:00,0.61797752809,0,0.932739436626,0.0728017911315,0.114186441223,0.114186441223,0.0,0.0,0.0
210,2015-09-02 06:50:00,0.719101123596,0,0.817289710045,0.039725355804,0.0576477610214,0.0576477610214,0.0,0.0,0.0
211,2015-09-02 06:55:00,0.707865168539,0,0.707480072975,0.000135048991069,1.69233900451e-05,1.69233900451e-05,0.0,0.0,0.0
212,2015-09-02 07:00:00,0.606741573034,0,0.6407096982,0.0045098583214,0.00742058385704,0.00742058385704,0.0,0.0,0.0
213,2015-09-02 07:05:00,0.494382022472,0,0.593745589256,0.000168894926901,7.42021873972e-05,7.42021873972e-05,0.0,0.0,0.0
214,2015-09-02 07:10:00,0.61797752809,0,0.545474946499,0.00261048669927,0.00420620317686,0.00420620317686,0.0,0.0,0.0
215,2015-09-02 07:15:00,0.584269662921,0,0.491582453251,0.0159757081419,0.0268246887281,0.0268246887281,0.0,0.0,0.0
216,2015-09-02 07:20:00,0.76404494382,0,0.469089716673,0.0132664153352,0.0222396468367,0.0222396468367,0.0,0.0,0.0
217,2015-09-02 07:25:00,0.629213483146,0,0.451527774334,0.0976669788361,0.165074012451,0.165074012451,0.0,0.0,0.0
218,2015-09-02 07:30:00,0.595505617978,0,0.468171358109,0.0259345751256,0.0436784677652,0.0436784677652,0.0,0.0,0.0
219,2015-09-02 07:35:00,0.741573033708,0,0.470653057098,0.0155881559476,0.0261688190334,0.0261688190334,0.0,0.0,0.0
220,2015-09-02 07:40:00,0.752808988764,0,0.472571730614,0.0723617002368,0.122248902458,0.122248902458,0.0,0.0,0.0
221,2015-09-02 07:45:00,0.752808988764,0,0.500323414803,0.0637489631772,0.107673231597,0.107673231597,0.0,0.0,0.0
222,2015-09-02 07:50:00,0.707865168539,0,0.533407747746,0.0481369048357,0.0812523363246,0.0812523363246,0.0,0.0,0.0
223,2015-09-02 07:55:00,0.76404494382,0,0.569617152214,0.0191125161946,0.0321332313453,0.0321332313453,0.0,0.0,0.0
224,2015-09-02 08:00:00,0.730337078652,0,0.60115224123,0.0265340320766,0.044692952145,0.044692952145,0.0,0.0,0.0
225,2015-09-02 08:05:00,0.707865168539,0,0.644443690777,0.00737767480314,0.0122739015469,0.0122739015469,0.0,0.0,0.0
226,2015-09-02 08:10:00,0.741573033708,0,0.683362305164,0.000600390834734,0.000804439542508,0.000804439542508,0.0,0.0,0.0
227,2015-09-02 08:15:00,0.719101123596,0,0.717585086823,0.000575421669055,0.000762183249519,0.000762183249519,0.0,0.0,0.0
228,2015-09-02 08:20:00,0.584269662921,0,0.756494224072,0.00139824335929,0.00215467648966,0.00215467648966,0.0,0.0,0.0
229,2015-09-02 08:30:00,0.685393258427,0,0.786828517914,0.0410300977528,0.0692252095007,0.0692252095007,0.0,0.0,0.0
230,2015-09-02 08:35:00,0.741573033708,0,0.779417276382,0.00884051341563,0.0147495203881,0.0147495203881,0.0,0.0,0.0
231,2015-09-02 08:45:00,0.550561797753,0,0.785070538521,0.00189203280024,0.00299033562059,0.00299033562059,0.0,0.0,0.0
232,2015-09-02 08:50:00,0.415730337079,0,0.796862304211,0.0606639459729,0.102452336652,0.102452336652,0.0,0.0,0.0
233,2015-09-02 08:55:00,0.707865168539,0,0.760252594948,0.11869559437,0.200661558731,0.200661558731,0.0,0.0,0.0
234,2015-09-02 09:00:00,0.786516853933,0,0.691236257553,0.000276521022897,0.000256342027554,0.000256342027554,0.0,0.0,0.0
235,2015-09-02 09:05:00,0.606741573034,0,0.682947456837,0.0107266185805,0.0179414497252,0.0179414497252,0.0,0.0,0.0
236,2015-09-02 09:10:00,0.483146067416,0,0.691505670547,0.00718495668843,0.0119477571645,0.0119477571645,0.0,0.0,0.0
237,2015-09-02 09:20:00,0.730337078652,0,0.665090858936,0.0331039056182,0.0558114053941,0.0558114053941,0.0,0.0,0.0
238,2015-09-02 09:30:00,0.595505617978,0,0.617399930954,0.0127548007295,0.0213738214841,0.0213738214841,0.0,0.0,0.0
239,2015-09-02 09:35:00,0.707865168539,0,0.61986798048,0.000593525823206,0.000792821615732,0.000792821615732,0.0,0.0,0.0
240,2015-09-02 09:40:00,0.606741573034,0,0.59923774004,0.0117999203503,0.0197578401738,0.0197578401738,0.0,0.0,0.0
241,2015-09-02 09:50:00,0.52808988764,0,0.601865112782,2.37796157307e-05,1.69202038775e-05,1.69202038775e-05,0.0,0.0,0.0
242,2015-09-02 09:55:00,0.775280898876,0,0.588172256947,0.00360989198089,0.0060846954385,0.0060846954385,0.0,0.0,0.0
243,2015-09-02 10:00:00,0.775280898876,0,0.563650369644,0.0447874777019,0.075758009997,0.075758009997,0.0,0.0,0.0
244,2015-09-02 10:10:00,0.685393258427,0,0.585984289646,0.0358332023025,0.0606071934635,0.0606071934635,0.0,0.0,0.0
245,2015-09-02 10:15:00,0.775280898876,0,0.609206497669,0.00580442463979,0.00979788943896,0.00979788943896,0.0,0.0,0.0
246,2015-09-02 10:20:00,0.61797752809,0,0.617362558842,0.0249381996691,0.0421726268833,0.0421726268833,0.0,0.0,0.0
247,2015-09-02 10:25:00,0.640449438202,0,0.643728613853,0.000663119892124,0.00109869698625,0.00109869698625,0.0,0.0,0.0
248,2015-09-02 10:30:00,0.52808988764,0,0.641679167747,1.51217057009e-06,1.69195663995e-05,1.69195663995e-05,0.0,0.0,0.0
249,2015-09-02 10:35:00,0.786516853933,0,0.644853949547,0.013633848168,0.0230822409752,0.0230822409752,0.0,0.0,0.0
250,2015-09-02 10:40:00,0.76404494382,0,0.627163946629,0.0253933463246,0.0429788019638,0.0429788019638,0.0,0.0,0.0
251,2015-09-02 10:45:00,0.85393258427,0,0.659843862057,0.010857864283,0.0183853966087,0.0183853966087,0.0,0.0,0.0
252,2015-09-02 10:50:00,0.662921348315,0,0.687826097012,0.0275913570076,0.0466977407337,0.0466977407337,0.0,0.0,0.0
253,2015-09-02 11:00:00,0.775280898876,0,0.733619630337,0.00499824434519,0.00847117374731,0.00847117374731,0.0,0.0,0.0
254,2015-09-02 11:15:00,0.820224719101,0,0.738466262817,0.0013553169556,0.00230749856162,0.00230749856162,0.0,0.0,0.0
255,2015-09-02 11:20:00,0.584269662921,0,0.764599561691,0.00309415627271,0.00524953929003,0.00524953929003,0.0,0.0,0.0
256,2015-09-02 11:25:00,0.820224719101,0,0.798192322254,0.0457629114389,0.0774432229121,0.0774432229121,0.0,0.0,0.0
257,2015-09-02 11:30:00,0.584269662921,0,0.774935126305,0.00205114576966,0.00348481074384,0.00348481074384,0.0,0.0,0.0
258,2015-09-02 11:35:00,0.629213483146,0,0.799303472042,0.0462395474315,0.0782496703445,0.0782496703445,0.0,0.0,0.0
259,2015-09-02 12:00:00,0.741573033708,0,0.76678609848,0.0189262162894,0.0320366983594,0.0320366983594,0.0,0.0,0.0
260,2015-09-02 12:05:00,0.651685393258,0,0.740567862988,1.01037221611e-06,1.69195520345e-05,1.69195520345e-05,0.0,0.0,0.0
261,2015-09-02 12:10:00,0.775280898876,0,0.737307190895,0.00733108818531,0.0124190828496,0.0124190828496,0.0,0.0,0.0
262,2015-09-02 12:15:00,0.61797752809,0,0.714290082455,0.00371987884864,0.00630907842166,0.00630907842166,0.0,0.0,0.0
263,2015-09-02 12:25:00,0.752808988764,0,0.717608332634,0.00992630235851,0.016810068974,0.016810068974,0.0,0.0,0.0
264,2015-09-02 12:35:00,0.707865168539,0,0.689003527164,0.00407113693655,0.00690339137124,0.00690339137124,0.0,0.0,0.0
265,2015-09-02 12:40:00,0.640449438202,0,0.689453363419,0.000338994927006,0.000588774278196,0.000588774278196,0.0,0.0,0.0
266,2015-09-02 12:45:00,0.808988764045,0,0.682297289371,0.00175124045927,0.00297823045506,0.00297823045506,0.0,0.0,0.0
267,2015-09-02 12:50:00,0.696629213483,0,0.663573563099,0.0211455766112,0.0357925784247,0.0357925784247,0.0,0.0,0.0
268,2015-09-02 12:55:00,0.696629213483,0,0.680436551571,0.000262202724116,0.000458845310932,0.000458845310932,0.0,0.0,0.0
269,2015-09-02 13:05:00,0.696629213483,0,0.676662862301,0.000398655683966,0.000689717606377,0.000689717606377,0.0,0.0,0.0
270,2015-09-02 13:10:00,0.719101123596,0,0.674600839615,0.000485249824123,0.000836231012404,0.000836231012404,0.0,0.0,0.0
271,2015-09-02 13:15:00,0.61797752809,0,0.674153268337,0.0020203103777,0.00343348470364,0.00343348470364,0.0,0.0,0.0
272,2015-09-02 13:20:00,0.662921348315,0,0.679635167122,0.00380166782998,0.00644746171421,0.00644746171421,0.0,0.0,0.0
273,2015-09-02 13:25:00,0.584269662921,0,0.66601806879,9.58954933594e-06,3.14351354037e-05,3.14351354037e-05,0.0,0.0,0.0
274,2015-09-02 13:30:00,0.85393258427,0,0.66241133213,0.00610612379387,0.0103464979734,0.0103464979734,0.0,0.0,0.0
275,2015-09-02 13:35:00,0.61797752809,0,0.644224464893,0.043977484107,0.0744231431169,0.0744231431169,0.0,0.0,0.0
276,2015-09-02 13:40:00,0.516853932584,0,0.680783390999,0.00394457997754,0.00668926266592,0.00668926266592,0.0,0.0,0.0
277,2015-09-02 13:45:00,0.775280898876,0,0.670571029186,0.0236289463937,0.0399943288504,0.0399943288504,0.0,0.0,0.0
278,2015-09-02 13:50:00,0.606741573034,0,0.640503168106,0.0181650351733,0.0307496358298,0.0307496358298,0.0,0.0,0.0
279,2015-09-02 13:55:00,0.752808988764,0,0.662614405155,0.00312177627347,0.00529711565741,0.00529711565741,0.0,0.0,0.0
280,2015-09-02 14:05:00,0.685393258427,0,0.651442945004,0.0102750742808,0.0174001754427,0.0174001754427,0.0,0.0,0.0
281,2015-09-02 14:15:00,0.786516853933,0,0.669784486294,0.000243634247454,0.000427428280224,0.000427428280224,0.0,0.0,0.0
282,2015-09-02 14:20:00,0.662921348315,0,0.674788296223,0.0124832689762,0.0211363419478,0.0211363419478,0.0,0.0,0.0
283,2015-09-02 14:25:00,0.696629213483,0,0.700474798679,0.00141026009806,0.00240130695862,0.00240130695862,0.0,0.0,0.0
284,2015-09-02 14:30:00,0.820224719101,0,0.700489580631,1.4902336261e-05,4.04241328863e-05,4.04241328863e-05,0.0,0.0,0.0
285,2015-09-02 14:35:00,0.573033707865,0,0.706452608109,0.0129440892488,0.0219160292059,0.0219160292059,0.0,0.0,0.0
286,2015-09-02 14:50:00,0.786516853933,0,0.737824082375,0.0271558724344,0.045961729717,0.045961729717,0.0,0.0,0.0
287,2015-09-02 14:55:00,0.865168539326,0,0.715001165867,0.00511449249461,0.00866870223676,0.00866870223676,0.0,0.0,0.0
288,2015-09-02 15:05:00,0.685393258427,0,0.735497653484,0.0168145317584,0.0284646445497,0.0284646445497,0.0,0.0,0.0
289,2015-09-02 15:10:00,0.730337078652,0,0.772703707218,0.00762311182916,0.0129131737733,0.0129131737733,0.0,0.0,0.0
290,2015-09-02 15:15:00,0.651685393258,0,0.76873755455,0.00147459621076,0.00251016077928,0.00251016077928,0.0,0.0,0.0
291,2015-09-02 15:20:00,0.651685393258,0,0.771065533161,0.0142516121268,0.024128299343,0.024128299343,0.0,0.0,0.0
292,2015-09-02 15:25:00,0.561797752809,0,0.752701938152,0.0102043375373,0.0172804920415,0.0172804920415,0.0,0.0,0.0
293,2015-09-02 15:30:00,0.887640449438,0,0.731622993946,0.0288406182081,0.0488122440953,0.0488122440953,0.0,0.0,0.0
294,2015-09-02 15:35:00,0.730337078652,0,0.690262913704,0.038957901299,0.0659302338657,0.0659302338657,0.0,0.0,0.0
295,2015-09-02 15:40:00,0.876404494382,0,0.718431055546,0.000141753494972,0.000255050610931,0.000255050610931,0.0,0.0,0.0
296,2015-09-02 15:45:00,0.696629213483,0,0.715212404728,0.0259828995913,0.0439771122117,0.0439771122117,0.0,0.0,0.0
297,2015-09-02 15:50:00,0.606741573034,0,0.743939638138,0.00223827501759,0.00380227111026,0.00380227111026,0.0,0.0,0.0
298,2015-09-02 16:05:00,0.719101123596,0,0.735846579075,0.0166681092232,0.0282169041794,0.0282169041794,0.0,0.0,0.0
299,2015-09-02 16:15:00,0.820224719101,0,0.708065271378,0.000121790195408,0.000221273602355,0.000221273602355,0.0,0.0,0.0
300,2015-09-02 16:20:00,0.786516853933,0,0.704011678696,0.0135054672137,0.0228658555747,0.0228658555747,0.0,0.0,0.0
301,2015-09-02 16:25:00,0.797752808989,0,0.722518324852,0.00409581046551,0.00694513787697,0.00694513787697,0.0,0.0,0.0
302,2015-09-02 16:30:00,0.640449438202,0,0.735728502274,0.00384701322764,0.00652418409574,0.00652418409574,0.0,0.0,0.0
303,2015-09-02 16:50:00,0.707865168539,0,0.752381503582,0.0125287817791,0.0212133475715,0.0212133475715,0.0,0.0,0.0
304,2015-09-02 16:55:00,0.674157303371,0,0.734762609005,0.000723471748643,0.00123929183717,0.00123929183717,0.0,0.0,0.0
305,2015-09-02 17:00:00,0.719101123596,0,0.730169117451,0.0031373212114,0.00532341699602,0.00532341699602,0.0,0.0,0.0
306,2015-09-02 17:10:00,0.651685393258,0,0.717890679836,1.46519187183e-06,1.76890865176e-05,1.76890865176e-05,0.0,0.0,0.0
307,2015-09-02 17:20:00,0.674157303371,0,0.715030670166,0.00401262100786,0.00680438504122,0.00680438504122,0.0,0.0,0.0
308,2015-09-02 17:35:00,0.595505617978,0,0.698241531849,0.000580049178097,0.000996627272643,0.000996627272643,0.0,0.0,0.0
309,2015-09-02 17:45:00,0.674157303371,0,0.686654567719,0.00830813497305,0.0140722022461,0.0140722022461,0.0,0.0,0.0
310,2015-09-02 18:05:00,0.696629213483,0,0.66002112627,0.000199832007638,0.000353316852645,0.000353316852645,0.0,0.0,0.0
311,2015-09-02 18:10:00,0.662921348315,0,0.651025891304,0.00207966426387,0.00353390882019,0.00353390882019,0.0,0.0,0.0
312,2015-09-02 18:15:00,0.539325842697,0,0.648685693741,0.00020265445346,0.00035809230454,0.00035809230454,0.0,0.0,0.0
313,2015-09-02 18:20:00,0.61797752809,0,0.641851782799,0.0105115706101,0.0178003166377,0.0178003166377,0.0,0.0,0.0
314,2015-09-02 18:30:00,0.831460674157,0,0.613004028797,2.47354146268e-05,5.70612609932e-05,5.70612609932e-05,0.0,0.0,0.0
315,2015-09-02 18:35:00,0.629213483146,0,0.601839482784,0.0527258813381,0.0892250393339,0.0892250393339,0.0,0.0,0.0
316,2015-09-02 18:45:00,0.820224719101,0,0.63394087553,2.23479655688e-05,5.30218041365e-05,5.30218041365e-05,0.0,0.0,0.0
317,2015-09-02 18:50:00,0.640449438202,0,0.629406034946,0.0364117622375,0.061622280632,0.061622280632,0.0,0.0,0.0
318,2015-09-02 19:00:00,0.719101123596,0,0.663806855679,0.000545567716472,0.000938286184223,0.000938286184223,0.0,0.0,0.0
319,2015-09-02 19:05:00,0.76404494382,0,0.664417028427,0.00299035105854,0.00507475008114,0.00507475008114,0.0,0.0,0.0
320,2015-09-02 19:10:00,0.876404494382,0,0.681049764156,0.00688819913194,0.0116697344112,0.0116697344112,0.0,0.0,0.0
321,2015-09-02 19:15:00,0.685393258427,0,0.707440793514,0.0285487417132,0.048318402141,0.048318402141,0.0,0.0,0.0
322,2015-09-02 19:21:00,0.651685393258,0,0.758763313293,0.00538316275924,0.00912328028901,0.00912328028901,0.0,0.0,0.0
323,2015-09-02 19:26:00,0.685393258427,0,0.767772436142,0.0134761957452,0.0228163295612,0.0228163295612,0.0,0.0,0.0
324,2015-09-02 19:46:00,0.752808988764,0,0.763523042202,0.00610426068306,0.0103433456734,0.0103433456734,0.0,0.0,0.0
325,2015-09-02 19:56:00,0.831460674157,0,0.761161386967,6.97625655448e-05,0.000133245183285,0.000133245183285,0.0,0.0,0.0
326,2015-09-02 20:11:00,0.797752808989,0,0.769884049892,0.00379167823121,0.0064305597606,0.0064305597606,0.0,0.0,0.0
327,2015-09-02 20:46:00,0.685393258427,0,0.794079124928,1.34958709168e-05,3.80444565288e-05,3.80444565288e-05,0.0,0.0,0.0
328,2015-09-02 20:56:00,0.730337078652,0,0.808460950851,0.0151456529275,0.0256409763277,0.0256409763277,0.0,0.0,0.0
329,2015-09-02 21:00:00,0.820224719101,0,0.792233943939,0.00383122125641,0.00649746478784,0.00649746478784,0.0,0.0,0.0
330,2015-09-02 21:16:00,0.719101123596,0,0.781561136246,0.00149487133604,0.002544465383,0.002544465383,0.0,0.0,0.0
331,2015-09-02 21:21:00,0.685393258427,0,0.789499223232,0.00495589151978,0.00840035649213,0.00840035649213,0.0,0.0,0.0
332,2015-09-02 21:31:00,0.584269662921,0,0.773373425007,0.00774050690234,0.0131118009782,0.0131118009782,0.0,0.0,0.0
333,2015-09-02 21:36:00,0.797752808989,0,0.748052895069,0.0268249530345,0.0454018289165,0.0454018289165,0.0,0.0,0.0
334,2015-09-02 21:46:00,0.584269662921,0,0.700583040714,0.00944196153432,0.0159905859963,0.0159905859963,0.0,0.0,0.0
335,2015-09-02 21:51:00,0.584269662921,0,0.700549542904,0.0135210147128,0.0228921612466,0.0228921612466,0.0,0.0,0.0
336,2015-09-02 22:11:00,0.696629213483,0,0.660032272339,0.00573997618631,0.00972699262359,0.00972699262359,0.0,0.0,0.0
337,2015-09-02 22:21:00,0.606741573034,0,0.623592436314,0.00533437263221,0.00904072957969,0.00904072957969,0.0,0.0,0.0
338,2015-09-02 22:31:00,0.730337078652,0,0.613672554493,4.80388553115e-05,9.64896387179e-05,9.64896387179e-05,0.0,0.0,0.0
339,2015-09-02 22:36:00,0.775280898876,0,0.591496109962,0.0192768163979,0.0326307198578,0.0326307198578,0.0,0.0,0.0
340,2015-09-02 22:41:00,0.61797752809,0,0.596681118011,0.031897880137,0.0539849943242,0.0539849943242,0.0,0.0,0.0
341,2015-09-02 22:51:00,0.606741573034,0,0.614400565624,1.27944595079e-05,3.68576998456e-05,3.68576998456e-05,0.0,0.0,0.0
342,2015-09-02 23:51:00,0.696629213483,0,0.606740891933,4.29878355135e-13,1.69195231105e-05,1.69195231105e-05,0.0,0.0,0.0
343,2015-09-03 00:01:00,0.595505617978,0,0.599965274334,0.00934391934425,0.0158263854511,0.0158263854511,0.0,0.0,0.0
344,2015-09-03 00:11:00,0.47191011236,0,0.612564861774,0.00029101857217,0.000509309068125,0.000509309068125,0.0,0.0,0.0
345,2015-09-03 00:21:00,0.516853932584,0,0.608272194862,0.0185946151614,0.0314781216178,0.0314781216178,0.0,0.0,0.0
346,2015-09-03 00:36:00,0.573033707865,0,0.582060217857,0.00425186008215,0.00721086401463,0.00721086401463,0.0,0.0,0.0
347,2015-09-03 00:41:00,0.651685393258,0,0.565842568874,5.17122280144e-05,0.000104414146082,0.000104414146082,0.0,0.0,0.0
348,2015-09-03 00:51:00,0.808988764045,0,0.561499357224,0.00813352502882,0.0137784559919,0.0137784559919,0.0,0.0,0.0
349,2015-09-03 01:21:00,0.539325842697,0,0.572653114796,0.0558545328677,0.0945201254904,0.0945201254904,0.0,0.0,0.0
350,2015-09-03 01:26:00,0.595505617978,0,0.613980472088,0.00557331508026,0.00944670285262,0.00944670285262,0.0,0.0,0.0
351,2015-09-03 01:51:00,0.662921348315,0,0.605303645134,9.60017787293e-05,0.000179349953769,0.000179349953769,0.0,0.0,0.0
352,2015-09-03 01:56:00,0.662921348315,0,0.607227325439,0.0031018264126,0.00526506188966,0.00526506188966,0.0,0.0,0.0
353,2015-09-03 02:01:00,0.629213483146,0,0.621973514557,0.00167672673706,0.00285386120015,0.00285386120015,0.0,0.0,0.0
354,2015-09-03 02:11:00,0.674157303371,0,0.636487007141,5.29037315573e-05,0.000106430113255,0.000106430113255,0.0,0.0,0.0
355,2015-09-03 02:16:00,0.662921348315,0,0.643653154373,0.000930504233111,0.00159128831004,0.00159128831004,0.0,0.0,0.0
356,2015-09-03 02:21:00,0.707865168539,0,0.658638298512,1.83446936717e-05,4.79578692364e-05,4.79578692364e-05,0.0,0.0,0.0
357,2015-09-03 03:11:00,0.595505617978,0,0.670041203499,0.00143065303564,0.00243751623234,0.00243751623234,0.0,0.0,0.0
358,2015-09-03 03:21:00,0.494382022472,0,0.689045548439,0.00874972250313,0.0148210327326,0.0148210327326,0.0,0.0,0.0
359,2015-09-03 03:26:00,0.494382022472,0,0.682348549366,0.0353314131498,0.0597959856539,0.0597959856539,0.0,0.0,0.0
360,2015-09-03 03:46:00,0.595505617978,0,0.651423454285,0.0246620103717,0.0417438649659,0.0417438649659,0.0,0.0,0.0
361,2015-09-03 03:51:00,0.573033707865,0,0.618909478188,0.000547741714399,0.000943672381919,0.000943672381919,0.0,0.0,0.0
362,2015-09-03 04:06:00,0.52808988764,0,0.606554865837,0.00112366920803,0.00191811423576,0.00191811423576,0.0,0.0,0.0
363,2015-09-03 04:11:00,0.606741573034,0,0.590590715408,0.00390635430813,0.00662628472179,0.00662628472179,0.0,0.0,0.0
364,2015-09-03 04:16:00,0.719101123596,0,0.567656219006,0.00152766285464,0.0026016522198,0.0026016522198,0.0,0.0,0.0
365,2015-09-03 04:36:00,0.786516853933,0,0.561243772507,0.0249189455062,0.0421785869605,0.0421785869605,0.0,0.0,0.0
366,2015-09-03 04:56:00,0.539325842697,0,0.57694029808,0.0439223274589,0.074331402973,0.074331402973,0.0,0.0,0.0
367,2015-09-03 05:01:00,0.662921348315,0,0.60671132803,0.00454080477357,0.00769974465304,0.00769974465304,0.0,0.0,0.0
368,2015-09-03 05:06:00,0.808988764045,0,0.592318594456,0.00498475180939,0.00845088186628,0.00845088186628,0.0,0.0,0.0
369,2015-09-03 05:11:00,0.752808988764,0,0.602322101593,0.0427111051977,0.072282072669,0.072282072669,0.0,0.0,0.0
370,2015-09-03 05:21:00,0.573033707865,0,0.641674518585,0.0123508702964,0.0209140030638,0.0209140030638,0.0,0.0,0.0
371,2015-09-03 05:26:00,0.786516853933,0,0.672272920609,0.00984842516482,0.0166799852402,0.0166799852402,0.0,0.0,0.0
372,2015-09-03 05:31:00,0.76404494382,0,0.666627347469,0.0143734915182,0.0243361817144,0.0243361817144,0.0,0.0,0.0
373,2015-09-03 05:36:00,0.820224719101,0,0.703332960606,0.00368594448082,0.00625336180511,0.00625336180511,0.0,0.0,0.0
374,2015-09-03 05:41:00,0.797752808989,0,0.73525249958,0.00722027523443,0.0122332808917,0.0122332808917,0.0,0.0,0.0
375,2015-09-03 05:46:00,0.820224719101,0,0.778373599052,0.000375553325284,0.00065233783902,0.00065233783902,0.0,0.0,0.0
376,2015-09-03 05:51:00,0.707865168539,0,0.814182043076,3.65137311746e-05,7.86990142291e-05,7.86990142291e-05,0.0,0.0,0.0
377,2015-09-03 05:56:00,0.696629213483,0,0.850503921509,0.0203458108008,0.0344410611269,0.0344410611269,0.0,0.0,0.0
378,2015-09-03 06:01:00,0.775280898876,0,0.85049033165,0.0236732400954,0.0400709128118,0.0400709128118,0.0,0.0,0.0
379,2015-09-03 06:06:00,0.741573033708,0,0.83576887846,0.00365879642777,0.00620742859401,0.00620742859401,0.0,0.0,0.0
380,2015-09-03 06:11:00,0.76404494382,0,0.831476449966,0.00808262359351,0.0136923331908,0.0136923331908,0.0,0.0,0.0
381,2015-09-03 06:16:00,0.674157303371,0,0.81351685524,0.00244747032411,0.00415792259349,0.00415792259349,0.0,0.0,0.0
382,2015-09-03 06:21:00,0.865168539326,0,0.797266185284,0.0151557922363,0.0256597972224,0.0256597972224,0.0,0.0,0.0
383,2015-09-03 06:26:00,0.831460674157,0,0.758890509605,0.011295014061,0.0191275446663,0.0191275446663,0.0,0.0,0.0
384,2015-09-03 06:36:00,0.741573033708,0,0.764394104481,0.00449792202562,0.00762718908855,0.00762718908855,0.0,0.0,0.0
385,2015-09-03 06:41:00,0.820224719101,0,0.765851974487,0.000589466886595,0.00101426938344,0.00101426938344,0.0,0.0,0.0
386,2015-09-03 06:46:00,0.741573033708,0,0.750105619431,0.00491668563336,0.00833571714245,0.00833571714245,0.0,0.0,0.0
387,2015-09-03 06:51:00,0.775280898876,0,0.753830254078,0.000150239400682,0.000271117423578,0.000271117423578,0.0,0.0,0.0
388,2015-09-03 06:56:00,0.52808988764,0,0.743423938751,0.00101486546919,0.00173402349838,0.00173402349838,0.0,0.0,0.0
389,2015-09-03 07:01:00,0.831460674157,0,0.742412030697,0.04593398422,0.0777350302791,0.0777350302791,0.0,0.0,0.0
390,2015-09-03 07:06:00,0.775280898876,0,0.690376460552,0.019904749468,0.0336948063856,0.0336948063856,0.0,0.0,0.0
391,2015-09-03 07:11:00,0.741573033708,0,0.70344465971,0.00516044441611,0.00874814537825,0.00874814537825,0.0,0.0,0.0
392,2015-09-03 07:16:00,0.696629213483,0,0.70875275135,0.00107717106584,0.00183944159663,0.00183944159663,0.0,0.0,0.0
393,2015-09-03 07:21:00,0.674157303371,0,0.709927499294,0.000176844070666,0.000316131256441,0.000316131256441,0.0,0.0,0.0
394,2015-09-03 07:26:00,0.797752808989,0,0.703771173954,0.000876980251633,0.00150072828588,0.00150072828588,0.0,0.0,0.0
395,2015-09-03 07:31:00,0.786516853933,0,0.694273889065,0.0107078840956,0.0181341487644,0.0181341487644,0.0,0.0,0.0
396,2015-09-03 07:36:00,0.775280898876,0,0.711861610413,0.00557340402156,0.00944685333707,0.00944685333707,0.0,0.0,0.0
397,2015-09-03 07:41:00,0.685393258427,0,0.729373037815,0.00210753106512,0.00358276157862,0.00358276157862,0.0,0.0,0.0
398,2015-09-03 07:46:00,0.606741573034,0,0.745810270309,0.00365021335892,0.00619290645083,0.00619290645083,0.0,0.0,0.0
399,2015-09-03 07:51:00,0.831460674157,0,0.742338240147,0.0183864627033,0.0311259375853,0.0311259375853,0.0,0.0,0.0
400,2015-09-03 07:56:00,0.629213483146,0,0.719361305237,0.0125662637874,0.0212784385788,0.0212784385788,0.0,0.0,0.0
401,2015-09-03 08:01:00,0.76404494382,0,0.743582606316,0.0130802895874,0.0221481457189,0.0221481457189,0.0,0.0,0.0
402,2015-09-03 08:11:00,0.808988764045,0,0.723800480366,0.00161961652339,0.00275723344214,0.00275723344214,0.0,0.0,0.0
403,2015-09-03 08:16:00,0.651685393258,0,0.731602966785,0.00598855921999,0.0101492761345,0.0101492761345,0.0,0.0,0.0
404,2015-09-03 08:21:00,0.651685393258,0,0.749589920044,0.00958529207855,0.0162347766068,0.0162347766068,0.0,0.0,0.0
405,2015-09-03 08:26:00,0.61797752809,0,0.732993304729,0.00661097280681,0.0112023702411,0.0112023702411,0.0,0.0,0.0
406,2015-09-03 08:31:00,0.573033707865,0,0.714696288109,0.0093545243144,0.0158443285549,0.0158443285549,0.0,0.0,0.0
407,2015-09-03 08:36:00,0.674157303371,0,0.688813865185,0.0134050492197,0.0226976235294,0.0226976235294,0.0,0.0,0.0
408,2015-09-03 08:41:00,0.786516853933,0,0.654580235481,0.000383262289688,0.000665381039158,0.000665381039158,0.0,0.0,0.0
409,2015-09-03 08:46:00,0.752808988764,0,0.64274764061,0.0206695850939,0.0349888717903,0.0349888717903,0.0,0.0,0.0
410,2015-09-03 08:56:00,0.831460674157,0,0.655592858791,0.00945097580552,0.0160075198782,0.0160075198782,0.0,0.0,0.0
411,2015-09-03 09:01:00,0.640449438202,0,0.664803266525,0.0277746841311,0.0470103605267,0.0470103605267,0.0,0.0,0.0
412,2015-09-03 09:06:00,0.696629213483,0,0.692678153515,0.00272783590481,0.00463228778568,0.00463228778568,0.0,0.0,0.0
413,2015-09-03 09:16:00,0.752808988764,0,0.684612393379,0.00014440427185,0.000261244663866,0.000261244663866,0.0,0.0,0.0
414,2015-09-03 09:21:00,0.573033707865,0,0.688412070274,0.00414696289226,0.00703338297178,0.00703338297178,0.0,0.0,0.0
415,2015-09-03 09:26:00,0.662921348315,0,0.70456558466,0.0173006393015,0.0292887761712,0.0292887761712,0.0,0.0,0.0
416,2015-09-03 09:31:00,0.831460674157,0,0.683444797993,0.000421211123466,0.000729588656172,0.000729588656172,0.0,0.0,0.0
417,2015-09-03 09:36:00,0.876404494382,0,0.679784119129,0.023005772382,0.0389415892716,0.0389415892716,0.0,0.0,0.0
418,2015-09-03 09:41:00,0.707865168539,0,0.711233854294,0.0272813495249,0.0461756618995,0.0461756618995,0.0,0.0,0.0
419,2015-09-03 09:56:00,0.561797752809,0,0.754409432411,0.0021663676016,0.0036823101925,0.0036823101925,0.0,0.0,0.0
420,2015-09-03 10:01:00,0.640449438202,0,0.76143604517,0.0398554541171,0.0674504472236,0.0674504472236,0.0,0.0,0.0
421,2015-09-03 10:06:00,0.595505617978,0,0.731840908527,0.00835239607841,0.01414877537,0.01414877537,0.0,0.0,0.0
422,2015-09-03 10:11:00,0.707865168539,0,0.715263962746,0.0143420668319,0.0242830126438,0.0242830126438,0.0,0.0,0.0
423,2015-09-03 10:16:00,0.775280898876,0,0.687453866005,0.000416621682234,0.000721823540472,0.000721823540472,0.0,0.0,0.0
424,2015-09-03 10:26:00,0.449438202247,0,0.682840943336,0.0085451444611,0.0144748964416,0.0144748964416,0.0,0.0,0.0
425,2015-09-03 10:31:00,0.595505617978,0,0.693073153496,0.0593579821289,0.100447794564,0.100447794564,0.0,0.0,0.0
426,2015-09-03 10:36:00,0.797752808989,0,0.638342618942,0.00183501059655,0.00312166994202,0.00312166994202,0.0,0.0,0.0
427,2015-09-03 10:41:00,0.674157303371,0,0.614762663841,0.0334853902459,0.0566726029353,0.0566726029353,0.0,0.0,0.0
428,2015-09-03 10:46:00,0.696629213483,0,0.632233321667,0.00175762176514,0.00299073172986,0.00299073172986,0.0,0.0,0.0
429,2015-09-03 10:51:00,0.85393258427,0,0.628859698772,0.00459270877764,0.00778756375268,0.00778756375268,0.0,0.0,0.0
430,2015-09-03 11:01:00,0.662921348315,0,0.632231354713,0.0491514243186,0.0831787854895,0.0831787854895,0.0,0.0,0.0
431,2015-09-03 11:06:00,0.696629213483,0,0.668357670307,2.95533718599e-05,6.69224182009e-05,6.69224182009e-05,0.0,0.0,0.0
432,2015-09-03 11:16:00,0.719101123596,0,0.670363008976,0.000689914159011,0.00118422137815,0.00118422137815,0.0,0.0,0.0
433,2015-09-03 11:21:00,0.606741573034,0,0.67991399765,0.00153563136701,0.00261513456271,0.00261513456271,0.0,0.0,0.0
434,2015-09-03 11:26:00,0.76404494382,0,0.694579899311,0.00771557586268,0.0130713059343,0.0130713059343,0.0,0.0,0.0
435,2015-09-03 11:36:00,0.741573033708,0,0.685804963112,0.00612149387598,0.0103741952329,0.0103741952329,0.0,0.0,0.0
436,2015-09-03 11:46:00,0.831460674157,0,0.708161175251,0.00111635238864,0.00190573452628,0.00190573452628,0.0,0.0,0.0
437,2015-09-03 12:01:00,0.595505617978,0,0.725571870804,0.0112124346197,0.0189878241896,0.0189878241896,0.0,0.0,0.0
438,2015-09-03 12:06:00,0.707865168539,0,0.761568188667,0.0275767855346,0.046675525539,0.046675525539,0.0,0.0,0.0
439,2015-09-03 12:11:00,0.629213483146,0,0.743577241898,0.00127535150386,0.00217475344674,0.00217475344674,0.0,0.0,0.0
440,2015-09-03 12:16:00,0.651685393258,0,0.745348095894,0.0134872412309,0.0228366884927,0.0228366884927,0.0,0.0,0.0
441,2015-09-03 12:21:00,0.629213483146,0,0.726717233658,0.00562977371737,0.00954222817417,0.00954222817417,0.0,0.0,0.0
442,2015-09-03 12:31:00,0.808988764045,0,0.710291683674,0.00657367007807,0.011139255803,0.011139255803,0.0,0.0,0.0
443,2015-09-03 12:41:00,0.707865168539,0,0.688108384609,0.0146120628342,0.0247398330039,0.0247398330039,0.0,0.0,0.0
444,2015-09-03 12:46:00,0.629213483146,0,0.703340470791,2.04729803954e-05,5.15588288772e-05,5.15588288772e-05,0.0,0.0,0.0
445,2015-09-03 12:51:00,0.651685393258,0,0.699083685875,0.00488184113055,0.0082767619054,0.0082767619054,0.0,0.0,0.0
446,2015-09-03 12:56:00,0.865168539326,0,0.679403662682,0.000768301135395,0.001316848404,0.001316848404,0.0,0.0,0.0
447,2015-09-03 13:01:00,0.707865168539,0,0.66526812315,0.0399601645768,0.0676276123279,0.0676276123279,0.0,0.0,0.0
448,2015-09-03 13:06:00,0.550561797753,0,0.695522367954,0.000152344975504,0.000274679955764,0.000274679955764,0.0,0.0,0.0
449,2015-09-03 13:11:00,0.573033707865,0,0.696797966957,0.0213850215077,0.0361993560842,0.0361993560842,0.0,0.0,0.0
450,2015-09-03 13:21:00,0.808988764045,0,0.666830956936,0.00879792682827,0.0149025921519,0.0149025921519,0.0,0.0,0.0
451,2015-09-03 13:26:00,0.797752808989,0,0.642059385777,0.0278654117137,0.0471638672697,0.0471638672697,0.0,0.0,0.0
452,2015-09-03 13:31:00,0.808988764045,0,0.66474044323,0.0176922865212,0.0299514245897,0.0299514245897,0.0,0.0,0.0
453,2015-09-03 13:41:00,0.640449438202,0,0.687661170959,0.0147203812376,0.0249231025768,0.0249231025768,0.0,0.0,0.0
454,2015-09-03 13:46:00,0.719101123596,0,0.715238690376,0.00559342838824,0.00948073361055,0.00948073361055,0.0,0.0,0.0
455,2015-09-03 14:01:00,0.685393258427,0,0.709122419357,9.95746886474e-05,0.000185395146962,0.000185395146962,0.0,0.0,0.0
456,2015-09-03 14:06:00,0.47191011236,0,0.718082726002,0.00106860033702,0.00182494033219,0.00182494033219,0.0,0.0,0.0
457,2015-09-03 14:11:00,0.707865168539,0,0.719024837017,0.061065685004,0.103337146391,0.103337146391,0.0,0.0,0.0
458,2015-09-03 14:16:00,0.696629213483,0,0.673308432102,0.00119416869711,0.00203739600924,0.00203739600924,0.0,0.0,0.0
459,2015-09-03 14:21:00,0.85393258427,0,0.67463350296,0.000483811832964,0.00083550607128,0.00083550607128,0.0,0.0,0.0
460,2015-09-03 14:26:00,0.85393258427,0,0.674034714699,0.0323632359505,0.0547739713818,0.0547739713818,0.0,0.0,0.0
461,2015-09-03 14:31:00,0.775280898876,0,0.706024289131,0.0218768566847,0.0370315177485,0.0370315177485,0.0,0.0,0.0
462,2015-09-03 14:41:00,0.921348314607,0,0.740578591824,0.0012042496819,0.00205445255476,0.00205445255476,0.0,0.0,0.0
463,2015-09-03 14:46:00,0.775280898876,0,0.760014533997,0.0260285940021,0.0440560592976,0.0440560592976,0.0,0.0,0.0
464,2015-09-03 14:56:00,0.696629213483,0,0.812069416046,0.00135339540429,0.00230680000444,0.00230680000444,0.0,0.0,0.0
465,2015-09-03 15:01:00,0.674157303371,0,0.831023871899,0.0180619210005,0.0305768285011,0.0305768285011,0.0,0.0,0.0
466,2015-09-03 15:06:00,0.752808988764,0,0.824760198593,0.0226812269539,0.0383924738844,0.0383924738844,0.0,0.0,0.0
467,2015-09-03 15:11:00,0.730337078652,0,0.804795026779,0.0027025481686,0.00458950214196,0.00458950214196,0.0,0.0,0.0
468,2015-09-03 15:16:00,0.573033707865,0,0.797206580639,0.00447152974084,0.00758253460132,0.00758253460132,0.0,0.0,0.0
469,2015-09-03 15:21:00,0.595505617978,0,0.781416893005,0.0434235595167,0.0734875114006,0.0734875114006,0.0,0.0,0.0
470,2015-09-03 15:26:00,0.584269662921,0,0.728679418564,0.017735267058,0.0300241456083,0.0300241456083,0.0,0.0,0.0
471,2015-09-03 15:31:00,0.831460674157,0,0.6820525527,0.0095614977181,0.0161945176836,0.0161945176836,0.0,0.0,0.0
472,2015-09-03 15:36:00,0.595505617978,0,0.637687563896,0.0375480093062,0.0635463606433,0.0635463606433,0.0,0.0,0.0
473,2015-09-03 15:41:00,0.707865168539,0,0.645712971687,0.00252078054473,0.00428195999068,0.00428195999068,0.0,0.0,0.0
474,2015-09-03 15:46:00,0.775280898876,0,0.613961160183,0.00881796423346,0.0149364944859,0.0149364944859,0.0,0.0,0.0
475,2015-09-03 15:51:00,0.707865168539,0,0.607842028141,0.0280357729644,0.0474521103815,0.0474521103815,0.0,0.0,0.0
476,2015-09-03 15:56:00,0.797752808989,0,0.618317902088,0.00801871437579,0.0135842018421,0.0135842018421,0.0,0.0,0.0
477,2015-09-03 16:06:00,0.797752808989,0,0.620978832245,0.0312490351498,0.0528887967621,0.0528887967621,0.0,0.0,0.0
478,2015-09-03 16:21:00,0.662921348315,0,0.644258141518,0.0235606096685,0.0398803475007,0.0398803475007,0.0,0.0,0.0
479,2015-09-03 16:31:00,0.584269662921,0,0.671794712543,7.87362223491e-05,0.00015013745575,0.00015013745575,0.0,0.0,0.0
480,2015-09-03 16:36:00,0.696629213483,0,0.676524579525,0.00851097330451,0.0144170804742,0.0144170804742,0.0,0.0,0.0
481,2015-09-03 16:41:00,0.573033707865,0,0.666634321213,0.000899694336113,0.00153915943361,0.00153915943361,0.0,0.0,0.0
482,2015-09-03 16:46:00,0.674157303371,0,0.678749382496,0.0111758075655,0.0189258529606,0.0189258529606,0.0,0.0,0.0
483,2015-09-03 16:56:00,0.752808988764,0,0.665755271912,7.05944330548e-05,0.000136361936537,0.000136361936537,0.0,0.0,0.0
484,2015-09-03 17:01:00,0.685393258427,0,0.671911001205,0.00654448429123,0.0110898748435,0.0110898748435,0.0,0.0,0.0
485,2015-09-03 17:06:00,0.865168539326,0,0.693072080612,5.8964073105e-05,0.000116683922142,0.000116683922142,0.0,0.0,0.0
486,2015-09-03 17:11:00,0.719101123596,0,0.699548661709,0.0274299345911,0.0464270607456,0.0464270607456,0.0,0.0,0.0
487,2015-09-03 17:16:00,0.76404494382,0,0.742451786995,0.000545253162272,0.000939461870396,0.000939461870396,0.0,0.0,0.0
488,2015-09-03 17:21:00,0.741573033708,0,0.753569841385,0.000109727698145,0.000202573554846,0.000202573554846,0.0,0.0,0.0
489,2015-09-03 17:26:00,0.685393258427,0,0.771760940552,0.00091130961664,0.00155881193434,0.00155881193434,0.0,0.0,0.0
490,2015-09-03 17:36:00,0.797752808989,0,0.781882464886,0.00931016355753,0.0157692722698,0.0157692722698,0.0,0.0,0.0
491,2015-09-03 17:41:00,0.662921348315,0,0.775216221809,0.000507897231728,0.00087625741738,0.00087625741738,0.0,0.0,0.0
492,2015-09-03 17:46:00,0.76404494382,0,0.789775431156,0.016091953963,0.0272437382194,0.0272437382194,0.0,0.0,0.0
493,2015-09-03 17:51:00,0.887640449438,0,0.770551621914,4.233690197e-05,8.85515415139e-05,8.85515415139e-05,0.0,0.0,0.0
494,2015-09-03 17:56:00,0.808988764045,0,0.770597338676,0.0136990956962,0.0231951361449,0.0231951361449,0.0,0.0,0.0
495,2015-09-03 18:01:00,0.685393258427,0,0.797129273415,0.000140647185617,0.000254887853131,0.000254887853131,0.0,0.0,0.0
496,2015-09-03 18:11:00,0.730337078652,0,0.805526077747,0.0144318910316,0.024434990906,0.024434990906,0.0,0.0,0.0
497,2015-09-03 18:16:00,0.696629213483,0,0.783941566944,0.00287344073877,0.004878644221,0.004878644221,0.0,0.0,0.0
498,2015-09-03 18:21:00,0.651685393258,0,0.770260334015,0.00542154023424,0.00918990705114,0.00918990705114,0.0,0.0,0.0
499,2015-09-03 18:31:00,0.719101123596,0,0.748612940311,0.00939494464546,0.0159127178274,0.0159127178274,0.0,0.0,0.0
500,2015-09-03 18:36:00,0.752808988764,0,0.717937767506,1.35341451823e-06,1.92094352051e-05,1.92094352051e-05,0.0,0.0,0.0
501,2015-09-03 18:41:00,0.561797752809,0,0.703085482121,0.00247242697515,0.00420014805688,0.00420014805688,0.0,0.0,0.0
502,2015-09-03 18:51:00,0.719101123596,0,0.697562158108,0.0184319783002,0.0312029478046,0.0312029478046,0.0,0.0,0.0
503,2015-09-03 19:06:00,0.730337078652,0,0.657195806503,0.00383226922713,0.00650093629779,0.00650093629779,0.0,0.0,0.0
504,2015-09-03 19:11:00,0.651685393258,0,0.650934875011,0.00630471063778,0.0106841892565,0.0106841892565,0.0,0.0,0.0
505,2015-09-03 19:21:00,0.797752808989,0,0.649989008904,2.87779948849e-06,2.17886218784e-05,2.17886218784e-05,0.0,0.0,0.0
506,2015-09-03 19:26:00,0.662921348315,0,0.637615382671,0.0256439913064,0.0434053298778,0.0434053298778,0.0,0.0,0.0
507,2015-09-03 20:02:00,0.752808988764,0,0.655777275562,5.10380705236e-05,0.000103273503757,0.000103273503757,0.0,0.0,0.0
508,2015-09-03 20:12:00,0.606741573034,0,0.651474058628,0.0102687682956,0.0173911857718,0.0173911857718,0.0,0.0,0.0
509,2015-09-03 20:17:00,0.786516853933,0,0.666712641716,0.00359653215855,0.00610208041981,0.00610208041981,0.0,0.0,0.0
510,2015-09-03 20:22:00,0.685393258427,0,0.656002938747,0.0170338805765,0.0288374331299,0.0288374331299,0.0,0.0,0.0
511,2015-09-03 20:27:00,0.775280898876,0,0.681187391281,1.76894482138e-05,4.68492251696e-05,4.68492251696e-05,0.0,0.0,0.0
512,2015-09-03 20:57:00,0.876404494382,0,0.687623858452,0.00768375582993,0.0130174679564,0.0130174679564,0.0,0.0,0.0
513,2015-09-03 21:02:00,0.685393258427,0,0.712290108204,0.0269335415214,0.0455871873443,0.0455871873443,0.0,0.0,0.0
514,2015-09-03 21:32:00,0.651685393258,0,0.758645474911,0.00536588486284,0.00909574081689,0.00909574081689,0.0,0.0,0.0
515,2015-09-03 21:42:00,0.640449438202,0,0.764000713825,0.0126147260889,0.0213604344818,0.0213604344818,0.0,0.0,0.0
516,2015-09-03 22:02:00,0.797752808989,0,0.758015215397,0.0138217061758,0.0234025872292,0.0234025872292,0.0,0.0,0.0
517,2015-09-03 22:22:00,0.752808988764,0,0.745191454887,0.00276269484311,0.00469126744691,0.00469126744691,0.0,0.0,0.0
518,2015-09-03 22:27:00,0.707865168539,0,0.763052999973,0.000104939776065,0.000194472619018,0.000194472619018,0.0,0.0,0.0
519,2015-09-03 23:22:00,0.505617977528,0,0.76886588335,0.00372108607553,0.00631281970749,0.00631281970749,0.0,0.0,0.0
520,2015-09-03 23:27:00,0.752808988764,0,0.762192428112,0.0658304467797,0.111398896089,0.111398896089,0.0,0.0,0.0
521,2015-09-03 23:32:00,0.584269662921,0,0.709715306759,0.00185706536286,0.00315898555483,0.00315898555483,0.0,0.0,0.0
522,2015-09-03 23:42:00,0.842696629213,0,0.708241581917,0.0153690418229,0.0260206053532,0.0260206053532,0.0,0.0,0.0
523,2015-09-03 23:57:00,0.741573033708,0,0.673263728619,0.0287075005472,0.0485886414176,0.0485886414176,0.0,0.0,0.0
524,2015-09-04 00:02:00,0.674157303371,0,0.690769374371,0.0025810119696,0.00438386868919,0.00438386868919,0.0,0.0,0.0
525,2015-09-04 00:07:00,0.47191011236,0,0.690325438976,0.000261408014921,0.000459209417356,0.000459209417356,0.0,0.0,0.0
526,2015-09-04 00:22:00,0.584269662921,0,0.678823947906,0.0428133308887,0.0724550336633,0.0724550336633,0.0,0.0,0.0
527,2015-09-04 00:27:00,0.651685393258,0,0.631315410137,0.00221330416389,0.00376172461753,0.00376172461753,0.0,0.0,0.0
528,2015-09-04 00:42:00,0.606741573034,0,0.608608186245,0.00185564777348,0.00315658706122,0.00315658706122,0.0,0.0,0.0
529,2015-09-04 01:07:00,0.719101123596,0,0.600861549377,3.45743792423e-05,7.54177232452e-05,7.54177232452e-05,0.0,0.0,0.0
530,2015-09-04 01:27:00,0.76404494382,0,0.587715506554,0.0172621831298,0.0292237101626,0.0292237101626,0.0,0.0,0.0
531,2015-09-04 02:27:00,0.584269662921,0,0.596608757973,0.0280348751694,0.0474505913552,0.0474505913552,0.0,0.0,0.0
532,2015-09-04 02:52:00,0.573033707865,0,0.615300774574,0.000962931138929,0.00164615308827,0.00164615308827,0.0,0.0,0.0
533,2015-09-04 02:57:00,0.584269662921,0,0.604949474335,0.00101861730218,0.00174037142088,0.00174037142088,0.0,0.0,0.0
534,2015-09-04 03:12:00,0.595505617978,0,0.595344603062,0.000122654746519,0.000224445504218,0.000224445504218,0.0,0.0,0.0
535,2015-09-04 03:27:00,0.685393258427,0,0.589793920517,3.26232293446e-05,7.21164706666e-05,7.21164706666e-05,0.0,0.0,0.0
536,2015-09-04 04:02:00,0.685393258427,0,0.587695002556,0.00954495184124,0.016166522849,0.016166522849,0.0,0.0,0.0
537,2015-09-04 04:22:00,0.808988764045,0,0.602155089378,0.00692859524861,0.0117397722656,0.0117397722656,0.0,0.0,0.0
538,2015-09-04 04:37:00,0.662921348315,0,0.617118120193,0.0368143394589,0.0623050262497,0.0623050262497,0.0,0.0,0.0
539,2015-09-04 04:52:00,0.842696629213,0,0.654922008514,6.3989769842e-05,0.000125187161351,0.000125187161351,0.0,0.0,0.0
540,2015-09-04 05:12:00,0.629213483146,0,0.666644990444,0.0309941712767,0.052457579243,0.052457579243,0.0,0.0,0.0
541,2015-09-04 05:17:00,0.696629213483,0,0.712845623493,0.00699432985857,0.0118509920908,0.0118509920908,0.0,0.0,0.0
542,2015-09-04 05:22:00,0.640449438202,0,0.716473042965,0.000393777067075,0.000683171541058,0.000683171541058,0.0,0.0,0.0
543,2015-09-04 05:32:00,0.662921348315,0,0.73092263937,0.00818539503962,0.0138662175765,0.0138662175765,0.0,0.0,0.0
544,2015-09-04 05:37:00,0.752808988764,0,0.730280041695,0.00453719077632,0.00769362994204,0.00769362994204,0.0,0.0,0.0
545,2015-09-04 05:42:00,0.752808988764,0,0.73031103611,0.000506157870404,0.000873314500969,0.000873314500969,0.0,0.0,0.0
546,2015-09-04 05:47:00,0.719101123596,0,0.74550229311,5.33877901034e-05,0.00010724911723,0.00010724911723,0.0,0.0,0.0
547,2015-09-04 05:52:00,0.741573033708,0,0.757615208626,0.0014833342284,0.00252665029818,0.00252665029818,0.0,0.0,0.0
548,2015-09-04 05:57:00,0.719101123596,0,0.759471774101,0.000320364837535,0.000558961549629,0.000558961549629,0.0,0.0,0.0
549,2015-09-04 06:07:00,0.662921348315,0,0.763096153736,0.00193556200247,0.00329179812564,0.00329179812564,0.0,0.0,0.0
550,2015-09-04 06:12:00,0.707865168539,0,0.759302914143,0.0092894025147,0.0157341455754,0.0157341455754,0.0,0.0,0.0
551,2015-09-04 06:17:00,0.696629213483,0,0.741345584393,0.0011209375225,0.00191349235412,0.00191349235412,0.0,0.0,0.0
552,2015-09-04 06:22:00,0.696629213483,0,0.731366276741,0.00120666262228,0.00205853513481,0.00205853513481,0.0,0.0,0.0
553,2015-09-04 06:27:00,0.730337078652,0,0.71864336729,0.000484622403746,0.000836877518388,0.000836877518388,0.0,0.0,0.0
554,2015-09-04 06:32:00,0.707865168539,0,0.706273496151,0.00057905621361,0.000996655021227,0.000996655021227,0.0,0.0,0.0
555,2015-09-04 06:37:00,0.719101123596,0,0.701556921005,3.97941148549e-05,8.4249266978e-05,8.4249266978e-05,0.0,0.0,0.0
556,2015-09-04 06:42:00,0.719101123596,0,0.693814873695,0.000639394798782,0.00109874502985,0.00109874502985,0.0,0.0,0.0
557,2015-09-04 06:47:00,0.707865168539,0,0.689943313599,0.000850178301334,0.00145538066413,0.00145538066413,0.0,0.0,0.0
558,2015-09-04 06:52:00,0.640449438202,0,0.687880277634,0.000399396260036,0.000692678947575,0.000692678947575,0.0,0.0,0.0
559,2015-09-04 06:57:00,0.584269662921,0,0.685469806194,0.00202683126554,0.00344622136622,0.00344622136622,0.0,0.0,0.0
560,2015-09-04 07:02:00,0.76404494382,0,0.671857833862,0.00767169101164,0.0129970548592,0.0129970548592,0.0,0.0,0.0
561,2015-09-04 07:07:00,0.685393258427,0,0.649441719055,0.0131338983774,0.0222388492351,0.0222388492351,0.0,0.0,0.0
562,2015-09-04 07:12:00,0.741573033708,0,0.66220086813,0.000537887681276,0.000926999827802,0.000926999827802,0.0,0.0,0.0
563,2015-09-04 07:22:00,0.820224719101,0,0.66166561842,0.00638519553468,0.0108203658638,0.0108203658638,0.0,0.0,0.0
564,2015-09-04 07:27:00,0.651685393258,0,0.673081755638,0.0216510463506,0.0366494574319,0.0366494574319,0.0,0.0,0.0
565,2015-09-04 07:32:00,0.674157303371,0,0.700898945332,0.00242197141051,0.00411477964769,0.00411477964769,0.0,0.0,0.0
566,2015-09-04 07:37:00,0.842696629213,0,0.697359025478,0.000538319058251,0.000927729697072,0.000927729697072,0.0,0.0,0.0
567,2015-09-04 07:47:00,0.674157303371,0,0.698192358017,0.0208814777434,0.0353473840484,0.0353473840484,0.0,0.0,0.0
568,2015-09-04 07:52:00,0.786516853933,0,0.732216596603,0.00337087945081,0.00572028679945,0.00572028679945,0.0,0.0,0.0
569,2015-09-04 07:57:00,0.786516853933,0,0.732068121433,0.00296466355212,0.00503298887087,0.00503298887087,0.0,0.0,0.0
570,2015-09-04 08:02:00,0.696629213483,0,0.753440141678,0.00109406828415,0.00186803088419,0.00186803088419,0.0,0.0,0.0
571,2015-09-04 08:07:00,0.898876404494,0,0.773551046848,0.00591696659103,0.0100281448205,0.0100281448205,0.0,0.0,0.0
572,2015-09-04 08:12:00,0.651685393258,0,0.771954059601,0.0161092877388,0.0272730661414,0.0272730661414,0.0,0.0,0.0
573,2015-09-04 08:17:00,0.573033707865,0,0.811339437962,0.0254894066602,0.0431437800284,0.0431437800284,0.0,0.0,0.0
574,2015-09-04 08:22:00,0.741573033708,0,0.793572723866,0.0486374646425,0.0823091902278,0.0823091902278,0.0,0.0,0.0
575,2015-09-04 08:27:00,0.61797752809,0,0.753576636314,0.000144086428918,0.000260706888782,0.000260706888782,0.0,0.0,0.0
576,2015-09-04 08:32:00,0.662921348315,0,0.746929705143,0.0166286714375,0.0281518385907,0.0281518385907,0.0,0.0,0.0
577,2015-09-04 08:37:00,0.786516853933,0,0.713850080967,0.00259373360313,0.00440539308645,0.00440539308645,0.0,0.0,0.0
578,2015-09-04 08:52:00,0.674157303371,0,0.690741539001,0.00917290896177,0.0155370440393,0.0155370440393,0.0,0.0,0.0
579,2015-09-04 08:57:00,0.741573033708,0,0.693104565144,0.000358998047886,0.000624327099166,0.000624327099166,0.0,0.0,0.0
580,2015-09-04 09:12:00,0.685393258427,0,0.676093220711,0.00428760610521,0.00727134458096,0.00727134458096,0.0,0.0,0.0
581,2015-09-04 09:17:00,0.707865168539,0,0.674414455891,0.000120534445159,0.000220858055431,0.000220858055431,0.0,0.0,0.0
582,2015-09-04 09:32:00,0.595505617978,0,0.664947271347,0.00184194673784,0.0031334055623,0.0031334055623,0.0,0.0,0.0
583,2015-09-04 09:42:00,0.685393258427,0,0.662422120571,0.00447782129049,0.00759317960329,0.00759317960329,0.0,0.0,0.0
584,2015-09-04 09:47:00,0.640449438202,0,0.641981840134,0.00188455253374,0.00320549253713,0.00320549253713,0.0,0.0,0.0
585,2015-09-04 09:52:00,0.719101123596,0,0.640484988689,1.26198074213e-09,1.69216575944e-05,1.69216575944e-05,0.0,0.0,0.0
586,2015-09-04 09:57:00,0.52808988764,0,0.633013904095,0.00741101056337,0.0125559959723,0.0125559959723,0.0,0.0,0.0
587,2015-09-04 10:12:00,0.786516853933,0,0.641534745693,0.012869737111,0.02179190097,0.02179190097,0.0,0.0,0.0
588,2015-09-04 10:17:00,0.685393258427,0,0.617779493332,0.0284722931683,0.0481906817493,0.0481906817493,0.0,0.0,0.0
589,2015-09-04 10:22:00,0.741573033708,0,0.64137929678,0.00193723011762,0.00329462049692,0.00329462049692,0.0,0.0,0.0
590,2015-09-04 10:27:00,0.775280898876,0,0.648391783237,0.00868274550885,0.0147077108523,0.0147077108523,0.0,0.0,0.0
591,2015-09-04 10:32:00,0.865168539326,0,0.666587293148,0.0118142990395,0.0200061500858,0.0200061500858,0.0,0.0,0.0
592,2015-09-04 10:37:00,0.685393258427,0,0.69206994772,0.0299631133676,0.0507130784308,0.0507130784308,0.0,0.0,0.0
593,2015-09-04 10:42:00,0.696629213483,0,0.736043214798,0.00256541650742,0.00435748191092,0.00435748191092,0.0,0.0,0.0
594,2015-09-04 10:47:00,0.797752808989,0,0.745108366013,0.00235022697598,0.00399339148588,0.00399339148588,0.0,0.0,0.0
595,2015-09-04 10:57:00,0.640449438202,0,0.753822207451,0.00192989676725,0.00328221281782,0.00328221281782,0.0,0.0,0.0
596,2015-09-04 11:02:00,0.674157303371,0,0.7806391716,0.0196531545371,0.0332691197608,0.0332691197608,0.0,0.0,0.0
597,2015-09-04 11:07:00,0.786516853933,0,0.770164549351,0.00921738799661,0.0156123004451,0.0156123004451,0.0,0.0,0.0
598,2015-09-04 11:17:00,0.707865168539,0,0.761974394321,0.000602331885602,0.00103603634825,0.00103603634825,0.0,0.0,0.0
599,2015-09-04 11:22:00,0.696629213483,0,0.773862242699,0.00435561267659,0.00738640845657,0.00738640845657,0.0,0.0,0.0
600,2015-09-04 11:27:00,0.685393258427,0,0.766202032566,0.0048403753899,0.00820660384967,0.00820660384967,0.0,0.0,0.0
601,2015-09-04 11:32:00,0.887640449438,0,0.753573834896,0.00464858906344,0.00788211053138,0.00788211053138,0.0,0.0,0.0
602,2015-09-04 11:37:00,0.752808988764,0,0.737034857273,0.0226820521057,0.0383938700019,0.0383938700019,0.0,0.0,0.0
603,2015-09-04 11:42:00,0.52808988764,0,0.761129438877,6.92298999638e-05,0.000134053211621,0.000134053211621,0.0,0.0,0.0
604,2015-09-04 11:47:00,0.719101123596,0,0.758470714092,0.0530753284693,0.0898178441856,0.0898178441856,0.0,0.0,0.0
605,2015-09-04 11:52:00,0.719101123596,0,0.70997518301,8.32829246065e-05,0.000157830259142,0.000157830259142,0.0,0.0,0.0
606,2015-09-04 11:57:00,0.685393258427,0,0.700421690941,0.000348921486875,0.000607278038476,0.000607278038476,0.0,0.0,0.0
607,2015-09-04 12:12:00,0.752808988764,0,0.692142307758,4.55494591733e-05,9.39870350985e-05,9.39870350985e-05,0.0,0.0,0.0
608,2015-09-04 12:27:00,0.651685393258,0,0.679320752621,0.00540052074939,0.00915434308518,0.00915434308518,0.0,0.0,0.0
609,2015-09-04 12:32:00,0.76404494382,0,0.681201040745,0.000871172058396,0.00149090109991,0.00149090109991,0.0,0.0,0.0
610,2015-09-04 12:37:00,0.595505617978,0,0.666705787182,0.00947491079569,0.0160480167401,0.0160480167401,0.0,0.0,0.0
611,2015-09-04 12:42:00,0.898876404494,0,0.67510843277,0.00633661169559,0.0107381643249,0.0107381643249,0.0,0.0,0.0
612,2015-09-04 12:52:00,0.719101123596,0,0.654923677444,0.0595129430294,0.100709981018,0.100709981018,0.0,0.0,0.0
613,2015-09-04 12:57:00,0.808988764045,0,0.691735506058,0.000748877413571,0.00128398439297,0.00128398439297,0.0,0.0,0.0
614,2015-09-04 13:02:00,0.76404494382,0,0.698215305805,0.0122707560658,0.0207784536063,0.0207784536063,0.0,0.0,0.0
615,2015-09-04 13:12:00,0.730337078652,0,0.722988784313,0.00168560794555,0.00286888778137,0.00286888778137,0.0,0.0,0.0
616,2015-09-04 13:17:00,0.651685393258,0,0.740440189838,0.000102072757727,0.000189621760714,0.000189621760714,0.0,0.0,0.0
617,2015-09-04 13:27:00,0.730337078652,0,0.750981986523,0.00985980872065,0.0166992456738,0.0166992456738,0.0,0.0,0.0
618,2015-09-04 13:37:00,0.820224719101,0,0.743783831596,0.000180815040949,0.000322849948789,0.000322849948789,0.0,0.0,0.0
619,2015-09-04 13:47:00,0.730337078652,0,0.750175833702,0.00490684388205,0.00831906536858,0.00831906536858,0.0,0.0,0.0
620,2015-09-04 13:52:00,0.808988764045,0,0.773020923138,0.00182191014756,0.00309950460706,0.00309950460706,0.0,0.0,0.0
621,2015-09-04 13:57:00,0.629213483146,0,0.775521397591,0.0011200637091,0.00191201390351,0.00191201390351,0.0,0.0,0.0
622,2015-09-04 14:02:00,0.797752808989,0,0.791934132576,0.0264779999852,0.0448164327893,0.0448164327893,0.0,0.0,0.0
623,2015-09-04 14:07:00,0.775280898876,0,0.767589986324,0.000909795169719,0.00155624956237,0.00155624956237,0.0,0.0,0.0
624,2015-09-04 14:12:00,0.696629213483,0,0.775672972202,1.5372621931e-07,1.71796198152e-05,1.71796198152e-05,0.0,0.0,0.0
625,2015-09-04 14:17:00,0.797752808989,0,0.777709722519,0.00657404679805,0.0111398931953,0.0111398931953,0.0,0.0,0.0
626,2015-09-04 14:22:00,0.719101123596,0,0.76196372509,0.00128085771576,0.00218406969468,0.00218406969468,0.0,0.0,0.0
627,2015-09-04 14:27:00,0.707865168539,0,0.766002774239,0.00219976413064,0.00373881552698,0.00373881552698,0.0,0.0,0.0
628,2015-09-04 14:32:00,0.595505617978,0,0.753935754299,0.00212249788456,0.00360808472335,0.00360808472335,0.0,0.0,0.0
629,2015-09-04 14:37:00,0.707865168539,0,0.739574074745,0.0207557268441,0.0351346195237,0.0351346195237,0.0,0.0,0.0
630,2015-09-04 14:42:00,0.85393258427,0,0.703686475754,1.74615579454e-05,4.64636457033e-05,4.64636457033e-05,0.0,0.0,0.0
631,2015-09-04 14:47:00,0.651685393258,0,0.691200315952,0.0264817830175,0.0448228334996,0.0448228334996,0.0,0.0,0.0
632,2015-09-04 14:52:00,0.640449438202,0,0.707882940769,0.00315816164948,0.00536037842389,0.00536037842389,0.0,0.0,0.0
633,2015-09-04 15:02:00,0.696629213483,0,0.689267933369,0.00238324282691,0.00404925273116,0.00404925273116,0.0,0.0,0.0
634,2015-09-04 15:17:00,0.696629213483,0,0.670945882797,0.00065963412635,0.00113298900691,0.00113298900691,0.0,0.0,0.0
635,2015-09-04 15:22:00,0.674157303371,0,0.665183544159,0.000988830928691,0.00168997429742,0.00168997429742,0.0,0.0,0.0
636,2015-09-04 15:32:00,0.797752808989,0,0.66157156229,0.000158401337103,0.000284927030768,0.000284927030768,0.0,0.0,0.0
637,2015-09-04 15:42:00,0.752808988764,0,0.656103312969,0.0200645755976,0.033965224575,0.033965224575,0.0,0.0,0.0
638,2015-09-04 15:47:00,0.808988764045,0,0.674459755421,0.00613860227168,0.0104031418226,0.0104031418226,0.0,0.0,0.0
639,2015-09-04 15:52:00,0.786516853933,0,0.687103331089,0.0148560553789,0.0251526567538,0.0251526567538,0.0,0.0,0.0
640,2015-09-04 16:02:00,0.820224719101,0,0.71198707819,0.00555468630046,0.00941518384559,0.00941518384559,0.0,0.0,0.0
641,2015-09-04 16:12:00,0.730337078652,0,0.73459059,0.00733320135623,0.0124243465044,0.0124243465044,0.0,0.0,0.0
642,2015-09-04 16:17:00,0.85393258427,0,0.764781177044,0.00118639564607,0.00202424437757,0.00202424437757,0.0,0.0,0.0
643,2015-09-04 16:27:00,0.674157303371,0,0.776362478733,0.00601711729541,0.0101975950362,0.0101975950362,0.0,0.0,0.0
644,2015-09-04 16:32:00,0.730337078652,0,0.811571121216,0.0188825521618,0.0319652972911,0.0319652972911,0.0,0.0,0.0
645,2015-09-04 16:42:00,0.707865168539,0,0.805008471012,0.00557581614703,0.00945093453833,0.00945093453833,0.0,0.0,0.0
646,2015-09-04 16:47:00,0.606741573034,0,0.804846405983,0.00940535869449,0.0159303379018,0.0159303379018,0.0,0.0,0.0
647,2015-09-04 16:52:00,0.730337078652,0,0.794920384884,0.0354112759233,0.0599311096579,0.0599311096579,0.0,0.0,0.0
648,2015-09-04 16:57:00,0.629213483146,0,0.759390473366,0.000844099500682,0.00144509562332,0.00144509562332,0.0,0.0,0.0
649,2015-09-04 17:02:00,0.797752808989,0,0.747538983822,0.0140009168535,0.0237058031495,0.0237058031495,0.0,0.0,0.0
650,2015-09-04 17:07:00,0.865168539326,0,0.714953422546,0.00685573648661,0.0116164987148,0.0116164987148,0.0,0.0,0.0
651,2015-09-04 17:12:00,0.842696629213,0,0.716082811356,0.0222265459597,0.0376231753255,0.0376231753255,0.0,0.0,0.0
652,2015-09-04 17:17:00,0.707865168539,0,0.731540858746,0.0123556004837,0.0209220063152,0.0209220063152,0.0,0.0,0.0
653,2015-09-04 17:22:00,0.797752808989,0,0.745400488377,0.00140889943577,0.00240071017877,0.00240071017877,0.0,0.0,0.0
654,2015-09-04 17:27:00,0.797752808989,0,0.735107183456,0.00392447318882,0.00665694100385,0.00665694100385,0.0,0.0,0.0
655,2015-09-04 17:32:00,0.831460674157,0,0.744009256363,0.00288836820982,0.00490390079015,0.00490390079015,0.0,0.0,0.0
656,2015-09-04 17:37:00,0.719101123596,0,0.754552662373,0.00591483945027,0.0100245457997,0.0100245457997,0.0,0.0,0.0
657,2015-09-04 17:42:00,0.865168539326,0,0.773237943649,0.00293079437688,0.00497568384155,0.00497568384155,0.0,0.0,0.0
658,2015-09-04 17:47:00,0.85393258427,0,0.769491016865,0.00915418285877,0.015505360366,0.015505360366,0.0,0.0,0.0
659,2015-09-04 18:02:00,0.775280898876,0,0.795533299446,0.00341047346592,0.00578727798481,0.00578727798481,0.0,0.0,0.0
660,2015-09-04 18:07:00,0.85393258427,0,0.819569647312,0.00196149386466,0.00333567359979,0.00333567359979,0.0,0.0,0.0
661,2015-09-04 18:12:00,0.707865168539,0,0.825146555901,0.000828634016216,0.00141892876113,0.00141892876113,0.0,0.0,0.0
662,2015-09-04 18:17:00,0.662921348315,0,0.845354795456,0.018903395161,0.0320005626518,0.0320005626518,0.0,0.0,0.0
663,2015-09-04 18:22:00,0.719101123596,0,0.829378664494,0.0277080312371,0.0468975870086,0.0468975870086,0.0,0.0,0.0
664,2015-09-04 18:27:00,0.629213483146,0,0.798998177052,0.00638353778049,0.0108175610228,0.0108175610228,0.0,0.0,0.0
665,2015-09-04 18:32:00,0.786516853933,0,0.778340399265,0.0222388282418,0.0376439563611,0.0376439563611,0.0,0.0,0.0
666,2015-09-04 18:37:00,0.820224719101,0,0.738681077957,0.00228826072998,0.00388854755276,0.00388854755276,0.0,0.0,0.0
667,2015-09-04 18:42:00,0.730337078652,0,0.731991887093,0.00778502970934,0.0131888185307,0.0131888185307,0.0,0.0,0.0
668,2015-09-04 18:47:00,0.662921348315,0,0.733469963074,9.81493576546e-06,3.35259256343e-05,3.35259256343e-05,0.0,0.0,0.0
669,2015-09-04 18:52:00,0.865168539326,0,0.719835042953,0.00323916622438,0.00549743430159,0.00549743430159,0.0,0.0,0.0
670,2015-09-04 18:57:00,0.696629213483,0,0.696423947811,0.0284747276455,0.0481948007687,0.0481948007687,0.0,0.0,0.0
671,2015-09-04 19:02:00,0.752808988764,0,0.713981747627,0.000301110005239,0.000526383291627,0.000526383291627,0.0,0.0,0.0
672,2015-09-04 19:07:00,0.685393258427,0,0.702747285366,0.00250617414713,0.00425724666251,0.00425724666251,0.0,0.0,0.0
673,2015-09-04 19:12:00,0.752808988764,0,0.704734683037,0.000374090101104,0.000649862133487,0.000649862133487,0.0,0.0,0.0
674,2015-09-04 19:22:00,0.651685393258,0,0.696384608746,0.00318371062167,0.00540360606643,0.00540360606643,0.0,0.0,0.0
675,2015-09-04 19:27:00,0.651685393258,0,0.702606022358,0.00259290798567,0.00440399618108,0.00440399618108,0.0,0.0,0.0
676,2015-09-04 19:32:00,0.674157303371,0,0.691381394863,0.00157577067148,0.00268304835168,0.00268304835168,0.0,0.0,0.0
677,2015-09-04 19:42:00,0.674157303371,0,0.681576967239,5.50511431356e-05,0.000110063431237,0.000110063431237,0.0,0.0,0.0
678,2015-09-04 19:47:00,0.820224719101,0,0.676984190941,7.99119152362e-06,3.04402373496e-05,3.04402373496e-05,0.0,0.0,0.0
679,2015-09-04 19:57:00,0.606741573034,0,0.673193395138,0.021618206054,0.0365938932161,0.0365938932161,0.0,0.0,0.0
680,2015-09-04 20:02:00,0.719101123596,0,0.696890592575,0.00812685023993,0.0137671625674,0.0137671625674,0.0,0.0,0.0
681,2015-09-04 20:12:00,0.674157303371,0,0.681611001492,0.00140550977085,0.00239497502737,0.00239497502737,0.0,0.0,0.0
682,2015-09-04 20:17:00,0.707865168539,0,0.687868475914,0.000187995756278,0.000334999376685,0.000334999376685,0.0,0.0,0.0
683,2015-09-04 20:23:00,0.76404494382,0,0.685942769051,0.000480592047097,0.000830058347141,0.000830058347141,0.0,0.0,0.0
684,2015-09-04 20:28:00,0.887640449438,0,0.690457940102,0.00541504658759,0.00917892011068,0.00917892011068,0.0,0.0,0.0
685,2015-09-04 20:33:00,0.662921348315,0,0.705497801304,0.0331759527326,0.0561490494195,0.0561490494195,0.0,0.0,0.0
686,2015-09-04 20:38:00,0.719101123596,0,0.744371473789,0.00663411943242,0.0112415332278,0.0112415332278,0.0,0.0,0.0
687,2015-09-04 20:48:00,0.573033707865,0,0.739696860313,0.000424184079748,0.000734618756422,0.000734618756422,0.0,0.0,0.0
688,2015-09-04 20:53:00,0.887640449438,0,0.744825839996,0.0295125432312,0.0499507352474,0.0499507352474,0.0,0.0,0.0
689,2015-09-04 21:03:00,0.662921348315,0,0.719314754009,0.0283335484564,0.0479559323134,0.0479559323134,0.0,0.0,0.0
690,2015-09-04 21:13:00,0.775280898876,0,0.75427621603,0.008345708251,0.014137459885,0.014137459885,0.0,0.0,0.0
691,2015-09-04 21:18:00,0.707865168539,0,0.743370234966,0.00101829005871,0.00173981774053,0.00173981774053,0.0,0.0,0.0
692,2015-09-04 21:33:00,0.831460674157,0,0.753300845623,0.00206439988688,0.00350978568191,0.00350978568191,0.0,0.0,0.0
693,2015-09-04 21:38:00,0.876404494382,0,0.748337507248,0.00690945750102,0.0117073921093,0.0117073921093,0.0,0.0,0.0
694,2015-09-04 21:53:00,0.685393258427,0,0.767017960548,0.0119654200971,0.0202618397084,0.0202618397084,0.0,0.0,0.0
695,2015-09-04 22:08:00,0.651685393258,0,0.794585227966,0.0119228828698,0.0201898687484,0.0201898687484,0.0,0.0,0.0
696,2015-09-04 22:13:00,0.775280898876,0,0.781864523888,0.0169466007501,0.0286897598259,0.0286897598259,0.0,0.0,0.0
697,2015-09-04 22:23:00,0.674157303371,0,0.760128557682,0.000229593264521,0.000405380376891,0.000405380376891,0.0,0.0,0.0
698,2015-09-04 22:34:00,0.76404494382,0,0.762127280235,0.00773871364072,0.0131104539513,0.0131104539513,0.0,0.0,0.0
699,2015-09-04 22:41:00,0.808988764045,0,0.742982029915,0.000443646189524,0.000767547718036,0.000767547718036,0.0,0.0,0.0
700,2015-09-08 10:44:00,0.831460674157,0,0.741430521011,0.00456411438063,0.00773918339658,0.00773918339658,0.0,0.0,0.0
701,2015-09-08 10:49:00,0.831460674157,0,0.748938262463,0.00680994521827,0.0115390220725,0.0115390220725,0.0,0.0,0.0
702,2015-09-08 10:59:00,0.674157303371,0,0.761797070503,0.00485301483423,0.0082279891867,0.0082279891867,0.0,0.0,0.0
703,2015-09-08 11:04:00,0.730337078652,0,0.775984585285,0.0103687914088,0.0175604201093,0.0175604201093,0.0,0.0,0.0
704,2015-09-08 11:09:00,0.808988764045,0,0.759123921394,0.000828682037536,0.00141901001092,0.00141901001092,0.0,0.0,0.0
705,2015-09-08 11:14:00,0.561797752809,0,0.753264009953,0.00310524669476,0.00527084884396,0.00527084884396,0.0,0.0,0.0
706,2015-09-08 11:19:00,0.707865168539,0,0.763027608395,0.0404934622347,0.0685299265328,0.0685299265328,0.0,0.0,0.0
707,2015-09-08 11:29:00,0.52808988764,0,0.723940908909,0.000258429092355,0.000454169222435,0.000454169222435,0.0,0.0,0.0
708,2015-09-08 11:34:00,0.876404494382,0,0.713856637478,0.0345092862844,0.058404986204,0.058404986204,0.0,0.0,0.0
709,2015-09-08 11:39:00,0.775280898876,0,0.671217262745,0.0421018116176,0.0712511769881,0.0712511769881,0.0,0.0,0.0
710,2015-09-08 11:49:00,0.921348314607,0,0.693429768085,0.00669960677624,0.0113523346906,0.0113523346906,0.0,0.0,0.0
711,2015-09-08 11:59:00,0.741573033708,0,0.699078083038,0.0494040623307,0.083606236958,0.083606236958,0.0,0.0,0.0
712,2015-09-08 12:14:00,0.651685393258,0,0.733163535595,7.07196886651e-05,0.000136573863057,0.000136573863057,0.0,0.0,0.0
713,2015-09-08 12:19:00,0.719101123596,0,0.737179160118,0.00730918021873,0.0123837038853,0.0123837038853,0.0,0.0,0.0
714,2015-09-08 12:24:00,0.820224719101,0,0.725049436092,3.53823343175e-05,7.6784744702e-05,7.6784744702e-05,0.0,0.0,0.0
715,2015-09-08 12:27:00,0.752808988764,0,0.726069331169,0.00886523351073,0.0150164718489,0.0150164718489,0.0,0.0,0.0
716,2015-09-08 12:32:00,0.752808988764,0,0.746440052986,4.05633327318e-05,8.55507469426e-05,8.55507469426e-05,0.0,0.0,0.0
717,2015-09-08 12:36:00,0.752808988764,0,0.754000008106,1.41852865454e-06,1.93196052185e-05,1.93196052185e-05,0.0,0.0,0.0
718,2015-09-08 12:46:00,0.640449438202,0,0.76094865799,6.62542224745e-05,0.000129018507216,0.000129018507216,0.0,0.0,0.0
719,2015-09-08 12:51:00,0.707865168539,0,0.766866207123,0.0159811936319,0.0270563370212,0.0270563370212,0.0,0.0,0.0
720,2015-09-08 12:56:00,0.674157303371,0,0.748771369457,0.00167331646662,0.0028480911852,0.0028480911852,0.0,0.0,0.0
721,2015-09-08 13:01:00,0.808988764045,0,0.742524683475,0.00467409612611,0.00792526726502,0.00792526726502,0.0,0.0,0.0
722,2015-09-08 13:06:00,0.797752808989,0,0.728616833687,0.00645964499563,0.0109463308013,0.0109463308013,0.0,0.0,0.0
723,2015-09-08 13:16:00,0.786516853933,0,0.740066111088,0.0033277538605,0.00564732035726,0.00564732035726,0.0,0.0,0.0
724,2015-09-08 13:26:00,0.730337078652,0,0.74938839674,0.00137852167245,0.00234931245192,0.00234931245192,0.0,0.0,0.0
725,2015-09-08 13:36:00,0.685393258427,0,0.756814181805,0.000701036769897,0.00120304030534,0.00120304030534,0.0,0.0,0.0
726,2015-09-08 13:41:00,0.606741573034,0,0.753400027752,0.00462491856888,0.00784206118341,0.00784206118341,0.0,0.0,0.0
727,2015-09-08 13:46:00,0.775280898876,0,0.741059780121,0.0180413872004,0.0305420862905,0.0305420862905,0.0,0.0,0.0
728,2015-09-08 13:51:00,0.674157303371,0,0.713575780392,0.00380752095953,0.00645906340922,0.00645906340922,0.0,0.0,0.0
729,2015-09-08 13:56:00,0.61797752809,0,0.718431353569,0.00196019001305,0.00333346754506,0.00333346754506,0.0,0.0,0.0
730,2015-09-08 14:00:00,0.707865168539,0,0.704707801342,0.0075221452862,0.0127440306234,0.0127440306234,0.0,0.0,0.0
731,2015-09-08 14:06:00,0.685393258427,0,0.681875348091,0.000675471266732,0.00115978469318,0.00115978469318,0.0,0.0,0.0
732,2015-09-08 14:11:00,0.719101123596,0,0.676828861237,7.33491615392e-05,0.000141022805763,0.000141022805763,0.0,0.0,0.0
733,2015-09-08 14:21:00,0.775280898876,0,0.669068276882,0.00250328658149,0.00425236103915,0.00425236103915,0.0,0.0,0.0
734,2015-09-08 14:31:00,0.842696629213,0,0.668852388859,0.0113270264119,0.0191817080373,0.0191817080373,0.0,0.0,0.0
735,2015-09-08 14:36:00,0.797752808989,0,0.680093884468,0.026439646259,0.0447515401135,0.0447515401135,0.0,0.0,0.0
736,2015-09-08 14:41:00,0.460674157303,0,0.705118298531,0.00858115032315,0.0145358166431,0.0145358166431,0.0,0.0,0.0
737,2015-09-08 14:51:00,0.797752808989,0,0.724632978439,0.0696742534637,0.117902433691,0.117902433691,0.0,0.0,0.0
738,2015-09-08 14:56:00,0.76404494382,0,0.682905614376,0.0131898755208,0.0223335598922,0.0223335598922,0.0,0.0,0.0
739,2015-09-08 15:01:00,0.606741573034,0,0.703319430351,0.00368758756667,0.00625614182801,0.00625614182801,0.0,0.0,0.0
740,2015-09-08 15:06:00,0.797752808989,0,0.717401206493,0.0122455600649,0.0207358231743,0.0207358231743,0.0,0.0,0.0
741,2015-09-08 15:11:00,0.719101123596,0,0.701972842216,0.00917380023748,0.0155385520353,0.0155385520353,0.0,0.0,0.0
742,2015-09-08 15:16:00,0.797752808989,0,0.721623182297,6.36074310023e-06,2.76815963716e-05,2.76815963716e-05,0.0,0.0,0.0
743,2015-09-08 15:26:00,0.685393258427,0,0.725959956646,0.00515421200544,0.00873760043661,0.00873760043661,0.0,0.0,0.0
744,2015-09-08 15:29:00,0.775280898876,0,0.744657814503,0.00351228588261,0.00595953973852,0.00595953973852,0.0,0.0,0.0
745,2015-09-08 15:41:00,0.685393258427,0,0.740969598293,0.00117726495955,0.00200879569141,0.00200879569141,0.0,0.0,0.0
746,2015-09-08 16:15:00,0.808988764045,0,0.753482937813,0.00463620247319,0.00786115301139,0.00786115301139,0.0,0.0,0.0
747,2015-09-08 16:31:00,0.61797752809,0,0.747128665447,0.00382667011581,0.00649146286845,0.00649146286845,0.0,0.0,0.0
748,2015-09-08 16:36:00,0.786516853933,0,0.763500154018,0.0211768429726,0.0358471279306,0.0358471279306,0.0,0.0,0.0
749,2015-09-08 16:41:00,0.808988764045,0,0.740937530994,0.00207747379318,0.00353190610789,0.00353190610789,0.0,0.0,0.0
750,2015-09-08 16:46:00,0.584269662921,0,0.749826192856,0.00350020825863,0.00593910497472,0.00593910497472,0.0,0.0,0.0
751,2015-09-08 16:56:00,0.808988764045,0,0.762277662754,0.0316868536174,0.0536295647302,0.0536295647302,0.0,0.0,0.0
752,2015-09-08 17:06:00,0.966292134831,0,0.730263650417,0.00619764113799,0.0105030327688,0.0105030327688,0.0,0.0,0.0
753,2015-09-08 17:11:00,0.820224719101,0,0.740898311138,0.0508023798466,0.0859721235106,0.0859721235106,0.0,0.0,0.0
754,2015-09-08 17:21:00,0.831460674157,0,0.782041728497,0.00145793950651,0.00248368363979,0.00248368363979,0.0,0.0,0.0
755,2015-09-08 17:26:00,0.775280898876,0,0.796918988228,0.00119312677998,0.00203563313515,0.00203563313515,0.0,0.0,0.0
756,2015-09-08 17:31:00,0.820224719101,0,0.814024507999,0.00150106765795,0.0025566544153,0.0025566544153,0.0,0.0,0.0
757,2015-09-08 17:36:00,0.61797752809,0,0.818447291851,3.15918805427e-06,2.22647179126e-05,2.22647179126e-05,0.0,0.0,0.0
758,2015-09-08 17:46:00,0.696629213483,0,0.830082476139,0.0449885204434,0.0761353506573,0.0761353506573,0.0,0.0,0.0
759,2015-09-08 17:51:00,0.651685393258,0,0.795984208584,0.00987141206861,0.0167188779852,0.0167188779852,0.0,0.0,0.0
760,2015-09-08 17:56:00,0.719101123596,0,0.775183320045,0.0152517324314,0.0258221234571,0.0258221234571,0.0,0.0,0.0
761,2015-09-08 18:26:00,0.808988764045,0,0.744472026825,0.000643682375085,0.00110599940449,0.00110599940449,0.0,0.0,0.0
762,2015-09-08 18:31:00,0.651685393258,0,0.727274596691,0.00667720288038,0.0113144283672,0.0113144283672,0.0,0.0,0.0
763,2015-09-08 18:36:00,0.606741573034,0,0.72805327177,0.00583204906434,0.00988446841494,0.00988446841494,0.0,0.0,0.0
764,2015-09-08 18:41:00,0.842696629213,0,0.70165002346,0.00900761876255,0.0152573809047,0.0152573809047,0.0,0.0,0.0
765,2015-09-08 18:46:00,0.76404494382,0,0.670484304428,0.0296570770442,0.0501952795663,0.0501952795663,0.0,0.0,0.0
766,2015-09-08 18:56:00,0.539325842697,0,0.683236837387,0.00652994960546,0.0110652828484,0.0110652828484,0.0,0.0,0.0
767,2015-09-08 19:01:00,0.606741573034,0,0.684828341007,0.0211709793657,0.0358372069873,0.0358372069873,0.0,0.0,0.0
768,2015-09-08 19:06:00,0.61797752809,0,0.651167213917,0.00197363994084,0.00335622418147,0.00335622418147,0.0,0.0,0.0
769,2015-09-08 19:16:00,0.685393258427,0,0.63278824091,0.000219358043978,0.000388062871839,0.000388062871839,0.0,0.0,0.0
770,2015-09-08 19:26:00,0.696629213483,0,0.619109272957,0.00439356872812,0.00745062828567,0.00745062828567,0.0,0.0,0.0
771,2015-09-08 19:36:00,0.808988764045,0,0.618451178074,0.00611180718988,0.010357805822,0.010357805822,0.0,0.0,0.0
772,2015-09-08 19:41:00,0.52808988764,0,0.621298849583,0.0352274999022,0.0596201693945,0.0596201693945,0.0,0.0,0.0
773,2015-09-08 19:46:00,0.730337078652,0,0.643895626068,0.0134109705687,0.0227076421694,0.0227076421694,0.0,0.0,0.0
774,2015-09-08 19:51:00,0.752808988764,0,0.623261511326,0.0114651778713,0.0194154537183,0.0194154537183,0.0,0.0,0.0
775,2015-09-08 20:06:00,0.573033707865,0,0.637536644936,0.0132877128199,0.0224990959365,0.0224990959365,0.0,0.0,0.0
776,2015-09-08 20:11:00,0.685393258427,0,0.65646392107,0.00696060340852,0.0117939285457,0.0117939285457,0.0,0.0,0.0
777,2015-09-08 20:26:00,0.674157303371,0,0.646616399288,0.0015036460245,0.00256101688854,0.00256101688854,0.0,0.0,0.0
778,2015-09-08 20:36:00,0.76404494382,0,0.656264126301,0.000320166436723,0.000558625864916,0.000558625864916,0.0,0.0,0.0
779,2015-09-08 20:41:00,0.865168539326,0,0.663873851299,0.0100342473015,0.0169943874338,0.0169943874338,0.0,0.0,0.0
780,2015-09-08 20:46:00,0.47191011236,0,0.686487078667,0.0319270528853,0.0540359704366,0.0540359704366,0.0,0.0,0.0
781,2015-09-08 20:56:00,0.752808988764,0,0.72677230835,0.0649547353387,0.109917234092,0.109917234092,0.0,0.0,0.0
782,2015-09-08 21:06:00,0.808988764045,0,0.695481240749,0.00328647065908,0.0055774711492,0.0055774711492,0.0,0.0,0.0
783,2015-09-08 21:11:00,0.61797752809,0,0.71338224411,0.00914060417563,0.0154823858817,0.0154823858817,0.0,0.0,0.0
784,2015-09-08 21:16:00,0.483146067416,0,0.739655852318,0.0148056214675,0.0250673249809,0.0250673249809,0.0,0.0,0.0
785,2015-09-08 21:21:00,0.741573033708,0,0.728592336178,0.0602438673377,0.101946670091,0.101946670091,0.0,0.0,0.0
786,2015-09-08 21:46:00,0.640449438202,0,0.691127121449,0.00254479027353,0.00432258330682,0.00432258330682,0.0,0.0,0.0
787,2015-09-08 21:51:00,0.640449438202,0,0.698960721493,0.00342356716283,0.00580943189556,0.00580943189556,0.0,0.0,0.0
788,2015-09-08 21:56:00,0.696629213483,0,0.687019109726,0.00216873176396,0.00368631024246,0.00368631024246,0.0,0.0,0.0
789,2015-09-08 22:06:00,0.786516853933,0,0.674699008465,0.000480934453662,0.00083063768272,0.00083063768272,0.0,0.0,0.0
790,2015-09-08 22:12:00,0.820224719101,0,0.671966016293,0.0131218926981,0.0222185361983,0.0222185361983,0.0,0.0,0.0
791,2015-09-08 22:26:00,0.629213483146,0,0.684436500072,0.0184384360909,0.0312138740786,0.0312138740786,0.0,0.0,0.0
792,2015-09-08 22:36:00,0.606741573034,0,0.703296244144,0.00548825133592,0.00930277905381,0.00930277905381,0.0,0.0,0.0
793,2015-09-08 22:51:00,0.651685393258,0,0.690503120422,0.00701600126922,0.0118876590842,0.0118876590842,0.0,0.0,0.0
794,2015-09-08 22:56:00,0.707865168539,0,0.675149857998,0.000550579978153,0.000948474588836,0.000948474588836,0.0,0.0,0.0
795,2015-09-08 23:56:00,0.61797752809,0,0.668357491493,0.00156085728668,0.00265781561579,0.00265781561579,0.0,0.0,0.0
796,2015-09-09 00:26:00,0.685393258427,0,0.671409547329,0.00285498378798,0.00484741594047,0.00484741594047,0.0,0.0,0.0
797,2015-09-09 01:11:00,0.752808988764,0,0.65983581543,0.000653183669783,0.00112207514201,0.00112207514201,0.0,0.0,0.0
798,2015-09-09 01:51:00,0.573033707865,0,0.660234689713,0.00857000052929,0.0145169517236,0.0145169517236,0.0,0.0,0.0
799,2015-09-09 03:11:00,0.775280898876,0,0.672141194344,0.00982229690999,0.016635777479,0.016635777479,0.0,0.0,0.0
800,2015-09-09 06:04:00,0.719101123596,0,0.654843628407,0.0145051348954,0.0245589160308,0.0245589160308,0.0,0.0,0.0
801,2015-09-09 07:34:00,0.741573033708,0,0.671778261662,0.00223945407197,0.00380596901494,0.00380596901494,0.0,0.0,0.0
802,2015-09-09 09:20:00,0.808988764045,0,0.679766595364,0.00382003607228,0.00648023838317,0.00648023838317,0.0,0.0,0.0
803,2015-09-09 09:48:00,0.842696629213,0,0.69214206934,0.0136531470343,0.0231173932002,0.0231173932002,0.0,0.0,0.0
804,2015-09-09 09:53:00,0.752808988764,0,0.716682553291,0.0158795416355,0.026884346691,0.026884346691,0.0,0.0,0.0
805,2015-09-09 09:58:00,0.786516853933,0,0.748213410378,2.11193346331e-05,5.26524294235e-05,5.26524294235e-05,0.0,0.0,0.0
806,2015-09-09 10:03:00,0.741573033708,0,0.763845324516,0.000513997860253,0.000886579389912,0.000886579389912,0.0,0.0,0.0
807,2015-09-09 10:08:00,0.707865168539,0,0.784709692001,0.00186077109538,0.00316525547754,0.00316525547754,0.0,0.0,0.0
808,2015-09-09 10:18:00,0.741573033708,0,0.794588983059,0.00752101838589,0.0127421239618,0.0127421239618,0.0,0.0,0.0
809,2015-09-09 10:23:00,0.707865168539,0,0.79409968853,0.0027590491809,0.00468509916029,0.00468509916029,0.0,0.0,0.0
810,2015-09-09 10:33:00,0.651685393258,0,0.79620718956,0.0078043108806,0.013221441353,0.013221441353,0.0,0.0,0.0
811,2015-09-09 10:43:00,0.561797752809,0,0.787768900394,0.0185187142342,0.0313497008686,0.0313497008686,0.0,0.0,0.0
812,2015-09-09 10:53:00,0.550561797753,0,0.765071511269,0.0413202270865,0.0699287732345,0.0699287732345,0.0,0.0,0.0
813,2015-09-09 10:58:00,0.606741573034,0,0.723829984665,0.0300218686461,0.0508124895602,0.0508124895602,0.0,0.0,0.0
814,2015-09-09 11:08:00,0.629213483146,0,0.681886672974,0.00564678991213,0.00957101876422,0.00957101876422,0.0,0.0,0.0
815,2015-09-09 11:18:00,0.550561797753,0,0.652194499969,0.000528125790879,0.000910483174785,0.000910483174785,0.0,0.0,0.0
816,2015-09-09 11:23:00,0.640449438202,0,0.628599822521,0.00608993507922,0.0103207992538,0.0103207992538,0.0,0.0,0.0
817,2015-09-09 11:38:00,0.685393258427,0,0.595985591412,0.00197703600861,0.00336197016618,0.00336197016618,0.0,0.0,0.0
818,2015-09-09 11:43:00,0.685393258427,0,0.580850064754,0.0109292827547,0.0185087447372,0.0185087447372,0.0,0.0,0.0
819,2015-09-09 11:48:00,0.76404494382,0,0.574769794941,0.0122375544161,0.0207222779982,0.0207222779982,0.0,0.0,0.0
820,2015-09-09 11:58:00,0.730337078652,0,0.57139390707,0.0371144190431,0.0628127465955,0.0628127465955,0.0,0.0,0.0
821,2015-09-09 12:13:00,0.685393258427,0,0.582050323486,0.0219889637083,0.0372211974862,0.0372211974862,0.0,0.0,0.0
822,2015-09-09 12:23:00,0.85393258427,0,0.591248452663,0.00886324699968,0.0150131107669,0.0150131107669,0.0,0.0,0.0
823,2015-09-09 12:28:00,0.808988764045,0,0.597730278969,0.0656396076083,0.111076005312,0.111076005312,0.0,0.0,0.0
824,2015-09-09 12:43:00,0.696629213483,0,0.632223963737,0.031245790422,0.0528833068374,0.0528833068374,0.0,0.0,0.0
825,2015-09-09 12:53:00,0.752808988764,0,0.663562655449,0.00109339808114,0.00186689693266,0.00186689693266,0.0,0.0,0.0
826,2015-09-09 12:58:00,0.640449438202,0,0.679784834385,0.00533252721652,0.00903930127011,0.00903930127011,0.0,0.0,0.0
827,2015-09-09 13:03:00,0.797752808989,0,0.706944525242,0.00442159315571,0.00749804428071,0.00749804428071,0.0,0.0,0.0
828,2015-09-09 13:13:00,0.797752808989,0,0.714417397976,0.00694478861988,0.0117671706775,0.0117671706775,0.0,0.0,0.0
829,2015-09-09 13:18:00,0.629213483146,0,0.748696744442,0.00240649632178,0.00408859653555,0.00408859653555,0.0,0.0,0.0
830,2015-09-09 13:23:00,0.865168539326,0,0.780687749386,0.0229444447905,0.0388378259114,0.0388378259114,0.0,0.0,0.0
831,2015-09-09 13:38:00,0.775280898876,0,0.776465117931,0.00786829181015,0.0133296940346,0.0133296940346,0.0,0.0,0.0
832,2015-09-09 13:48:00,0.61797752809,0,0.81439769268,0.00153012399096,0.00260581634508,0.00260581634508,0.0,0.0,0.0
833,2015-09-09 13:53:00,0.797752808989,0,0.829310834408,0.0446617789567,0.0755825196436,0.0755825196436,0.0,0.0,0.0
834,2015-09-09 14:08:00,0.662921348315,0,0.806544542313,7.72947751102e-05,0.000147698595763,0.000147698595763,0.0,0.0,0.0
835,2015-09-09 14:13:00,0.61797752809,0,0.815672576427,0.0233329311013,0.0394951262228,0.0394951262228,0.0,0.0,0.0
836,2015-09-09 14:18:00,0.786516853933,0,0.793010950089,0.0306367091835,0.0518527704282,0.0518527704282,0.0,0.0,0.0
837,2015-09-09 14:23:00,0.539325842697,0,0.759626805782,0.000723074248526,0.00124032666824,0.00124032666824,0.0,0.0,0.0
838,2015-09-09 14:33:00,0.831460674157,0,0.75737953186,0.0475474148989,0.0804648780449,0.0804648780449,0.0,0.0,0.0
839,2015-09-09 14:43:00,0.820224719101,0,0.709125578403,0.014965871349,0.0253384601381,0.0253384601381,0.0,0.0,0.0
840,2015-09-09 15:03:00,0.573033707865,0,0.71499812603,0.0110726319253,0.0187512846979,0.0187512846979,0.0,0.0,0.0
841,2015-09-09 15:08:00,0.651685393258,0,0.718088209629,0.0210408139974,0.0356169733916,0.0356169733916,0.0,0.0,0.0
842,2015-09-09 15:13:00,0.651685393258,0,0.681077599525,0.000863900408149,0.00147859781447,0.00147859781447,0.0,0.0,0.0
843,2015-09-09 15:18:00,0.741573033708,0,0.662056744099,0.000107564432255,0.000198913412124,0.000198913412124,0.0,0.0,0.0
844,2015-09-09 15:23:00,0.651685393258,0,0.646081864834,0.00911856349558,0.0154450941022,0.0154450941022,0.0,0.0,0.0
845,2015-09-09 15:28:00,0.674157303371,0,0.646548509598,2.63878137048e-05,6.15664447645e-05,6.15664447645e-05,0.0,0.0,0.0
846,2015-09-09 15:33:00,0.719101123596,0,0.634993731976,0.00153378676623,0.00261201358616,0.00261201358616,0.0,0.0,0.0
847,2015-09-09 15:43:00,0.786516853933,0,0.629936218262,0.00795038137585,0.013468585665,0.013468585665,0.0,0.0,0.0
848,2015-09-09 15:48:00,0.685393258427,0,0.633901655674,0.0232913959771,0.0394248507734,0.0394248507734,0.0,0.0,0.0
849,2015-09-09 15:53:00,0.651685393258,0,0.649675786495,0.00127573893405,0.00217540896015,0.00217540896015,0.0,0.0,0.0
850,2015-09-09 15:58:00,0.61797752809,0,0.651649355888,1.30038202428e-09,1.69217225675e-05,1.69217225675e-05,0.0,0.0,0.0
851,2015-09-09 16:03:00,0.876404494382,0,0.650834321976,0.00107957073487,0.00184350172219,0.00184350172219,0.0,0.0,0.0
852,2015-09-09 16:08:00,0.741573033708,0,0.646686792374,0.0527702346444,0.0893016399836,0.0893016399836,0.0,0.0,0.0
853,2015-09-09 16:13:00,0.76404494382,0,0.683802962303,0.00333738140762,0.00566360970785,0.00566360970785,0.0,0.0,0.0
854,2015-09-09 16:23:00,0.808988764045,0,0.698946177959,0.00423784879968,0.00718715759287,0.00718715759287,0.0,0.0,0.0
855,2015-09-09 16:28:00,0.786516853933,0,0.718321502209,0.00822054967284,0.0139256975394,0.0139256975394,0.0,0.0,0.0
856,2015-09-09 16:38:00,0.674157303371,0,0.74537986517,0.00169225118589,0.00288012782722,0.00288012782722,0.0,0.0,0.0
857,2015-09-09 16:43:00,0.831460674157,0,0.767919182777,0.00879128649831,0.0148913570303,0.0148913570303,0.0,0.0,0.0
858,2015-09-09 16:48:00,0.651685393258,0,0.768521845341,0.00396129395813,0.00671923998958,0.00671923998958,0.0,0.0,0.0
859,2015-09-09 16:53:00,0.61797752809,0,0.796228766441,0.0208927802742,0.0353665073915,0.0353665073915,0.0,0.0,0.0
860,2015-09-09 16:58:00,0.662921348315,0,0.786534249783,0.0284113772213,0.0480876148721,0.0480876148721,0.0,0.0,0.0
861,2015-09-09 17:08:00,0.629213483146,0,0.767845094204,0.0110089881346,0.018643602439,0.018643602439,0.0,0.0,0.0
862,2015-09-09 17:13:00,0.741573033708,0,0.755286335945,0.015894357115,0.0269094137758,0.0269094137758,0.0,0.0,0.0
863,2015-09-09 17:18:00,0.674157303371,0,0.734488606453,5.01891372551e-05,0.000101837149151,0.000101837149151,0.0,0.0,0.0
864,2015-09-09 17:23:00,0.752808988764,0,0.732323825359,0.00338334217668,0.00574137313728,0.00574137313728,0.0,0.0,0.0
865,2015-09-09 17:33:00,0.696629213483,0,0.716693282127,0.0013043442741,0.00222380783136,0.00222380783136,0.0,0.0,0.0
866,2015-09-09 17:48:00,0.606741573034,0,0.714529514313,0.000320420309436,0.00055905540544,0.00055905540544,0.0,0.0,0.0
867,2015-09-09 17:58:00,0.606741573034,0,0.702847421169,0.00923633854836,0.0156443638749,0.0156443638749,0.0,0.0,0.0
868,2015-09-09 18:03:00,0.662921348315,0,0.678126871586,0.00509586464614,0.0086388794872,0.0086388794872,0.0,0.0,0.0
869,2015-09-09 18:08:00,0.674157303371,0,0.656530022621,4.08493106079e-05,8.60346078709e-05,8.60346078709e-05,0.0,0.0,0.0
870,2015-09-09 18:18:00,0.707865168539,0,0.646029949188,0.000791149097495,0.00135550606627,0.00135550606627,0.0,0.0,0.0
871,2015-09-09 18:23:00,0.898876404494,0,0.638500154018,0.0048115067184,0.0081577594342,0.0081577594342,0.0,0.0,0.0
872,2015-09-09 18:28:00,0.651685393258,0,0.637382507324,0.0683790743351,0.115711052371,0.115711052371,0.0,0.0,0.0
873,2015-09-09 18:43:00,0.651685393258,0,0.66572022438,0.000196975830477,0.000350193233979,0.000350193233979,0.0,0.0,0.0
874,2015-09-09 18:48:00,0.775280898876,0,0.657701432705,3.61924503522e-05,7.81554223991e-05,7.81554223991e-05,0.0,0.0,0.0
875,2015-09-09 18:53:00,0.685393258427,0,0.653111755848,0.014925298281,0.025269812442,0.025269812442,0.0,0.0,0.0
876,2015-09-09 19:03:00,0.662921348315,0,0.669494926929,0.000252757425187,0.000444573032063,0.000444573032063,0.0,0.0,0.0
877,2015-09-09 19:18:00,0.808988764045,0,0.672569215298,9.30809401325e-05,0.000174408034155,0.000174408034155,0.0,0.0,0.0
878,2015-09-09 19:33:00,0.651685393258,0,0.673479199409,0.0183628387749,0.031085967025,0.031085967025,0.0,0.0,0.0
879,2015-09-09 19:38:00,0.730337078652,0,0.698254704475,0.00216869846918,0.00368625390927,0.00368625390927,0.0,0.0,0.0
880,2015-09-09 19:43:00,0.640449438202,0,0.69698125124,0.00111261149868,0.00189940511888,0.00189940511888,0.0,0.0,0.0
881,2015-09-09 19:48:00,0.76404494382,0,0.709097802639,0.00471259420738,0.00799040418259,0.00799040418259,0.0,0.0,0.0
882,2015-09-09 19:58:00,0.685393258427,0,0.705387353897,0.00344071257859,0.00583844112139,0.00583844112139,0.0,0.0,0.0
883,2015-09-09 20:03:00,0.651685393258,0,0.721879839897,0.00133126950823,0.00226936404346,0.00226936404346,0.0,0.0,0.0
884,2015-09-09 20:08:00,0.707865168539,0,0.723173320293,0.00511052040383,0.00866367633031,0.00866367633031,0.0,0.0,0.0
885,2015-09-09 20:13:00,0.539325842697,0,0.717819571495,9.90899352473e-05,0.000184574967326,0.000184574967326,0.0,0.0,0.0
886,2015-09-09 20:18:00,0.539325842697,0,0.721110165119,0.0330455414951,0.0559283998248,0.0559283998248,0.0,0.0,0.0
887,2015-09-09 20:33:00,0.707865168539,0,0.694681704044,0.0241354461759,0.0408529434579,0.0408529434579,0.0,0.0,0.0
888,2015-09-09 20:38:00,0.685393258427,0,0.669789016247,0.00144979415927,0.00246990210071,0.00246990210071,0.0,0.0,0.0
889,2015-09-09 20:48:00,0.707865168539,0,0.672228932381,0.000173299878952,0.000310134653081,0.000310134653081,0.0,0.0,0.0
890,2015-09-09 20:58:00,0.831460674157,0,0.668848454952,0.00152230472304,0.00259258651665,0.00259258651665,0.0,0.0,0.0
891,2015-09-09 21:03:00,0.696629213483,0,0.668438196182,0.0265763215721,0.0449827882254,0.0449827882254,0.0,0.0,0.0
892,2015-09-09 21:08:00,0.494382022472,0,0.687068283558,9.1411624453e-05,0.000171583631633,0.000171583631633,0.0,0.0,0.0
893,2015-09-09 21:13:00,0.640449438202,0,0.684350907803,0.0360881760716,0.0610763924283,0.0610763924283,0.0,0.0,0.0
894,2015-09-09 21:18:00,0.651685393258,0,0.652224123478,0.000138642601087,0.000251496191702,0.000251496191702,0.0,0.0,0.0
895,2015-09-09 21:23:00,0.584269662921,0,0.646406173706,2.7870406484e-05,6.40749210436e-05,6.40749210436e-05,0.0,0.0,0.0
896,2015-09-09 21:33:00,0.460674157303,0,0.6425152421,0.00339254993014,0.00575695221703,0.00575695221703,0.0,0.0,0.0
897,2015-09-09 21:38:00,0.674157303371,0,0.629023373127,0.0283414553851,0.0479693104597,0.0479693104597,0.0,0.0,0.0
898,2015-09-09 21:43:00,0.415730337079,0,0.599627673626,0.00555466860533,0.00941515390628,0.00941515390628,0.0,0.0,0.0
899,2015-09-09 21:48:00,0.674157303371,0,0.603611528873,0.0352993458509,0.0597417293134,0.0597417293134,0.0,0.0,0.0
900,2015-09-09 22:03:00,0.595505617978,0,0.570812642574,0.010680122301,0.0180871771318,0.0180871771318,0.0,0.0,0.0
901,2015-09-09 22:08:00,0.662921348315,0,0.57670044899,0.000353633513441,0.000615250562714,0.000615250562714,0.0,0.0,0.0
902,2015-09-09 22:13:00,0.505617977528,0,0.570490598679,0.00854344759136,0.0144720254189,0.0144720254189,0.0,0.0,0.0
903,2015-09-09 22:23:00,0.483146067416,0,0.574135959148,0.00469471421093,0.00796015208127,0.00796015208127,0.0,0.0,0.0
904,2015-09-09 22:28:00,0.539325842697,0,0.557756483555,0.00556671340019,0.00943553312477,0.00943553312477,0.0,0.0,0.0
905,2015-09-09 22:33:00,0.561797752809,0,0.541960537434,6.94166556059e-06,2.86644894709e-05,2.86644894709e-05,0.0,0.0,0.0
906,2015-09-09 22:38:00,0.584269662921,0,0.535780966282,0.000676872441545,0.00116215541414,0.00116215541414,0.0,0.0,0.0
907,2015-09-09 22:41:00,0.539325842697,0,0.533113658428,0.00261693471111,0.00444464825471,0.00444464825471,0.0,0.0,0.0
908,2015-09-09 22:46:00,0.629213483146,0,0.533619105816,3.25667388097e-05,7.20208913755e-05,7.20208913755e-05,0.0,0.0,0.0
909,2015-09-10 00:08:00,0.707865168539,0,0.529041707516,0.0100343907252,0.0169946300998,0.0169946300998,0.0,0.0,0.0
910,2015-09-10 00:23:00,0.685393258427,0,0.536689281464,0.0293011870235,0.0495931306233,0.0495931306233,0.0,0.0,0.0
911,2015-09-10 00:38:00,0.539325842697,0,0.553782701492,0.0173213426024,0.0293238051689,0.0293238051689,0.0,0.0,0.0
912,2015-09-10 00:53:00,0.539325842697,0,0.568060576916,0.000825685507152,0.00141394002441,0.00141394002441,0.0,0.0,0.0
913,2015-09-10 00:58:00,0.438202247191,0,0.564630389214,0.000640320533421,0.00110031132872,0.00110031132872,0.0,0.0,0.0
914,2015-09-10 01:03:00,0.415730337079,0,0.56367456913,0.0157433003187,0.0266538328802,0.0266538328802,0.0,0.0,0.0
915,2015-09-10 01:08:00,0.415730337079,0,0.55098938942,0.0182950142771,0.0309712112092,0.0309712112092,0.0,0.0,0.0
916,2015-09-10 01:13:00,0.483146067416,0,0.537434339523,0.0148118669167,0.0250778919831,0.0250778919831,0.0,0.0,0.0
917,2015-09-10 01:38:00,0.595505617978,0,0.525100946426,0.00176021154039,0.00299511350607,0.00299511350607,0.0,0.0,0.0
918,2015-09-10 01:58:00,0.629213483146,0,0.521407365799,0.00549054751173,0.00930666407377,0.00930666407377,0.0,0.0,0.0
919,2015-09-10 02:08:00,0.640449438202,0,0.530039489269,0.00983548723161,0.0166580948742,0.0166580948742,0.0,0.0,0.0
920,2015-09-10 02:18:00,0.550561797753,0,0.540078580379,0.0100743146613,0.0170621794958,0.0170621794958,0.0,0.0,0.0
921,2015-09-10 02:23:00,0.595505617978,0,0.54995983839,3.62340557558e-07,1.75325853269e-05,1.75325853269e-05,0.0,0.0,0.0
922,2015-09-10 02:28:00,0.561797752809,0,0.548157155514,0.00224187481217,0.00381006479192,0.00381006479192,0.0,0.0,0.0
923,2015-09-10 05:28:00,0.786516853933,0,0.553358972073,7.12127730367e-05,0.000137408138299,0.000137408138299,0.0,0.0,0.0
924,2015-09-10 05:33:00,0.730337078652,0,0.554519176483,0.0538229197264,0.0910827329408,0.0910827329408,0.0,0.0,0.0
925,2015-09-10 05:38:00,0.707865168539,0,0.585015058517,0.0211184900254,0.0357483975267,0.0357483975267,0.0,0.0,0.0
926,2015-09-10 05:45:00,0.651685393258,0,0.606777846813,0.01021864824,0.0173063850278,0.0173063850278,0.0,0.0,0.0
927,2015-09-10 08:00:00,0.730337078652,0,0.625876367092,0.000666107051075,0.00114394088685,0.00114394088685,0.0,0.0,0.0
928,2015-09-10 08:13:00,0.640449438202,0,0.637720942497,0.00857774913311,0.0145300619917,0.0145300619917,0.0,0.0,0.0
929,2015-09-10 08:18:00,0.797752808989,0,0.661871671677,0.000458910973975,0.000793375005366,0.000793375005366,0.0,0.0,0.0
930,2015-09-10 08:23:00,0.76404494382,0,0.671541392803,0.0159293189645,0.0269685675578,0.0269685675578,0.0,0.0,0.0
931,2015-09-10 08:28:00,0.786516853933,0,0.705506503582,0.00342674856074,0.00581481466911,0.00581481466911,0.0,0.0,0.0
932,2015-09-10 08:33:00,0.808988764045,0,0.731787085533,0.00299534667283,0.00508490324787,0.00508490324787,0.0,0.0,0.0
933,2015-09-10 08:43:00,0.842696629213,0,0.760193407536,0.00238098553382,0.0040454334989,0.0040454334989,0.0,0.0,0.0
934,2015-09-10 08:48:00,0.606741573034,0,0.790390253067,0.00273595470935,0.00464602441579,0.00464602441579,0.0,0.0,0.0
935,2015-09-10 08:53:00,0.831460674157,0,0.82409787178,0.0472437702119,0.0799511257151,0.0799511257151,0.0,0.0,0.0
936,2015-09-10 08:58:00,0.426966292135,0,0.80810970068,0.000545267073903,0.000939485408212,0.000939485408212,0.0,0.0,0.0
937,2015-09-10 09:03:00,0.76404494382,0,0.831931471825,0.16399680078,0.277491685607,0.277491685607,0.0,0.0,0.0
938,2015-09-10 09:08:00,0.752808988764,0,0.773132145405,8.25772949611e-05,0.000156636367433,0.000156636367433,0.0,0.0,0.0
939,2015-09-10 09:13:00,0.696629213483,0,0.777145504951,0.000592266034801,0.00101900540872,0.00101900540872,0.0,0.0,0.0
940,2015-09-10 09:18:00,0.730337078652,0,0.773533344269,0.00591424340382,0.0100235373176,0.0100235373176,0.0,0.0,0.0
941,2015-09-10 09:28:00,0.573033707865,0,0.757123291492,0.000717500923201,0.00123089686757,0.00123089686757,0.0,0.0,0.0
942,2015-09-10 09:33:00,0.741573033708,0,0.746031165123,0.0299281254411,0.0506538805278,0.0506538805278,0.0,0.0,0.0
943,2015-09-10 09:38:00,0.662921348315,0,0.708998739719,0.00106108479667,0.00181222439634,0.00181222439634,0.0,0.0,0.0
944,2015-09-10 09:43:00,0.651685393258,0,0.702310025692,0.0015514662955,0.00264192650656,0.00264192650656,0.0,0.0,0.0
945,2015-09-10 09:48:00,0.741573033708,0,0.68316423893,0.000990916276351,0.00169350260621,0.00169350260621,0.0,0.0,0.0
946,2015-09-10 09:52:00,0.685393258427,0,0.664815962315,0.00589164812118,0.00998530717689,0.00998530717689,0.0,0.0,0.0
947,2015-09-10 09:57:00,0.640449438202,0,0.662025332451,0.000546060677152,0.000940828147063,0.000940828147063,0.0,0.0,0.0
948,2015-09-10 10:02:00,0.606741573034,0,0.65214407444,0.000136763905175,0.000248317527812,0.000248317527812,0.0,0.0,0.0
949,2015-09-10 10:07:00,0.640449438202,0,0.638666510582,0.00101920322049,0.00174136276673,0.00174136276673,0.0,0.0,0.0
950,2015-09-10 10:17:00,0.876404494382,0,0.62378770113,0.000277614366496,0.000486629791356,0.000486629791356,0.0,0.0,0.0
951,2015-09-10 10:22:00,0.876404494382,0,0.616536915302,0.0675311759114,0.114276448674,0.114276448674,0.0,0.0,0.0
952,2015-09-10 10:27:00,0.550561797753,0,0.642621994019,0.0546542704105,0.0924893386522,0.0924893386522,0.0,0.0,0.0
953,2015-09-10 10:37:00,0.662921348315,0,0.668548464775,0.0139208566397,0.0235703450858,0.0235703450858,0.0,0.0,0.0
954,2015-09-10 10:42:00,0.730337078652,0,0.649712145329,0.000174483589944,0.00031213743563,0.00031213743563,0.0,0.0,0.0
955,2015-09-10 10:47:00,0.730337078652,0,0.651524841785,0.0062113692984,0.0105262601616,0.0105262601616,0.0,0.0,0.0
956,2015-09-10 10:52:00,0.76404494382,0,0.664095818996,0.00438790488988,0.00744104534148,0.00744104534148,0.0,0.0,0.0
957,2015-09-10 10:57:00,0.505617977528,0,0.67656069994,0.00765349250287,0.0129662638502,0.0129662638502,0.0,0.0,0.0
958,2015-09-10 11:02:00,0.685393258427,0,0.694230079651,0.0355745255947,0.0602073203168,0.0602073203168,0.0,0.0,0.0
959,2015-09-10 11:07:00,0.865168539326,0,0.672745883465,0.000159956485732,0.000287558268084,0.000287558268084,0.0,0.0,0.0
960,2015-09-10 11:12:00,0.786516853933,0,0.680592238903,0.0340684019029,0.0576590308557,0.0576590308557,0.0,0.0,0.0
961,2015-09-10 11:22:00,0.786516853933,0,0.713934600353,0.00526818213984,0.00893043246892,0.00893043246892,0.0,0.0,0.0
962,2015-09-10 11:32:00,0.842696629213,0,0.732243418694,0.00294560473412,0.00500074225972,0.00500074225972,0.0,0.0,0.0
963,2015-09-10 11:42:00,0.629213483146,0,0.749893426895,0.00861243065447,0.014588741472,0.014588741472,0.0,0.0,0.0
964,2015-09-10 11:47:00,0.651685393258,0,0.776334881783,0.0216446965933,0.0366387139453,0.0366387139453,0.0,0.0,0.0
965,2015-09-10 11:57:00,0.662921348315,0,0.764953017235,0.0128295496106,0.0217239056358,0.0217239056358,0.0,0.0,0.0
966,2015-09-10 12:02:00,0.662921348315,0,0.757274627686,0.00890253763646,0.0150795886506,0.0150795886506,0.0,0.0,0.0
967,2015-09-10 12:12:00,0.685393258427,0,0.750102818012,0.00760060502216,0.012876780755,0.012876780755,0.0,0.0,0.0
968,2015-09-10 12:17:00,0.685393258427,0,0.74117565155,0.00311167375185,0.00528172311805,0.00528172311805,0.0,0.0,0.0
969,2015-09-10 12:22:00,0.640449438202,0,0.734352588654,0.00239701452665,0.00407255379037,0.00407255379037,0.0,0.0,0.0
970,2015-09-10 12:57:00,0.752808988764,0,0.726018369198,0.00732203759253,0.0124054579486,0.0124054579486,0.0,0.0,0.0
971,2015-09-10 13:02:00,0.786516853933,0,0.709843695164,0.00184601638466,0.00314029121064,0.00314029121064,0.0,0.0,0.0
972,2015-09-10 13:07:00,0.685393258427,0,0.711378693581,0.00564574170858,0.00956924525379,0.00956924525379,0.0,0.0,0.0
973,2015-09-10 13:12:00,0.842696629213,0,0.716619729996,0.000975091592409,0.00166672799564,0.00166672799564,0.0,0.0,0.0
974,2015-09-10 13:17:00,0.752808988764,0,0.705854654312,0.0187257193029,0.031699943573,0.031699943573,0.0,0.0,0.0
975,2015-09-10 13:22:00,0.707865168539,0,0.720909178257,0.00101759785321,0.00173864656183,0.00173864656183,0.0,0.0,0.0
976,2015-09-10 13:27:00,0.651685393258,0,0.721612453461,0.000188987571164,0.000336677480174,0.000336677480174,0.0,0.0,0.0
977,2015-09-10 13:42:00,0.730337078652,0,0.717030405998,0.00426996778697,0.00724150138765,0.00724150138765,0.0,0.0,0.0
978,2015-09-10 13:47:00,0.730337078652,0,0.705661475658,0.00060888560256,0.0010471249248,0.0010471249248,0.0,0.0,0.0
979,2015-09-10 13:57:00,0.76404494382,0,0.708031535149,0.000497537490446,0.000858729229177,0.000858729229177,0.0,0.0,0.0
980,2015-09-10 14:02:00,0.831460674157,0,0.710244119167,0.00289452844299,0.0049143236109,0.0049143236109,0.0,0.0,0.0
981,2015-09-10 14:12:00,0.61797752809,0,0.717731654644,0.012934285216,0.0219011132854,0.0219011132854,0.0,0.0,0.0
982,2015-09-10 14:37:00,0.606741573034,0,0.735615730286,0.0138387531042,0.0234314298191,0.0234314298191,0.0,0.0,0.0
983,2015-09-10 14:42:00,0.730337078652,0,0.719403862953,0.0126927969977,0.0214925267364,0.0214925267364,0.0,0.0,0.0
984,2015-09-10 14:47:00,0.685393258427,0,0.704013109207,0.000692951609381,0.00118936059932,0.00118936059932,0.0,0.0,0.0
985,2015-09-10 14:57:00,0.674157303371,0,0.708671629429,0.00054188183276,0.000933757741636,0.000933757741636,0.0,0.0,0.0
986,2015-09-10 15:02:00,0.741573033708,0,0.704912781715,0.000945898354985,0.00161733443012,0.00161733443012,0.0,0.0,0.0
987,2015-09-10 15:07:00,0.719101123596,0,0.69936811924,0.00178125500679,0.00303071804769,0.00303071804769,0.0,0.0,0.0
988,2015-09-10 15:12:00,0.842696629213,0,0.704082608223,0.000225556024816,0.000398549559841,0.000398549559841,0.0,0.0,0.0
989,2015-09-10 15:17:00,0.786516853933,0,0.7045545578,0.0190832260996,0.0323048280239,0.0323048280239,0.0,0.0,0.0
990,2015-09-10 15:22:00,0.741573033708,0,0.724017381668,0.00390618294477,0.00662599478317,0.00662599478317,0.0,0.0,0.0
991,2015-09-10 15:27:00,0.786516853933,0,0.73377519846,6.08062655374e-05,0.000119800823885,0.000119800823885,0.0,0.0,0.0
992,2015-09-10 15:32:00,0.808988764045,0,0.737171828747,0.00243493076414,0.00413670625601,0.00413670625601,0.0,0.0,0.0
993,2015-09-10 15:37:00,0.797752808989,0,0.748645782471,0.00364127382636,0.00617778118805,0.00617778118805,0.0,0.0,0.0
994,2015-09-10 15:42:00,0.696629213483,0,0.763655364513,0.00116263492964,0.0019840423785,0.0019840423785,0.0,0.0,0.0
995,2015-09-10 15:47:00,0.730337078652,0,0.776396811008,0.00636286754161,0.0107825879643,0.0107825879643,0.0,0.0,0.0
996,2015-09-10 15:52:00,0.584269662921,0,0.771554708481,0.00169889268,0.00289136491853,0.00289136491853,0.0,0.0,0.0
997,2015-09-10 15:57:00,0.786516853933,0,0.772410988808,0.0353971645236,0.0599072338427,0.0599072338427,0.0,0.0,0.0
998,2015-09-10 16:02:00,0.61797752809,0,0.747592389584,0.00151511328295,0.00258041894297,0.00258041894297,0.0,0.0,0.0
999,2015-09-10 16:12:00,0.786516853933,0,0.756843328476,0.0192837174982,0.032644049909,0.032644049909,0.0,0.0,0.0
1000,2015-09-10 16:17:00,0.640449438202,0,0.735318362713,0.00262128468603,0.00445200820483,0.00445200820483,0.0,0.0,0.0
1001,2015-09-10 16:27:00,0.730337078652,0,0.741660714149,0.0102437166497,0.0173487995816,0.0173487995816,0.0,0.0,0.0
1002,2015-09-10 16:32:00,0.685393258427,0,0.722465753555,6.1957834987e-05,0.000121749224477,0.000121749224477,0.0,0.0,0.0
1003,2015-09-10 16:37:00,0.640449438202,0,0.718744754791,0.00111232127529,0.00189891407473,0.00189891407473,0.0,0.0,0.0
1004,2015-09-10 16:42:00,0.775280898876,0,0.707663297653,0.00451769959182,0.00766065178738,0.00766065178738,0.0,0.0,0.0
1005,2015-09-10 16:47:00,0.797752808989,0,0.690905213356,0.00711925514042,0.0120623597102,0.0120623597102,0.0,0.0,0.0
1006,2015-09-10 16:57:00,0.719101123596,0,0.695797979832,0.0103947846219,0.0176043993862,0.0176043993862,0.0,0.0,0.0
1007,2015-09-10 17:02:00,0.752808988764,0,0.703304111958,0.000249545817496,0.000439139145008,0.000439139145008,0.0,0.0,0.0
1008,2015-09-10 17:17:00,0.719101123596,0,0.699542045593,0.00283736712299,0.00481760938342,0.00481760938342,0.0,0.0,0.0
1009,2015-09-10 17:22:00,0.505617977528,0,0.70287746191,0.000263207446551,0.00046225396986,0.00046225396986,0.0,0.0,0.0
1010,2015-09-10 17:27:00,0.651685393258,0,0.702386498451,0.0387178510427,0.065525677073,0.065525677073,0.0,0.0,0.0
1011,2015-09-10 17:37:00,0.887640449438,0,0.672044694424,0.000414500187617,0.000718234072751,0.000718234072751,0.0,0.0,0.0
1012,2015-09-10 17:42:00,0.61797752809,0,0.666977584362,0.0486921109259,0.0824016491333,0.0824016491333,0.0,0.0,0.0
1013,2015-09-10 17:47:00,0.662921348315,0,0.69557005167,0.00602060416713,0.0102034946569,0.0102034946569,0.0,0.0,0.0
1014,2015-09-10 17:52:00,0.76404494382,0,0.681847453117,0.000358196644811,0.000622971163381,0.000622971163381,0.0,0.0,0.0
1015,2015-09-10 18:02:00,0.741573033708,0,0.677407741547,0.007506004069,0.0127167204537,0.0127167204537,0.0,0.0,0.0
1016,2015-09-10 18:07:00,0.741573033708,0,0.688344955444,0.0028332285583,0.00481060712933,0.00481060712933,0.0,0.0,0.0
1017,2015-09-10 18:12:00,0.61797752809,0,0.695260345936,0.002144865226,0.0036459291984,0.0036459291984,0.0,0.0,0.0
1018,2015-09-10 18:17:00,0.752808988764,0,0.702510654926,0.00714585417882,0.0121073640146,0.0121073640146,0.0,0.0,0.0
1019,2015-09-10 18:22:00,0.752808988764,0,0.691837310791,0.00371754541993,0.00630682908706,0.00630682908706,0.0,0.0,0.0
1020,2015-09-10 18:27:00,0.640449438202,0,0.702805459499,0.00250035291538,0.00424739741599,0.00424739741599,0.0,0.0,0.0
1021,2015-09-10 18:32:00,0.797752808989,0,0.712644159794,0.00521207414567,0.00883550041851,0.00883550041851,0.0,0.0,0.0
1022,2015-09-10 18:42:00,0.685393258427,0,0.704974889755,0.00860774051398,0.0145808059779,0.0145808059779,0.0,0.0,0.0
1023,2015-09-10 18:47:00,0.651685393258,0,0.722053766251,0.00134399172384,0.00229088942557,0.00229088942557,0.0,0.0,0.0
1024,2015-09-10 18:52:00,0.629213483146,0,0.720104813576,0.00468121375889,0.00793730996024,0.00793730996024,0.0,0.0,0.0
1025,2015-09-10 19:02:00,0.584269662921,0,0.713334918022,0.00707641104236,0.0119898695394,0.0119898695394,0.0,0.0,0.0
1026,2015-09-10 19:07:00,0.662921348315,0,0.703427731991,0.014198650606,0.0240403592289,0.0240403592289,0.0,0.0,0.0
1027,2015-09-10 19:17:00,0.719101123596,0,0.686989843845,0.000579291488975,0.000997053095926,0.000997053095926,0.0,0.0,0.0
1028,2015-09-10 19:27:00,0.539325842697,0,0.682655513287,0.00132828298956,0.0022643109963,0.0022643109963,0.0,0.0,0.0
1029,2015-09-10 19:37:00,0.561797752809,0,0.68517935276,0.0212732497603,0.0360102436178,0.0360102436178,0.0,0.0,0.0
1030,2015-09-10 19:47:00,0.786516853933,0,0.660656392574,0.00977303367108,0.0165524264281,0.0165524264281,0.0,0.0,0.0
1031,2015-09-10 19:52:00,0.741573033708,0,0.642171800137,0.0208354927599,0.0352695796494,0.0352695796494,0.0,0.0,0.0
1032,2015-09-10 20:02:00,0.696629213483,0,0.655432581902,0.00742017757148,0.0125715061128,0.0125715061128,0.0,0.0,0.0
1033,2015-09-10 20:12:00,0.797752808989,0,0.659750044346,0.00136007403489,0.00231809992892,0.00231809992892,0.0,0.0,0.0
1034,2015-09-10 20:28:00,0.685393258427,0,0.658296406269,0.0194480847567,0.032922151472,0.032922151472,0.0,0.0,0.0
1035,2015-09-10 20:32:00,0.662921348315,0,0.672432303429,0.000167986756423,0.000301145103139,0.000301145103139,0.0,0.0,0.0
1036,2015-09-10 20:43:00,0.685393258427,0,0.67132717371,7.06575519871e-05,0.000136468730761,0.000136468730761,0.0,0.0,0.0
1037,2015-09-10 20:47:00,0.651685393258,0,0.669301986694,0.00025892953272,0.000455015943667,0.000455015943667,0.0,0.0,0.0
1038,2015-09-10 20:57:00,0.719101123596,0,0.672030389309,0.000413917907281,0.000717248882191,0.000717248882191,0.0,0.0,0.0
1039,2015-09-10 21:07:00,0.831460674157,0,0.67053347826,0.00235881679691,0.00400792505326,0.00400792505326,0.0,0.0,0.0
1040,2015-09-10 21:12:00,0.685393258427,0,0.679232597351,0.0231733806431,0.0392251744563,0.0392251744563,0.0,0.0,0.0
1041,2015-09-10 21:17:00,0.662921348315,0,0.703663170338,0.000333789124852,0.000581674803579,0.000581674803579,0.0,0.0,0.0
1042,2015-09-10 21:32:00,0.707865168539,0,0.705145120621,0.00178284524009,0.00303340864659,0.00303340864659,0.0,0.0,0.0
1043,2015-09-10 21:37:00,0.808988764045,0,0.704255461693,1.30300559249e-05,3.89657556184e-05,3.89657556184e-05,0.0,0.0,0.0
1044,2015-09-10 21:42:00,0.775280898876,0,0.710407078266,0.0097183464095,0.0164598981895,0.0164598981895,0.0,0.0,0.0
1045,2015-09-10 21:47:00,0.662921348315,0,0.731048107147,0.00195653922856,0.0033272905918,0.0033272905918,0.0,0.0,0.0
1046,2015-09-10 22:12:00,0.685393258427,0,0.744556963444,0.00666437018663,0.0112927160613,0.0112927160613,0.0,0.0,0.0
1047,2015-09-10 22:27:00,0.808988764045,0,0.739434361458,0.002920439234,0.00495816343363,0.00495816343363,0.0,0.0,0.0
1048,2015-09-10 22:32:00,0.786516853933,0,0.738053739071,0.00503177568316,0.00853044401819,0.00853044401819,0.0,0.0,0.0
1049,2015-09-10 22:37:00,0.651685393258,0,0.755317807198,0.00097337999614,0.00166383205638,0.00166383205638,0.0,0.0,0.0
1050,2015-09-10 22:47:00,0.730337078652,0,0.76634144783,0.0131460055709,0.0222593340291,0.0222593340291,0.0,0.0,0.0
1051,2015-09-10 22:57:00,0.831460674157,0,0.753944516182,0.00055731087923,0.00095986295247,0.00095986295247,0.0,0.0,0.0
1052,2015-09-10 23:02:00,0.719101123596,0,0.754585206509,0.00590983452275,0.0100160777011,0.0100160777011,0.0,0.0,0.0
1053,2015-09-10 23:07:00,0.584269662921,0,0.770096838474,0.00260056229308,0.00441694690419,0.00441694690419,0.0,0.0,0.0
1054,2015-09-10 23:37:00,0.651685393258,0,0.764880895615,0.0326204262674,0.0552091251329,0.0552091251329,0.0,0.0,0.0
1055,2015-09-10 23:42:00,0.573033707865,0,0.737979531288,0.00744667416438,0.0126163370844,0.0126163370844,0.0,0.0,0.0
1056,2015-09-10 23:57:00,0.505617977528,0,0.723634600639,0.0226806346327,0.0383914717052,0.0383914717052,0.0,0.0,0.0
1057,2015-09-11 00:02:00,0.494382022472,0,0.69722956419,0.0367150008678,0.0621369500909,0.0621369500909,0.0,0.0,0.0
1058,2015-09-11 00:22:00,0.550561797753,0,0.663041710854,0.0284460894763,0.0481463463522,0.0481463463522,0.0,0.0,0.0
1059,2015-09-11 01:07:00,0.719101123596,0,0.630678057671,0.00641861697659,0.0108769133497,0.0108769133497,0.0,0.0,0.0
1060,2015-09-11 01:17:00,0.640449438202,0,0.608466386795,0.0122400466353,0.0207264947143,0.0207264947143,0.0,0.0,0.0
1061,2015-09-11 01:32:00,0.573033707865,0,0.60816937685,0.0010420040926,0.00177994075497,0.00177994075497,0.0,0.0,0.0
1062,2015-09-11 01:42:00,0.584269662921,0,0.596107780933,0.00053241365822,0.000917738041843,0.000917738041843,0.0,0.0,0.0
1063,2015-09-11 01:57:00,0.629213483146,0,0.57799333334,3.9392059989e-05,8.35690093186e-05,8.35690093186e-05,0.0,0.0,0.0
1064,2015-09-11 02:12:00,0.674157303371,0,0.564737439156,0.00415716413409,0.00705064298646,0.00705064298646,0.0,0.0,0.0
1065,2015-09-11 02:22:00,0.640449438202,0,0.55919522047,0.013216285035,0.0223782435309,0.0223782435309,0.0,0.0,0.0
1066,2015-09-11 02:32:00,0.561797752809,0,0.560610830784,0.00637420732528,0.0108017743375,0.0108017743375,0.0,0.0,0.0
1067,2015-09-11 02:57:00,0.685393258427,0,0.560085177422,2.93286393571e-06,2.18817882972e-05,2.18817882972e-05,0.0,0.0,0.0
1068,2015-09-11 03:12:00,0.730337078652,0,0.55347442627,0.0174025818706,0.0294612581365,0.0294612581365,0.0,0.0,0.0
1069,2015-09-11 03:27:00,0.719101123596,0,0.565196752548,0.027271328494,0.0461587067931,0.0461587067931,0.0,0.0,0.0
1070,2015-09-11 03:32:00,0.741573033708,0,0.584781825542,0.0180416759104,0.0305425747741,0.0305425747741,0.0,0.0,0.0
1071,2015-09-11 03:47:00,0.629213483146,0,0.607611238956,0.0179457627237,0.0303802942362,0.0303802942362,0.0,0.0,0.0
1072,2015-09-11 04:07:00,0.707865168539,0,0.639816880226,0.000112431422167,0.000207148126953,0.000207148126953,0.0,0.0,0.0
1073,2015-09-11 04:12:00,0.707865168539,0,0.660499632359,0.00224349508062,0.00381280620886,0.00381280620886,0.0,0.0,0.0
1074,2015-09-11 04:17:00,0.629213483146,0,0.699682116508,6.69625078444e-05,0.000130216892284,0.000130216892284,0.0,0.0,0.0
1075,2015-09-11 04:27:00,0.685393258427,0,0.743015170097,0.0129508171231,0.0219290844837,0.0219290844837,0.0,0.0,0.0
1076,2015-09-11 04:47:00,0.595505617978,0,0.740470051765,0.00303345150314,0.00514937480358,0.00514937480358,0.0,0.0,0.0
1077,2015-09-11 04:52:00,0.685393258427,0,0.736368834972,0.0198424514383,0.0335894010903,0.0335894010903,0.0,0.0,0.0
1078,2015-09-11 05:17:00,0.842696629213,0,0.708303034306,0.000524857139681,0.000904952772836,0.000904952772836,0.0,0.0,0.0
1079,2015-09-11 05:22:00,0.775280898876,0,0.6950725317,0.0217928681523,0.036889413157,0.036889413157,0.0,0.0,0.0
1080,2015-09-11 05:32:00,0.730337078652,0,0.711977243423,0.00400735205039,0.00679716808523,0.00679716808523,0.0,0.0,0.0
1081,2015-09-11 05:37:00,0.752808988764,0,0.720848023891,9.00422455743e-05,0.000169266707875,0.000169266707875,0.0,0.0,0.0
1082,2015-09-11 05:42:00,0.85393258427,0,0.723773002625,0.000843088433612,0.00144338494605,0.00144338494605,0.0,0.0,0.0
1083,2015-09-11 05:47:00,0.808988764045,0,0.731652379036,0.0149524426088,0.0253157393501,0.0253157393501,0.0,0.0,0.0
1084,2015-09-11 05:52:00,0.76404494382,0,0.759143233299,0.00248457561247,0.00422070297188,0.00422070297188,0.0,0.0,0.0
1085,2015-09-11 05:57:00,0.662921348315,0,0.781381845474,0.000300568266539,0.000525466695581,0.000525466695581,0.0,0.0,0.0
1086,2015-09-11 06:02:00,0.707865168539,0,0.794913113117,0.0174218211323,0.0294938100499,0.0294938100499,0.0,0.0,0.0
1087,2015-09-11 06:07:00,0.775280898876,0,0.782924771309,0.00563394231722,0.00954928124631,0.00954928124631,0.0,0.0,0.0
1088,2015-09-11 06:12:00,0.786516853933,0,0.773716151714,2.4484147616e-06,2.10621233974e-05,2.10621233974e-05,0.0,0.0,0.0
1089,2015-09-11 06:17:00,0.775280898876,0,0.774104714394,0.000154060995555,0.000277583379856,0.000277583379856,0.0,0.0,0.0
1090,2015-09-11 06:22:00,0.685393258427,0,0.775295853615,2.23824514478e-10,1.69199010836e-05,1.69199010836e-05,0.0,0.0,0.0
1091,2015-09-11 06:27:00,0.775280898876,0,0.77393758297,0.00784009508789,0.0132819865252,0.0132819865252,0.0,0.0,0.0
1092,2015-09-11 06:32:00,0.752808988764,0,0.75569576025,0.000383577425964,0.000665914234709,0.000665914234709,0.0,0.0,0.0
1093,2015-09-11 06:37:00,0.820224719101,0,0.753437280655,3.94751538124e-07,1.75874231604e-05,1.75874231604e-05,0.0,0.0,0.0
1094,2015-09-11 06:42:00,0.662921348315,0,0.74777764082,0.00524857686833,0.00889726128446,0.00889726128446,0.0,0.0,0.0
1095,2015-09-11 06:47:00,0.685393258427,0,0.754915893078,0.00846299249679,0.0143358992357,0.0143358992357,0.0,0.0,0.0
1096,2015-09-11 06:52:00,0.696629213483,0,0.73629617691,0.00259110564366,0.00440094670434,0.00440094670434,0.0,0.0,0.0
1097,2015-09-11 06:57:00,0.741573033708,0,0.722774207592,0.000683560036123,0.00117347050524,0.00117347050524,0.0,0.0,0.0
1098,2015-09-11 07:02:00,0.741573033708,0,0.712058901787,0.00087108410662,0.0014907522897,0.0014907522897,0.0,0.0,0.0
1099,2015-09-11 07:07:00,0.516853932584,0,0.709447145462,0.00103207281791,0.00176313751181,0.00176313751181,0.0,0.0,0.0
1100,2015-09-11 07:12:00,0.640449438202,0,0.707785844803,0.0364549979568,0.0616970375646,0.0616970375646,0.0,0.0,0.0
1101,2015-09-11 07:17:00,0.685393258427,0,0.673714518547,0.00110656383913,0.00188917276732,0.00188917276732,0.0,0.0,0.0
1102,2015-09-11 07:22:00,0.662921348315,0,0.661071717739,0.000591538089793,0.00101777376048,0.00101777376048,0.0,0.0,0.0
1103,2015-09-11 07:27:00,0.730337078652,0,0.655560731888,5.41789813724e-05,0.000108587775126,0.000108587775126,0.0,0.0,0.0
1104,2015-09-11 07:32:00,0.696629213483,0,0.647568404675,0.00685065425932,0.0116078998286,0.0116078998286,0.0,0.0,0.0
1105,2015-09-11 07:37:00,0.685393258427,0,0.65013563633,0.00216165394522,0.00367433491069,0.00367433491069,0.0,0.0,0.0
1106,2015-09-11 07:42:00,0.786516853933,0,0.649021923542,0.00132287514862,0.00225516118731,0.00225516118731,0.0,0.0,0.0
1107,2015-09-11 07:47:00,0.52808988764,0,0.64823538065,0.0191217642277,0.0323700326988,0.0323700326988,0.0,0.0,0.0
1108,2015-09-11 07:57:00,0.719101123596,0,0.662858068943,0.018162464723,0.0307469436848,0.0307469436848,0.0,0.0,0.0
1109,2015-09-11 08:02:00,0.662921348315,0,0.643237233162,0.00575533090159,0.00975466494218,0.00975466494218,0.0,0.0,0.0
1110,2015-09-11 08:07:00,0.606741573034,0,0.652565956116,0.000107234576717,0.000198355312284,0.000198355312284,0.0,0.0,0.0
1111,2015-09-11 08:12:00,0.61797752809,0,0.653769016266,0.00221158284694,0.00375881223134,0.00375881223134,0.0,0.0,0.0
1112,2015-09-11 08:17:00,0.741573033708,0,0.648044645786,0.000904033251572,0.00154650067165,0.00154650067165,0.0,0.0,0.0
1113,2015-09-11 08:22:00,0.61797752809,0,0.644770264626,0.00937077682465,0.0158718270272,0.0158718270272,0.0,0.0,0.0
1114,2015-09-11 08:27:00,0.61797752809,0,0.658204317093,0.00161819683854,0.00275483140307,0.00275483140307,0.0,0.0,0.0
1115,2015-09-11 08:32:00,0.651685393258,0,0.653507232666,0.00126236188225,0.00215277562644,0.00215277562644,0.0,0.0,0.0
1116,2015-09-11 08:37:00,0.719101123596,0,0.649773776531,3.65436812899e-06,2.31025389844e-05,2.31025389844e-05,0.0,0.0,0.0
1117,2015-09-11 08:47:00,0.719101123596,0,0.650826990604,0.00466135842726,0.007903715686,0.007903715686,0.0,0.0,0.0
1118,2015-09-11 08:52:00,0.674157303371,0,0.660503327847,0.00343370251358,0.00582658042568,0.00582658042568,0.0,0.0,0.0
1119,2015-09-11 08:57:00,0.752808988764,0,0.669288575649,2.37046861002e-05,5.70267208131e-05,5.70267208131e-05,0.0,0.0,0.0
1120,2015-09-11 09:02:00,0.752808988764,0,0.671742558479,0.00657176598907,0.0111360341753,0.0111360341753,0.0,0.0,0.0
1121,2015-09-11 09:12:00,0.61797752809,0,0.685732185841,0.00449929758906,0.00762951647629,0.00762951647629,0.0,0.0,0.0
1122,2015-09-11 09:17:00,0.685393258427,0,0.699345052242,0.00662067858502,0.011218791955,0.011218791955,0.0,0.0,0.0
1123,2015-09-11 09:22:00,0.640449438202,0,0.693243026733,6.1618622567e-05,0.000121175293239,0.000121175293239,0.0,0.0,0.0
1124,2015-09-11 09:27:00,0.887640449438,0,0.697695553303,0.00327711459249,0.00556164113072,0.00556164113072,0.0,0.0,0.0
1125,2015-09-11 09:32:00,0.640449438202,0,0.694469153881,0.0373151600361,0.0631523907826,0.0631523907826,0.0,0.0,0.0
1126,2015-09-11 09:37:00,0.741573033708,0,0.727105855942,0.00750933028758,0.0127223482569,0.0127223482569,0.0,0.0,0.0
1127,2015-09-11 09:42:00,0.494382022472,0,0.719932794571,0.000468300044304,0.000809260864607,0.000809260864607,0.0,0.0,0.0
1128,2015-09-11 10:02:00,0.595505617978,0,0.728818833828,0.0549606196582,0.0930076669698,0.0930076669698,0.0,0.0,0.0
1129,2015-09-11 10:07:00,0.707865168539,0,0.69897210598,0.0107053192332,0.0181298091396,0.0181298091396,0.0,0.0,0.0
1130,2015-09-11 10:17:00,0.584269662921,0,0.685471832752,0.000501461909153,0.000865369158477,0.000865369158477,0.0,0.0,0.0
1131,2015-09-11 10:34:00,0.741573033708,0,0.687018632889,0.0105573553592,0.0178794613209,0.0178794613209,0.0,0.0,0.0
1132,2015-09-11 10:44:00,0.741573033708,0,0.668908059597,0.00528019852936,0.00895076362693,0.00895076362693,0.0,0.0,0.0
1133,2015-09-11 10:49:00,0.752808988764,0,0.673401474953,0.00464736158028,0.00788003368842,0.00788003368842,0.0,0.0,0.0
1134,2015-09-11 10:54:00,0.786516853933,0,0.676395893097,0.00583896087483,0.00989616286867,0.00989616286867,0.0,0.0,0.0
1135,2015-09-11 10:59:00,0.730337078652,0,0.681151866913,0.0111017785966,0.0188005994757,0.0188005994757,0.0,0.0,0.0
1136,2015-09-11 11:04:00,0.696629213483,0,0.691529750824,0.00150600902271,0.00256501496881,0.00256501496881,0.0,0.0,0.0
1137,2015-09-11 11:09:00,0.674157303371,0,0.695169568062,2.13060184251e-06,2.05243990945e-05,2.05243990945e-05,0.0,0.0,0.0
1138,2015-09-11 11:14:00,0.820224719101,0,0.695792734623,0.000468091107905,0.000808907354184,0.000808907354184,0.0,0.0,0.0
1139,2015-09-11 11:24:00,0.629213483146,0,0.6945348382,0.0157979428768,0.0267462854826,0.0267462854826,0.0,0.0,0.0
1140,2015-09-11 11:29:00,0.707865168539,0,0.71506780386,0.00737095950171,0.012488231486,0.012488231486,0.0,0.0,0.0
1141,2015-09-11 11:34:00,0.752808988764,0,0.706659078598,1.45467720358e-06,1.93807668396e-05,1.93807668396e-05,0.0,0.0,0.0
1142,2015-09-11 11:39:00,0.685393258427,0,0.711001515388,0.00174786476418,0.00297422334954,0.00297422334954,0.0,0.0,0.0
1143,2015-09-11 11:44:00,0.674157303371,0,0.721208453178,0.00128272711299,0.00218723262566,0.00218723262566,0.0,0.0,0.0
1144,2015-09-11 11:49:00,0.707865168539,0,0.720223844051,0.0021221244242,0.00360745284625,0.00360745284625,0.0,0.0,0.0
1145,2015-09-11 11:54:00,0.76404494382,0,0.717306375504,8.91361996764e-05,0.000167733721424,0.000167733721424,0.0,0.0,0.0
1146,2015-09-11 11:59:00,0.595505617978,0,0.718853771687,0.00204224162735,0.0034722949635,0.0034722949635,0.0,0.0,0.0
1147,2015-09-11 12:04:00,0.483146067416,0,0.727718830109,0.017480339855,0.0295928209379,0.0295928209379,0.0,0.0,0.0
1148,2015-09-11 12:09:00,0.629213483146,0,0.710036456585,0.0514792464674,0.0871173495539,0.0871173495539,0.0,0.0,0.0
1149,2015-09-11 12:14:00,0.674157303371,0,0.677581965923,0.00233950745314,0.00397525456444,0.00397525456444,0.0,0.0,0.0
1150,2015-09-11 12:19:00,0.696629213483,0,0.667777299881,4.07046754844e-05,8.57898921395e-05,8.57898921395e-05,0.0,0.0,0.0
1151,2015-09-11 12:24:00,0.584269662921,0,0.662655770779,0.00115419563372,0.00196976349225,0.00196976349225,0.0,0.0,0.0
1152,2015-09-11 12:29:00,0.685393258427,0,0.659439742565,0.00565054407343,0.00957737062611,0.00957737062611,0.0,0.0,0.0
1153,2015-09-11 12:34:00,0.752808988764,0,0.641393065453,0.00193601835053,0.0032925702448,0.0032925702448,0.0,0.0,0.0
1154,2015-09-11 12:44:00,0.707865168539,0,0.638717889786,0.0130167789757,0.0220406887928,0.0220406887928,0.0,0.0,0.0
1155,2015-09-11 12:49:00,0.707865168539,0,0.644741594791,0.00398458680138,0.00675865036955,0.00675865036955,0.0,0.0,0.0
1156,2015-09-11 12:54:00,0.797752808989,0,0.645309925079,0.00391315994784,0.00663779953964,0.00663779953964,0.0,0.0,0.0
1157,2015-09-11 12:59:00,0.685393258427,0,0.647718310356,0.0225103478879,0.0381033546538,0.0381033546538,0.0,0.0,0.0
1158,2015-09-11 13:04:00,0.629213483146,0,0.66349029541,0.000479740469018,0.000828617517642,0.000828617517642,0.0,0.0,0.0
1159,2015-09-11 13:09:00,0.775280898876,0,0.665389180183,0.00130867899861,0.00223114197851,0.00223114197851,0.0,0.0,0.0
1160,2015-09-11 13:19:00,0.741573033708,0,0.662069797516,0.0128167523071,0.0217022532085,0.0217022532085,0.0,0.0,0.0
1161,2015-09-11 13:24:00,0.797752808989,0,0.680094778538,0.00377957616001,0.0064117821411,0.0064117821411,0.0,0.0,0.0
1162,2015-09-11 13:29:00,0.61797752809,0,0.69279807806,0.0110154934227,0.0186546090763,0.0186546090763,0.0,0.0,0.0
1163,2015-09-11 13:34:00,0.61797752809,0,0.713824093342,0.0091865696013,0.0155601571899,0.0155601571899,0.0,0.0,0.0
1164,2015-09-11 13:39:00,0.775280898876,0,0.708357334137,0.00816851481795,0.0138376570465,0.0138376570465,0.0,0.0,0.0
1165,2015-09-11 13:44:00,0.786516853933,0,0.70391112566,0.0050936434418,0.00863512131539,0.00863512131539,0.0,0.0,0.0
1166,2015-09-11 13:49:00,0.651685393258,0,0.721896469593,0.00417579291388,0.00708216199349,0.00708216199349,0.0,0.0,0.0
1167,2015-09-11 13:54:00,0.741573033708,0,0.738693475723,0.00757040223107,0.0128256790728,0.0128256790728,0.0,0.0,0.0
1168,2015-09-11 13:59:00,0.674157303371,0,0.733159184456,7.07928920747e-05,0.000136697719735,0.000136697719735,0.0,0.0,0.0
1169,2015-09-11 14:04:00,0.61797752809,0,0.741210758686,0.00449616322294,0.00762421327829,0.00762421327829,0.0,0.0,0.0
1170,2015-09-11 14:09:00,0.651685393258,0,0.736911058426,0.0141451917589,0.023949909409,0.023949909409,0.0,0.0,0.0
1171,2015-09-11 14:14:00,0.719101123596,0,0.723280131817,0.00512580340728,0.00868953444331,0.00868953444331,0.0,0.0,0.0
1172,2015-09-11 14:19:00,0.640449438202,0,0.714450359344,2.16296757571e-05,5.35159022677e-05,5.35159022677e-05,0.0,0.0,0.0
1173,2015-09-11 14:24:00,0.76404494382,0,0.714326500893,0.0054578166455,0.00925128500902,0.00925128500902,0.0,0.0,0.0
1174,2015-09-11 14:29:00,0.550561797753,0,0.701057136059,0.00396746350452,0.00672967856786,0.00672967856786,0.0,0.0,0.0
1175,2015-09-11 14:34:00,0.651685393258,0,0.705880701542,0.0241239648312,0.0408335175702,0.0408335175702,0.0,0.0,0.0
1176,2015-09-11 14:39:00,0.685393258427,0,0.679346740246,0.00076514884131,0.00131151487273,0.00131151487273,0.0,0.0,0.0
1177,2015-09-11 14:44:00,0.775280898876,0,0.669887304306,0.000240435096202,0.00042372423906,0.00042372423906,0.0,0.0,0.0
1178,2015-09-11 14:49:00,0.696629213483,0,0.66497528553,0.012167327106,0.0206034567387,0.0206034567387,0.0,0.0,0.0
1179,2015-09-11 14:54:00,0.550561797753,0,0.671901464462,0.000611462222878,0.0010514844435,0.0010514844435,0.0,0.0,0.0
1180,2015-09-11 14:59:00,0.629213483146,0,0.668007493019,0.0137934945524,0.0233548545077,0.0233548545077,0.0,0.0,0.0
1181,2015-09-11 15:04:00,0.775280898876,0,0.647012412548,0.000316800869768,0.00055293148613,0.00055293148613,0.0,0.0,0.0
1182,2015-09-11 15:19:00,0.651685393258,0,0.639732658863,0.0183733236045,0.0311037068566,0.0311037068566,0.0,0.0,0.0
1183,2015-09-11 15:24:00,0.797752808989,0,0.651557803154,1.62852167307e-08,1.69470761932e-05,1.69470761932e-05,0.0,0.0,0.0
1184,2015-09-11 15:29:00,0.61797752809,0,0.646575450897,0.0228545907885,0.038685797225,0.038685797225,0.0,0.0,0.0
1185,2015-09-11 15:34:00,0.741573033708,0,0.662168443203,0.00195283943322,0.00332103071452,0.00332103071452,0.0,0.0,0.0
1186,2015-09-11 15:39:00,0.808988764045,0,0.654378712177,0.00760284997523,0.0128805791085,0.0128805791085,0.0,0.0,0.0
1187,2015-09-11 15:44:00,0.730337078652,0,0.665327191353,0.0206386428326,0.03493651896,0.03493651896,0.0,0.0,0.0
1188,2015-09-11 15:49:00,0.730337078652,0,0.685193538666,0.00203793961555,0.00346501616469,0.00346501616469,0.0,0.0,0.0
1189,2015-09-11 15:54:00,0.606741573034,0,0.694474995136,0.00128608942032,0.00219292148931,0.00219292148931,0.0,0.0,0.0
1190,2015-09-11 15:59:00,0.696629213483,0,0.70501101017,0.00965688750148,0.016355912648,0.016355912648,0.0,0.0,0.0
1191,2015-09-11 16:04:00,0.584269662921,0,0.698506593704,3.52450865648e-06,2.28828229498e-05,2.28828229498e-05,0.0,0.0,0.0
1192,2015-09-11 16:09:00,0.483146067416,0,0.705663919449,0.0147365704179,0.0249504938978,0.0249504938978,0.0,0.0,0.0
1193,2015-09-11 16:14:00,0.719101123596,0,0.69531494379,0.0450156293809,0.0761812176868,0.0761812176868,0.0,0.0,0.0
1194,2015-09-11 16:19:00,0.730337078652,0,0.671214520931,0.0022931273561,0.00389678165206,0.00389678165206,0.0,0.0,0.0
1195,2015-09-11 16:24:00,0.786516853933,0,0.680191814899,0.00251454790123,0.00427141465511,0.00427141465511,0.0,0.0,0.0
1196,2015-09-11 16:29:00,0.370786516854,0,0.686478078365,0.0100077548996,0.0169495635531,0.0169495635531,0.0,0.0,0.0
1197,2015-09-11 16:34:00,0.696629213483,0,0.698476970196,0.107381030917,0.181700502945,0.181700502945,0.0,0.0,0.0
1198,2015-09-11 16:39:00,0.674157303371,0,0.653545737267,0.00185618700925,0.00315749942243,0.00315749942243,0.0,0.0,0.0
1199,2015-09-11 16:44:00,0.808988764045,0,0.656647026539,0.000306610425469,0.000535689740346,0.000535689740346,0.0,0.0,0.0
1200,2015-09-11 16:49:00,0.674157303371,0,0.654066681862,0.0240008477122,0.0406252092761,0.0406252092761,0.0,0.0,0.0
1201,2015-09-11 16:54:00,0.662921348315,0,0.668137252331,3.62412320101e-05,7.82379586378e-05,7.82379586378e-05,0.0,0.0,0.0
1202,2015-09-11 16:59:00,0.707865168539,0,0.663655936718,5.39589620985e-07,1.78324822894e-05,1.78324822894e-05,0.0,0.0,0.0
1203,2015-09-11 17:04:00,0.640449438202,0,0.659849524498,0.0023055030033,0.00391772065694,0.00391772065694,0.0,0.0,0.0
1204,2015-09-11 17:09:00,0.662921348315,0,0.663363754749,0.000525064708199,0.000905303968871,0.000905303968871,0.0,0.0,0.0
1205,2015-09-11 17:14:00,0.629213483146,0,0.658667445183,1.80958686542e-05,4.75368691731e-05,4.75368691731e-05,0.0,0.0,0.0
1206,2015-09-11 17:19:00,0.775280898876,0,0.658280014992,0.000844861613587,0.00144638508201,0.00144638508201,0.0,0.0,0.0
1207,2015-09-11 17:24:00,0.730337078652,0,0.654011368752,0.0147062977776,0.0248992740341,0.0248992740341,0.0,0.0,0.0
1208,2015-09-11 17:29:00,0.797752808989,0,0.669125795364,0.0037468217779,0.00635636328858,0.00635636328858,0.0,0.0,0.0
1209,2015-09-11 17:34:00,0.640449438202,0,0.677110612392,0.0145545369014,0.024642501869,0.024642501869,0.0,0.0,0.0
1210,2015-09-11 17:39:00,0.719101123596,0,0.694555699825,0.00292748468928,0.00497008400797,0.00497008400797,0.0,0.0,0.0
1211,2015-09-11 17:44:00,0.685393258427,0,0.690666556358,0.0008085250156,0.00138490529107,0.00138490529107,0.0,0.0,0.0
1212,2015-09-11 17:49:00,0.730337078652,0,0.699262320995,0.000192350475118,0.00034236735329,0.00034236735329,0.0,0.0,0.0
1213,2015-09-11 17:54:00,0.831460674157,0,0.702676773071,0.000765092787333,0.00131142003208,0.00131142003208,0.0,0.0,0.0
1214,2015-09-11 17:59:00,0.674157303371,0,0.712124526501,0.0142411114648,0.0241122009771,0.0241122009771,0.0,0.0,0.0
1215,2015-09-11 18:04:00,0.752808988764,0,0.734878659248,0.00368708092719,0.00625528461817,0.00625528461817,0.0,0.0,0.0
1216,2015-09-11 18:11:00,0.674157303371,0,0.733125150204,0.000387453474104,0.000672472323318,0.000672472323318,0.0,0.0,0.0
1217,2015-09-11 18:16:00,0.662921348315,0,0.743401050568,0.00479469401762,0.00812931314626,0.00812931314626,0.0,0.0,0.0
1218,2015-09-11 18:21:00,0.573033707865,0,0.740508913994,0.00601982697845,0.0102021796907,0.0102021796907,0.0,0.0,0.0
1219,2015-09-11 18:26:00,0.719101123596,0,0.735414624214,0.0263675674796,0.0446295862562,0.0446295862562,0.0,0.0,0.0
1220,2015-09-11 18:31:00,0.730337078652,0,0.716285943985,7.92527771409e-06,3.03287143272e-05,3.03287143272e-05,0.0,0.0,0.0
1221,2015-09-11 18:36:00,0.797752808989,0,0.71831035614,0.000144642166561,0.00026164717037,0.00026164717037,0.0,0.0,0.0
1222,2015-09-11 18:41:00,0.865168539326,0,0.719099164009,0.00618639402092,0.0104840031831,0.0104840031831,0.0,0.0,0.0
1223,2015-09-11 18:46:00,0.662921348315,0,0.727951109409,0.0188286155462,0.0318740391097,0.0318740391097,0.0,0.0,0.0
1224,2015-09-11 18:51:00,0.775280898876,0,0.745339334011,0.00679272087291,0.0115098793016,0.0115098793016,0.0,0.0,0.0
1225,2015-09-11 18:56:00,0.640449438202,0,0.732886493206,0.00179728516378,0.00305784030885,0.00305784030885,0.0,0.0,0.0
1226,2015-09-11 19:01:00,0.685393258427,0,0.73917889595,0.00974750053138,0.0165092255734,0.0165092255734,0.0,0.0,0.0
1227,2015-09-11 19:06:00,0.696629213483,0,0.725550174713,0.00161257665604,0.00274532232232,0.00274532232232,0.0,0.0,0.0
1228,2015-09-11 19:11:00,0.595505617978,0,0.719933748245,0.000543100759387,0.00093582010736,0.00093582010736,0.0,0.0,0.0
1229,2015-09-11 19:21:00,0.786516853933,0,0.715747594833,0.0144581384957,0.0244794003636,0.0244794003636,0.0,0.0,0.0
1230,2015-09-11 19:31:00,0.775280898876,0,0.697170674801,0.00798273831606,0.0135233320647,0.0135233320647,0.0,0.0,0.0
1231,2015-09-11 19:41:00,0.820224719101,0,0.706166923046,0.00477674091235,0.00809893734831,0.00809893734831,0.0,0.0,0.0
1232,2015-09-11 19:46:00,0.741573033708,0,0.711545526981,0.0118111632764,0.0200008445241,0.0200008445241,0.0,0.0,0.0
1233,2015-09-11 19:51:00,0.61797752809,0,0.723157465458,0.000339133228408,0.000590716771942,0.000590716771942,0.0,0.0,0.0
1234,2015-09-11 20:11:00,0.640449438202,0,0.724082410336,0.011258251965,0.019065344953,0.019065344953,0.0,0.0,0.0
1235,2015-09-11 20:26:00,0.808988764045,0,0.7092628479,0.00473528169096,0.00802879032286,0.00802879032286,0.0,0.0,0.0
1236,2015-09-11 20:31:00,0.505617977528,0,0.699946284294,0.0118902595714,0.0201346716831,0.0201346716831,0.0,0.0,0.0
1237,2015-09-11 20:36:00,0.719101123596,0,0.714361131191,0.0435737036169,0.0737415480579,0.0737415480579,0.0,0.0,0.0
1238,2015-09-11 20:41:00,0.831460674157,0,0.685135960579,0.00115363276564,0.0019688111463,0.0019688111463,0.0,0.0,0.0
1239,2015-09-11 20:46:00,0.573033707865,0,0.688022494316,0.0205745063722,0.0348280031275,0.0348280031275,0.0,0.0,0.0
1240,2015-09-11 20:51:00,0.561797752809,0,0.704052388668,0.0171658992767,0.0290608024749,0.0290608024749,0.0,0.0,0.0
1241,2015-09-11 20:56:00,0.730337078652,0,0.683768093586,0.014876767993,0.025187701509,0.025187701509,0.0,0.0,0.0
1242,2015-09-11 21:01:00,0.820224719101,0,0.665391206741,0.00421796692535,0.00715351840966,0.00715351840966,0.0,0.0,0.0
1243,2015-09-11 21:06:00,0.820224719101,0,0.670349061489,0.0224627070129,0.0380227485652,0.0380227485652,0.0,0.0,0.0
1244,2015-09-11 21:21:00,0.719101123596,0,0.684957921505,0.0182971023023,0.0309747440483,0.0309747440483,0.0,0.0,0.0
1245,2015-09-11 21:26:00,0.629213483146,0,0.698869824409,0.000409305765061,0.000709445357503,0.000709445357503,0.0,0.0,0.0
1246,2015-09-11 21:36:00,0.842696629213,0,0.700194776058,0.00503833964467,0.00854154992803,0.00854154992803,0.0,0.0,0.0
1247,2015-09-11 21:46:00,0.786516853933,0,0.691640079021,0.022818075493,0.0386240150864,0.0386240150864,0.0,0.0,0.0
1248,2015-09-11 21:51:00,0.584269662921,0,0.713686227798,0.00530429882929,0.00899154018509,0.00899154018509,0.0,0.0,0.0
1249,2015-09-11 22:06:00,0.707865168539,0,0.727061510086,0.0203895177692,0.0345150112332,0.0345150112332,0.0,0.0,0.0
1250,2015-09-11 22:11:00,0.640449438202,0,0.71244764328,2.09989830182e-05,5.24488002305e-05,5.24488002305e-05,0.0,0.0,0.0
1251,2015-09-11 22:21:00,0.707865168539,0,0.717001736164,0.00586025044322,0.00993218380311,0.00993218380311,0.0,0.0,0.0
1252,2015-09-11 22:41:00,0.674157303371,0,0.710801124573,8.6197787823e-06,3.15037770146e-05,3.15037770146e-05,0.0,0.0,0.0
1253,2015-09-11 22:46:00,0.629213483146,0,0.713656127453,0.00156015565153,0.00265662848259,0.00265662848259,0.0,0.0,0.0
1254,2015-09-11 22:56:00,0.719101123596,0,0.710221648216,0.00656231818721,0.0111200489451,0.0111200489451,0.0,0.0,0.0
1255,2015-09-11 23:01:00,0.696629213483,0,0.700069189072,0.000362214806955,0.000629769702107,0.000629769702107,0.0,0.0,0.0
1256,2015-09-11 23:11:00,0.640449438202,0,0.702169895172,3.06990114041e-05,6.88607856752e-05,6.88607856752e-05,0.0,0.0,0.0
1257,2015-09-11 23:16:00,0.550561797753,0,0.699750602245,0.00351662491448,0.00596688117353,0.00596688117353,0.0,0.0,0.0
1258,2015-09-11 23:36:00,0.741573033708,0,0.689617693424,0.0193365458399,0.0327334329439,0.0327334329439,0.0,0.0,0.0
1259,2015-09-11 23:41:00,0.898876404494,0,0.66868942976,0.00531201995909,0.0090046039685,0.0090046039685,0.0,0.0,0.0
1260,2015-09-12 00:11:00,0.573033707865,0,0.673992991447,0.0505725592375,0.0855832779999,0.0855832779999,0.0,0.0,0.0
1261,2015-09-12 00:26:00,0.47191011236,0,0.69722443819,0.0154233416542,0.0261124780784,0.0261124780784,0.0,0.0,0.0
1262,2015-09-12 00:31:00,0.584269662921,0,0.677084922791,0.0420967005193,0.0712425292536,0.0712425292536,0.0,0.0,0.0
1263,2015-09-12 00:41:00,0.47191011236,0,0.648539841175,0.00413065822795,0.00700579625731,0.00700579625731,0.0,0.0,0.0
1264,2015-09-12 00:46:00,0.404494382022,0,0.637406110764,0.0273889228702,0.0463576708697,0.0463576708697,0.0,0.0,0.0
1265,2015-09-12 00:51:00,0.393258426966,0,0.613051831722,0.0434962138534,0.0736104390734,0.0736104390734,0.0,0.0,0.0
1266,2015-09-12 01:01:00,0.539325842697,0,0.58364456892,0.0362468846142,0.0613449197137,0.0613449197137,0.0,0.0,0.0
1267,2015-09-12 01:26:00,0.842696629213,0,0.556048095226,0.000279634055914,0.000490047009535,0.000490047009535,0.0,0.0,0.0
1268,2015-09-12 01:31:00,0.831460674157,0,0.545288026333,0.0884518623352,0.149673252417,0.149673252417,0.0,0.0,0.0
1269,2015-09-12 02:21:00,0.561797752809,0,0.562227487564,0.0724864974618,0.122660616423,0.122660616423,0.0,0.0,0.0
1270,2015-09-12 02:56:00,0.651685393258,0,0.574952960014,0.000173059859662,0.000309728551889,0.000309728551889,0.0,0.0,0.0
1271,2015-09-12 03:46:00,0.808988764045,0,0.561622321606,0.00811136141419,0.0137409562129,0.0137409562129,0.0,0.0,0.0
1272,2015-09-12 03:56:00,0.797752808989,0,0.562594771385,0.0607099942863,0.102735334659,0.102735334659,0.0,0.0,0.0
1273,2015-09-12 04:06:00,0.786516853933,0,0.581764280796,0.0466510392725,0.0789482532324,0.0789482532324,0.0,0.0,0.0
1274,2015-09-12 04:36:00,0.561797752809,0,0.60118252039,0.0343488119543,0.0581334712902,0.0581334712902,0.0,0.0,0.0
1275,2015-09-12 04:41:00,0.584269662921,0,0.62213242054,0.00364027381875,0.00617608922286,0.00617608922286,0.0,0.0,0.0
1276,2015-09-12 04:51:00,0.595505617978,0,0.61984783411,0.00126580765937,0.00215860571699,0.00215860571699,0.0,0.0,0.0
1277,2015-09-12 05:06:00,0.719101123596,0,0.623622596264,0.000790565740317,0.00135451905375,0.00135451905375,0.0,0.0,0.0
1278,2015-09-12 05:21:00,0.674157303371,0,0.629592239857,0.00801184121519,0.0135725727822,0.0135725727822,0.0,0.0,0.0
1279,2015-09-12 05:41:00,0.696629213483,0,0.650566935539,0.000556506332941,0.000958501698516,0.000958501698516,0.0,0.0,0.0
1280,2015-09-12 05:46:00,0.629213483146,0,0.663347482681,0.0011076744413,0.00189105185323,0.00189105185323,0.0,0.0,0.0
1281,2015-09-12 05:56:00,0.573033707865,0,0.67817646265,0.0023973705247,0.0040731561221,0.0040731561221,0.0,0.0,0.0
1282,2015-09-12 06:06:00,0.719101123596,0,0.682232201099,0.0119243143126,0.0201922906813,0.0201922906813,0.0,0.0,0.0
1283,2015-09-12 06:16:00,0.719101123596,0,0.67775195837,0.00170975411311,0.00290974194538,0.00290974194538,0.0,0.0,0.0
1284,2015-09-12 06:26:00,0.808988764045,0,0.692705690861,0.000696719274856,0.00119573530963,0.00119573530963,0.0,0.0,0.0
1285,2015-09-12 06:51:00,0.797752808989,0,0.704036176205,0.0110150426626,0.0186538464117,0.0186538464117,0.0,0.0,0.0
1286,2015-09-12 06:56:00,0.696629213483,0,0.726239681244,0.00511412601918,0.00866977685953,0.00866977685953,0.0,0.0,0.0
1287,2015-09-12 07:01:00,0.674157303371,0,0.744606554508,0.0023018240463,0.00391149603715,0.00391149603715,0.0,0.0,0.0
1288,2015-09-12 07:16:00,0.786516853933,0,0.746223151684,0.00519348401576,0.00880404680525,0.00880404680525,0.0,0.0,0.0
1289,2015-09-12 07:21:00,0.898876404494,0,0.744075834751,0.0018012393266,0.00306453056377,0.00306453056377,0.0,0.0,0.0
1290,2015-09-12 07:31:00,0.876404494382,0,0.758703410625,0.0196484755725,0.0332612031758,0.0332612031758,0.0,0.0,0.0
1291,2015-09-12 07:36:00,0.707865168539,0,0.789073348045,0.00762673420832,0.0129209900919,0.0129209900919,0.0,0.0,0.0
1292,2015-09-12 07:46:00,0.696629213483,0,0.814217031002,0.0113107161596,0.0191541118683,0.0191541118683,0.0,0.0,0.0
1293,2015-09-12 07:51:00,0.797752808989,0,0.808379650116,0.0124881574884,0.0211462864456,0.0211462864456,0.0,0.0,0.0
1294,2015-09-12 07:56:00,0.76404494382,0,0.799508213997,3.08148673867e-06,2.21332509921e-05,2.21332509921e-05,0.0,0.0,0.0
1295,2015-09-12 08:06:00,0.730337078652,0,0.806543648243,0.00180614017881,0.00307282257201,0.00307282257201,0.0,0.0,0.0
1296,2015-09-12 08:11:00,0.76404494382,0,0.804485976696,0.00549805816263,0.00931937173692,0.00931937173692,0.0,0.0,0.0
1297,2015-09-12 08:16:00,0.662921348315,0,0.794836699963,0.000948132481426,0.00162111446551,0.00162111446551,0.0,0.0,0.0
1298,2015-09-12 08:21:00,0.865168539326,0,0.789975523949,0.0161427576095,0.0273296955664,0.0273296955664,0.0,0.0,0.0
1299,2015-09-12 08:26:00,0.606741573034,0,0.767615318298,0.00951662566513,0.0161185963099,0.0161185963099,0.0,0.0,0.0
1300,2015-09-12 08:31:00,0.865168539326,0,0.778438448906,0.0294798258692,0.0498953790311,0.0498953790311,0.0,0.0,0.0
1301,2015-09-12 08:36:00,0.707865168539,0,0.746754288673,0.0140219284222,0.0237413537216,0.0237413537216,0.0,0.0,0.0
1302,2015-09-12 08:46:00,0.550561797753,0,0.757611453533,0.00247469195165,0.00420398028911,0.00420398028911,0.0,0.0,0.0
1303,2015-09-12 08:56:00,0.741573033708,0,0.742876946926,0.0369851216674,0.0625939816019,0.0625939816019,0.0,0.0,0.0
1304,2015-09-12 09:01:00,0.674157303371,0,0.708626031876,0.0010855050059,0.00185354222578,0.00185354222578,0.0,0.0,0.0
1305,2015-09-12 09:06:00,0.842696629213,0,0.704995751381,0.000951008754782,0.00162598098286,0.00162598098286,0.0,0.0,0.0
1306,2015-09-12 09:11:00,0.752808988764,0,0.691123723984,0.0229743383825,0.0388884044434,0.0388884044434,0.0,0.0,0.0
1307,2015-09-12 09:16:00,0.85393258427,0,0.701823234558,0.00259954715148,0.004415229333,0.004415229333,0.0,0.0,0.0
1308,2015-09-12 09:21:00,0.898876404494,0,0.700099945068,0.0236644726247,0.0400560786694,0.0400560786694,0.0,0.0,0.0
1309,2015-09-12 09:26:00,0.921348314607,0,0.714255332947,0.0340849496424,0.0576870288418,0.0576870288418,0.0,0.0,0.0
1310,2015-09-12 09:36:00,0.797752808989,0,0.73549669981,0.0345408283174,0.0584583538195,0.0584583538195,0.0,0.0,0.0
1311,2015-09-12 09:41:00,0.674157303371,0,0.761424601078,0.00131973787211,0.00224985306508,0.00224985306508,0.0,0.0,0.0
1312,2015-09-12 09:51:00,0.865168539326,0,0.771437108517,0.00946335680783,0.0160284679437,0.0160284679437,0.0,0.0,0.0
1313,2015-09-12 10:01:00,0.786516853933,0,0.765988171101,0.00983673986048,0.0166602142625,0.0166602142625,0.0,0.0,0.0
1314,2015-09-12 10:06:00,0.651685393258,0,0.791285216808,2.27373675443e-05,5.53900639469e-05,5.53900639469e-05,0.0,0.0,0.0
1315,2015-09-12 10:11:00,1.0,0,0.802066683769,0.0226145256311,0.0382796184271,0.0382796184271,0.0,0.0,0.0
1316,2015-09-12 10:16:00,0.876404494382,0,0.790864944458,0.0437374711037,0.0740186348356,0.0740186348356,0.0,0.0,0.0
1317,2015-09-12 10:21:00,0.730337078652,0,0.835031211376,0.00171175098512,0.0029131205576,0.0029131205576,0.0,0.0,0.0
1318,2015-09-12 10:31:00,0.820224719101,0,0.85350728035,0.0151708973572,0.0256853543665,0.0256853543665,0.0,0.0,0.0
1319,2015-09-12 10:36:00,0.831460674157,0,0.845804393291,0.000654320581816,0.00112399874295,0.00112399874295,0.0,0.0,0.0
1320,2015-09-12 10:41:00,0.887640449438,0,0.853043079376,0.000465801043902,0.000805032675101,0.000805032675101,0.0,0.0,0.0
1321,2015-09-12 10:46:00,0.674157303371,0,0.859168767929,0.000810638186522,0.00138848067549,0.00138848067549,0.0,0.0,0.0
1322,2015-09-12 10:51:00,0.786516853933,0,0.872186720371,0.0392156429589,0.0663679172559,0.0663679172559,0.0,0.0,0.0
1323,2015-09-12 10:56:00,0.797752808989,0,0.84543299675,0.00347111281008,0.0058898768633,0.0058898768633,0.0,0.0,0.0
1324,2015-09-12 11:01:00,0.719101123596,0,0.838649988174,0.00167258013971,0.00284684535518,0.00284684535518,0.0,0.0,0.0
1325,2015-09-12 11:06:00,0.808988764045,0,0.831384062767,0.0126074571162,0.0213481357267,0.0213481357267,0.0,0.0,0.0
1326,2015-09-12 11:11:00,0.842696629213,0,0.810117900372,1.27498060465e-06,1.90767287637e-05,1.90767287637e-05,0.0,0.0,0.0
1327,2015-09-12 11:16:00,0.741573033708,0,0.803815960884,0.00151170464233,0.00257465168559,0.00257465168559,0.0,0.0,0.0
1328,2015-09-12 11:21:00,0.685393258427,0,0.801578879356,0.00360070122406,0.00610913427982,0.00610913427982,0.0,0.0,0.0
1329,2015-09-12 11:26:00,0.865168539326,0,0.783914446831,0.00970642175525,0.0164397222432,0.0164397222432,0.0,0.0,0.0
1330,2015-09-12 11:31:00,0.741573033708,0,0.760845839977,0.0108832195401,0.0184308079749,0.0184308079749,0.0,0.0,0.0
1331,2015-09-12 11:36:00,0.696629213483,0,0.766194403172,0.000606211717241,0.00104260083835,0.00104260083835,0.0,0.0,0.0
1332,2015-09-12 11:46:00,0.685393258427,0,0.752948999405,0.00317191681825,0.00538365151347,0.00538365151347,0.0,0.0,0.0
1333,2015-09-12 11:51:00,0.685393258427,0,0.736440956593,0.00260586594231,0.00442592042576,0.00442592042576,0.0,0.0,0.0
1334,2015-09-12 11:56:00,0.640449438202,0,0.721366763115,0.00129409192596,0.00220646134721,0.00220646134721,0.0,0.0,0.0
1335,2015-09-12 12:01:00,0.775280898876,0,0.708479583263,0.00462809717283,0.0078474392297,0.0078474392297,0.0,0.0,0.0
1336,2015-09-12 12:16:00,0.775280898876,0,0.691555023193,0.00701002124697,0.0118775411717,0.0118775411717,0.0,0.0,0.0
1337,2015-09-12 12:21:00,0.752808988764,0,0.693505108356,0.00668727885932,0.011331476443,0.011331476443,0.0,0.0,0.0
1338,2015-09-12 12:26:00,0.629213483146,0,0.694658875465,0.00338143552653,0.00573814717617,0.00573814717617,0.0,0.0,0.0
1339,2015-09-12 12:31:00,0.887640449438,0,0.693923175335,0.00418734038249,0.00710169975968,0.00710169975968,0.0,0.0,0.0
1340,2015-09-12 12:36:00,0.831460674157,0,0.679985821247,0.0431204549968,0.0729746730077,0.0729746730077,0.0,0.0,0.0
1341,2015-09-12 12:41:00,0.786516853933,0,0.700990378857,0.017022492364,0.0288181648175,0.0288181648175,0.0,0.0,0.0
1342,2015-09-12 12:46:00,0.865168539326,0,0.713596463203,0.00531738204882,0.0090136763686,0.0090136763686,0.0,0.0,0.0
1343,2015-09-12 12:51:00,0.662921348315,0,0.722160100937,0.0204514060169,0.0346197231969,0.0346197231969,0.0,0.0,0.0
1344,2015-09-12 12:56:00,0.741573033708,0,0.743342161179,0.00646750396118,0.0109596277962,0.0109596277962,0.0,0.0,0.0
1345,2015-09-12 13:01:00,0.775280898876,0,0.738061070442,1.23339004858e-05,3.77878938144e-05,3.77878938144e-05,0.0,0.0,0.0
1346,2015-09-12 13:11:00,0.719101123596,0,0.746135234833,0.000849469390232,0.00145418122035,0.00145418122035,0.0,0.0,0.0
1347,2015-09-12 13:16:00,0.629213483146,0,0.758291244507,0.00153586501256,0.00261552987984,0.00261552987984,0.0,0.0,0.0
1348,2015-09-12 13:21:00,0.674157303371,0,0.761208117008,0.0174225755036,0.0294950864101,0.0294950864101,0.0,0.0,0.0
1349,2015-09-12 13:31:00,0.752808988764,0,0.750993669033,0.00590382423252,0.0100059085766,0.0100059085766,0.0,0.0,0.0
1350,2015-09-12 13:41:00,0.674157303371,0,0.747245132923,3.09564857162e-05,6.92964199325e-05,6.92964199325e-05,0.0,0.0,0.0
1351,2015-09-12 13:46:00,0.584269662921,0,0.752596497536,0.0061527043581,0.0104270018803,0.0104270018803,0.0,0.0,0.0
1352,2015-09-12 13:56:00,0.730337078652,0,0.744157314301,0.0255640670657,0.043270101874,0.043270101874,0.0,0.0,0.0
1353,2015-09-12 14:01:00,0.696629213483,0,0.723445177078,4.7498371714e-05,9.72845021757e-05,9.72845021757e-05,0.0,0.0,0.0
1354,2015-09-12 14:06:00,0.775280898876,0,0.723259985447,0.000709197309334,0.0012168475489,0.0012168475489,0.0,0.0,0.0
1355,2015-09-12 14:11:00,0.741573033708,0,0.715989649296,0.00351545144804,0.00596489572427,0.00596489572427,0.0,0.0,0.0
1356,2015-09-12 14:16:00,0.685393258427,0,0.718551278114,0.000530001299921,0.000913656446644,0.000913656446644,0.0,0.0,0.0
1357,2015-09-12 14:21:00,0.876404494382,0,0.71559548378,0.000912173476536,0.00156027354409,0.00156027354409,0.0,0.0,0.0
1358,2015-09-12 14:26:00,0.752808988764,0,0.706324875355,0.0289270859212,0.0489601693986,0.0489601693986,0.0,0.0,0.0
1359,2015-09-12 14:31:00,0.662921348315,0,0.723245203495,0.000874017365277,0.00149571522346,0.00149571522346,0.0,0.0,0.0
1360,2015-09-12 14:36:00,0.730337078652,0,0.722710967064,0.00357479602098,0.00606530391161,0.00606530391161,0.0,0.0,0.0
1361,2015-09-12 14:41:00,0.707865168539,0,0.712887763977,0.000304478744511,0.000532083037823,0.000532083037823,0.0,0.0,0.0
1362,2015-09-12 14:46:00,0.685393258427,0,0.714354515076,4.21114891651e-05,8.81701537977e-05,8.81701537977e-05,0.0,0.0,0.0
1363,2015-09-12 14:51:00,0.876404494382,0,0.713074147701,0.000766230805311,0.00131334550423,0.00131334550423,0.0,0.0,0.0
1364,2015-09-12 14:56:00,0.741573033708,0,0.709449768066,0.0278738904744,0.0471782129285,0.0471782129285,0.0,0.0,0.0
1365,2015-09-12 15:01:00,0.584269662921,0,0.731096148491,0.000109765169327,0.000202636954299,0.000202636954299,0.0,0.0,0.0
1366,2015-09-12 15:06:00,0.775280898876,0,0.732597589493,0.0220011789352,0.0372418650675,0.0372418650675,0.0,0.0,0.0
1367,2015-09-12 15:11:00,0.831460674157,0,0.715061485767,0.00362637708895,0.00615257661876,0.00615257661876,0.0,0.0,0.0
1368,2015-09-12 15:21:00,0.820224719101,0,0.725264132023,0.0112777017057,0.0190982529866,0.0190982529866,0.0,0.0,0.0
1369,2015-09-12 15:26:00,0.741573033708,0,0.740617513657,0.00633730459958,0.0107393366855,0.0107393366855,0.0,0.0,0.0
1370,2015-09-12 15:36:00,0.674157303371,0,0.752972841263,0.000129955573357,0.000236798155058,0.000236798155058,0.0,0.0,0.0
1371,2015-09-12 15:41:00,0.76404494382,0,0.754529118538,0.00645962590352,0.0109462984983,0.0109462984983,0.0,0.0,0.0
1372,2015-09-12 15:46:00,0.696629213483,0,0.747980117798,0.000258078536717,0.000453576099014,0.000453576099014,0.0,0.0,0.0
1373,2015-09-12 15:51:00,0.752808988764,0,0.754771113396,0.00338047905825,0.00573652887744,0.00573652887744,0.0,0.0,0.0
1374,2015-09-12 15:56:00,0.76404494382,0,0.750679075718,4.53652683063e-06,2.45951094384e-05,2.45951094384e-05,0.0,0.0,0.0
1375,2015-09-12 16:01:00,0.629213483146,0,0.754259288311,9.57589872996e-05,0.000178939162248,0.000178939162248,0.0,0.0,0.0
1376,2015-09-12 16:06:00,0.52808988764,0,0.757926166058,0.0165669471025,0.0280474039596,0.0280474039596,0.0,0.0,0.0
1377,2015-09-12 16:11:00,0.662921348315,0,0.742059111595,0.0457828305662,0.0774792855051,0.0774792855051,0.0,0.0,0.0
1378,2015-09-12 16:16:00,0.752808988764,0,0.714589834213,0.00266963033937,0.00453380674472,0.00453380674472,0.0,0.0,0.0
1379,2015-09-12 16:21:00,0.61797752809,0,0.706937611103,0.0021041831933,0.00357709713915,0.00357709713915,0.0,0.0,0.0
1380,2015-09-12 16:26:00,0.741573033708,0,0.708571076393,0.00820719636977,0.0139031043874,0.0139031043874,0.0,0.0,0.0
1381,2015-09-12 16:36:00,0.808988764045,0,0.690820038319,0.0025758666452,0.00437516304569,0.00437516304569,0.0,0.0,0.0
1382,2015-09-12 16:41:00,0.685393258427,0,0.690143287182,0.0141242444515,0.023914467564,0.023914467564,0.0,0.0,0.0
1383,2015-09-12 16:46:00,0.797752808989,0,0.696680188179,0.000127394436277,0.000232464833256,0.000232464833256,0.0,0.0,0.0
1384,2015-09-12 16:56:00,0.730337078652,0,0.687678933144,0.0121162552387,0.0205170455747,0.0205170455747,0.0,0.0,0.0
1385,2015-09-12 17:01:00,0.707865168539,0,0.695085763931,0.00124265556224,0.00211943347275,0.00211943347275,0.0,0.0,0.0
1386,2015-09-12 17:06:00,0.85393258427,0,0.694563627243,0.000176931265742,0.000316278786351,0.000316278786351,0.0,0.0,0.0
1387,2015-09-12 17:11:00,0.651685393258,0,0.693350195885,0.0257866960019,0.0436467794171,0.0436467794171,0.0,0.0,0.0
1388,2015-09-12 17:16:00,0.730337078652,0,0.711951255798,0.00363197131082,0.00616204177539,0.00616204177539,0.0,0.0,0.0
1389,2015-09-12 17:21:00,0.539325842697,0,0.704480826855,0.000668546010274,0.00114806748951,0.00114806748951,0.0,0.0,0.0
1390,2015-09-12 17:26:00,0.640449438202,0,0.709853351116,0.0290796346962,0.0492182746511,0.0492182746511,0.0,0.0,0.0
1391,2015-09-12 17:31:00,0.76404494382,0,0.691338896751,0.00258973427117,0.00439862640749,0.00439862640749,0.0,0.0,0.0
1392,2015-09-12 17:36:00,0.662921348315,0,0.688093900681,0.00576856033877,0.00977704851898,0.00977704851898,0.0,0.0,0.0
1393,2015-09-12 17:41:00,0.85393258427,0,0.698909044266,0.00129511277191,0.00220818856989,0.00220818856989,0.0,0.0,0.0
1394,2015-09-12 17:46:00,0.76404494382,0,0.694292664528,0.0254848953336,0.043136147079,0.043136147079,0.0,0.0,0.0
1395,2015-09-12 17:51:00,0.775280898876,0,0.713984131813,0.00250608450733,0.00425709499624,0.00425709499624,0.0,0.0,0.0
1396,2015-09-12 17:56:00,0.775280898876,0,0.719811618328,0.00307684042491,0.00522278679004,0.00522278679004,0.0,0.0,0.0
1397,2015-09-12 18:01:00,0.808988764045,0,0.728059589863,0.00222985143773,0.00378972181575,0.00378972181575,0.0,0.0,0.0
1398,2015-09-12 18:06:00,0.865168539326,0,0.736895501614,0.00519743654877,0.0088107343026,0.0088107343026,0.0,0.0,0.0
1399,2015-09-12 18:11:00,0.741573033708,0,0.750682413578,0.013107066974,0.0221934517802,0.0221934517802,0.0,0.0,0.0
1400,2015-09-12 18:16:00,0.741573033708,0,0.772129535675,0.00093369971728,0.00159669491686,0.00159669491686,0.0,0.0,0.0
1401,2015-09-12 18:21:00,0.696629213483,0,0.775575697422,0.00115618098062,0.00197312260453,0.00197312260453,0.0,0.0,0.0
1402,2015-09-12 18:26:00,0.685393258427,0,0.779996156693,0.00695004500449,0.0117760642296,0.0117760642296,0.0,0.0,0.0
1403,2015-09-12 18:36:00,0.629213483146,0,0.777442336082,0.0084730302915,0.0143528827057,0.0143528827057,0.0,0.0,0.0
1404,2015-09-12 18:41:00,0.85393258427,0,0.772653996944,0.0205751731992,0.034829131367,0.034829131367,0.0,0.0,0.0
1405,2015-09-12 18:46:00,0.662921348315,0,0.758747518063,0.00906019192189,0.0153463321832,0.0153463321832,0.0,0.0,0.0
1406,2015-09-12 18:51:00,0.865168539326,0,0.775909364223,0.0127662867308,0.02161686786,0.02161686786,0.0,0.0,0.0
1407,2015-09-12 19:01:00,0.674157303371,0,0.76096612215,0.0108581380919,0.0183883713606,0.0183883713606,0.0,0.0,0.0
1408,2015-09-12 19:06:00,0.85393258427,0,0.775322318077,0.0102343568578,0.0173329632601,0.0173329632601,0.0,0.0,0.0
1409,2015-09-12 19:21:00,0.831460674157,0,0.75966835022,0.00888574123383,0.0150511699383,0.0150511699383,0.0,0.0,0.0
1410,2015-09-12 19:31:00,0.61797752809,0,0.770981907845,0.00365767884068,0.00620553768995,0.00620553768995,0.0,0.0,0.0
1411,2015-09-12 19:36:00,0.76404494382,0,0.777086913586,0.0253158062696,0.0428500564464,0.0428500564464,0.0,0.0,0.0
1412,2015-09-12 19:41:00,0.775280898876,0,0.753661811352,0.000107809370093,0.000199327835264,0.000199327835264,0.0,0.0,0.0
1413,2015-09-12 19:51:00,0.76404494382,0,0.753880679607,0.000457969115814,0.000791781426274,0.000791781426274,0.0,0.0,0.0
1414,2015-09-12 19:56:00,0.820224719101,0,0.754488408566,9.13273033802e-05,0.000171440964399,0.000171440964399,0.0,0.0,0.0
1415,2015-09-12 20:01:00,0.674157303371,0,0.753137111664,0.00450074486434,0.00763196519705,0.00763196519705,0.0,0.0,0.0
1416,2015-09-12 20:11:00,0.797752808989,0,0.759702265263,0.0073179374449,0.0123985206944,0.0123985206944,0.0,0.0,0.0
1417,2015-09-12 20:21:00,0.820224719101,0,0.746221780777,0.00265544559807,0.00450980683889,0.00450980683889,0.0,0.0,0.0
1418,2015-09-12 20:31:00,0.76404494382,0,0.751714766026,0.004693611525,0.00795828638927,0.00795828638927,0.0,0.0,0.0
1419,2015-09-12 20:36:00,0.730337078652,0,0.759361803532,2.19317716983e-05,5.40270341935e-05,5.40270341935e-05,0.0,0.0,0.0
1420,2015-09-12 20:46:00,0.741573033708,0,0.759171903133,0.000831446843222,0.00142368793029,0.00142368793029,0.0,0.0,0.0
1421,2015-09-12 21:01:00,0.752808988764,0,0.75549018383,0.000193687010324,0.00034462870712,0.00034462870712,0.0,0.0,0.0
1422,2015-09-12 21:06:00,0.797752808989,0,0.754319131374,2.28053272622e-06,2.07780749997e-05,2.07780749997e-05,0.0,0.0,0.0
1423,2015-09-12 21:11:00,0.719101123596,0,0.754776239395,0.00184698461089,0.00314192940325,0.00314192940325,0.0,0.0,0.0
1424,2015-09-12 21:16:00,0.674157303371,0,0.761079549789,0.00176218769047,0.00299845705778,0.00299845705778,0.0,0.0,0.0
1425,2015-09-12 21:21:00,0.741573033708,0,0.755931377411,0.00668699620292,0.0113309982019,0.0113309982019,0.0,0.0,0.0
1426,2015-09-12 21:26:00,0.76404494382,0,0.745656192303,1.66721674759e-05,4.51280346742e-05,4.51280346742e-05,0.0,0.0,0.0
1427,2015-09-12 21:31:00,0.606741573034,0,0.745243787766,0.000353483337676,0.000614996472481,0.000614996472481,0.0,0.0,0.0
1428,2015-09-12 21:46:00,0.651685393258,0,0.746781766415,0.0196112636477,0.0331982423736,0.0331982423736,0.0,0.0,0.0
1429,2015-09-12 21:56:00,0.719101123596,0,0.726887464523,0.00565534783527,0.00958549836206,0.00958549836206,0.0,0.0,0.0
1430,2015-09-12 22:11:00,0.76404494382,0,0.715302228928,1.44316563819e-05,4.13371967508e-05,4.13371967508e-05,0.0,0.0,0.0
1431,2015-09-12 22:16:00,0.505617977528,0,0.712255418301,0.00268215453252,0.00455499708227,0.00455499708227,0.0,0.0,0.0
1432,2015-09-12 22:21:00,0.741573033708,0,0.713636875153,0.0432718619704,0.0732308463866,0.0732308463866,0.0,0.0,0.0
1433,2015-09-12 22:26:00,0.752808988764,0,0.682729244232,0.00346259190701,0.00587545990167,0.00587545990167,0.0,0.0,0.0
1434,2015-09-12 22:36:00,0.696629213483,0,0.684530735016,0.00466192001477,0.00790466586529,0.00790466586529,0.0,0.0,0.0
1435,2015-09-12 22:41:00,0.730337078652,0,0.685486316681,0.000124164434965,0.000226999825072,0.000226999825072,0.0,0.0,0.0
1436,2015-09-12 22:46:00,0.797752808989,0,0.679625511169,0.00257166358642,0.00436805167067,0.00436805167067,0.0,0.0,0.0
1437,2015-09-12 22:56:00,0.685393258427,0,0.679333746433,0.0140230720863,0.0237432887468,0.0237432887468,0.0,0.0,0.0
1438,2015-09-12 23:01:00,0.707865168539,0,0.687870979309,6.13902466284e-06,2.7306459349e-05,2.7306459349e-05,0.0,0.0,0.0
1439,2015-09-12 23:11:00,0.820224719101,0,0.683609902859,0.000588318391237,0.00101232618407,0.00101232618407,0.0,0.0,0.0
1440,2015-09-12 23:26:00,0.898876404494,0,0.684487223625,0.0184246636927,0.0311905718376,0.0311905718376,0.0,0.0,0.0
1441,2015-09-12 23:31:00,0.786516853933,0,0.699885189533,0.0395975150168,0.0670140265668,0.0670140265668,0.0,0.0,0.0
1442,2015-09-12 23:41:00,0.76404494382,0,0.724721550941,0.00381865841337,0.00647790744998,0.00647790744998,0.0,0.0,0.0
1443,2015-09-12 23:51:00,0.797752808989,0,0.735623836517,0.000807759177405,0.00138360952936,0.00138360952936,0.0,0.0,0.0
1444,2015-09-13 00:16:00,0.662921348315,0,0.745761156082,0.00270313071087,0.00459048777571,0.00459048777571,0.0,0.0,0.0
1445,2015-09-13 00:21:00,0.730337078652,0,0.761597514153,0.0097369812429,0.0164914274389,0.0164914274389,0.0,0.0,0.0
1446,2015-09-13 00:26:00,0.685393258427,0,0.758682608604,0.000803468807135,0.00137635042747,0.00137635042747,0.0,0.0,0.0
1447,2015-09-13 02:21:00,0.752808988764,0,0.765655398369,0.00644200854003,0.0109164907595,0.0109164907595,0.0,0.0,0.0
1448,2015-09-13 02:26:00,0.741573033708,0,0.76442784071,0.000134997739224,0.000245329259249,0.000245329259249,0.0,0.0,0.0
1449,2015-09-13 02:36:00,0.606741573034,0,0.771201312542,0.000877834798303,0.00150217413809,0.00150217413809,0.0,0.0,0.0
1450,2015-09-13 02:56:00,0.640449438202,0,0.773546755314,0.0278239771724,0.0470937620017,0.0470937620017,0.0,0.0,0.0
1451,2015-09-13 04:41:00,0.719101123596,0,0.755367696285,0.0132061997429,0.0223611796975,0.0223611796975,0.0,0.0,0.0
1452,2015-09-13 04:46:00,0.719101123596,0,0.742708444595,0.000557305233087,0.000959853399465,0.000959853399465,0.0,0.0,0.0
1453,2015-09-13 04:51:00,0.786516853933,0,0.73947262764,0.000414997863118,0.000719076115965,0.000719076115965,0.0,0.0,0.0
1454,2015-09-13 05:21:00,0.741573033708,0,0.733754456043,0.002783869626,0.00472709416975,0.00472709416975,0.0,0.0,0.0
1455,2015-09-13 06:11:00,0.786516853933,0,0.735796153545,3.33723692165e-05,7.33839796042e-05,7.33839796042e-05,0.0,0.0,0.0
1456,2015-09-13 06:21:00,0.85393258427,0,0.730726003647,0.00311261811294,0.00528332093198,0.00528332093198,0.0,0.0,0.0
1457,2015-09-13 06:41:00,0.674157303371,0,0.732339680195,0.0147848287597,0.0250321447109,0.0250321447109,0.0,0.0,0.0
1458,2015-09-13 06:46:00,0.719101123596,0,0.743040502071,0.00474489247426,0.00804505130989,0.00804505130989,0.0,0.0,0.0
1459,2015-09-13 06:51:00,0.719101123596,0,0.730520069599,0.000130392159917,0.000237536838698,0.000237536838698,0.0,0.0,0.0
1460,2015-09-13 07:11:00,0.719101123596,0,0.727167785168,6.50709116599e-05,0.000127016401748,0.000127016401748,0.0,0.0,0.0
1461,2015-09-13 07:16:00,0.696629213483,0,0.724682331085,3.11497933581e-05,6.9623487244e-05,6.9623487244e-05,0.0,0.0,0.0
1462,2015-09-13 07:21:00,0.741573033708,0,0.722687244415,0.000679020304233,0.00116578949538,0.00116578949538,0.0,0.0,0.0
1463,2015-09-13 07:36:00,0.696629213483,0,0.718169033527,0.000547747302335,0.000943681836439,0.000943681836439,0.0,0.0,0.0
1464,2015-09-13 07:46:00,0.730337078652,0,0.719904243946,0.000541726476513,0.000933494886275,0.000933494886275,0.0,0.0,0.0
1465,2015-09-13 07:56:00,0.85393258427,0,0.7155367136,0.000219050940359,0.000387543267161,0.000387543267161,0.0,0.0,0.0
1466,2015-09-13 08:01:00,0.797752808989,0,0.716126382351,0.0189905427396,0.0321480121988,0.0321480121988,0.0,0.0,0.0
1467,2015-09-13 08:16:00,0.730337078652,0,0.732260465622,0.0042892456986,0.00727411869479,0.00727411869479,0.0,0.0,0.0
1468,2015-09-13 08:31:00,0.865168539326,0,0.739755749702,8.87112764758e-05,0.000167014771632,0.000167014771632,0.0,0.0,0.0
1469,2015-09-13 08:41:00,0.696629213483,0,0.739438712597,0.0158079825342,0.0267632721041,0.0267632721041,0.0,0.0,0.0
1470,2015-09-13 08:56:00,0.674157303371,0,0.758657336235,0.00384748633951,0.00652668292624,0.00652668292624,0.0,0.0,0.0
1471,2015-09-13 09:06:00,0.842696629213,0,0.754092693329,0.00638966355473,0.0108279255406,0.0108279255406,0.0,0.0,0.0
1472,2015-09-13 09:11:00,0.76404494382,0,0.748442590237,0.00888381991535,0.0150479191591,0.0150479191591,0.0,0.0,0.0
1473,2015-09-13 09:16:00,0.775280898876,0,0.766171336174,4.52155882158e-06,2.45697842809e-05,2.45697842809e-05,0.0,0.0,0.0
1474,2015-09-13 09:31:00,0.842696629213,0,0.770118176937,2.66536353593e-05,6.20162023271e-05,6.20162023271e-05,0.0,0.0,0.0
1475,2015-09-13 09:36:00,0.752808988764,0,0.775448620319,0.00452229194343,0.00766842182731,0.00766842182731,0.0,0.0,0.0
1476,2015-09-13 09:46:00,0.662921348315,0,0.789653837681,0.00135754293296,0.00231381742516,0.00231381742516,0.0,0.0,0.0
1477,2015-09-13 09:51:00,0.595505617978,0,0.789422392845,0.016002509743,0.0270924028646,0.0270924028646,0.0,0.0,0.0
1478,2015-09-13 10:01:00,0.775280898876,0,0.776731073856,0.0328426733613,0.055585156617,0.055585156617,0.0,0.0,0.0
1479,2015-09-13 10:06:00,0.752808988764,0,0.755712866783,0.00038290763041,0.000664780972574,0.000664780972574,0.0,0.0,0.0
1480,2015-09-13 10:11:00,0.606741573034,0,0.760195434093,5.45595830772e-05,0.00010923173506,0.00010923173506,0.0,0.0,0.0
1481,2015-09-13 10:16:00,0.719101123596,0,0.757734119892,0.0227987561375,0.0385913276582,0.0385913276582,0.0,0.0,0.0
1482,2015-09-13 10:21:00,0.831460674157,0,0.734653949738,0.00024189017131,0.000426186156751,0.000426186156751,0.0,0.0,0.0
1483,2015-09-13 10:26:00,0.797752808989,0,0.728592395782,0.0105818789452,0.017920954059,0.017920954059,0.0,0.0,0.0
1484,2015-09-13 10:31:00,0.730337078652,0,0.735713839531,0.00384883233346,0.00652896028382,0.00652896028382,0.0,0.0,0.0
1485,2015-09-13 10:36:00,0.662921348315,0,0.736555337906,3.86666906707e-05,8.2341719024e-05,8.2341719024e-05,0.0,0.0,0.0
1486,2015-09-13 10:41:00,0.606741573034,0,0.729626357555,0.00444955565035,0.00754535548814,0.00754535548814,0.0,0.0,0.0
1487,2015-09-13 10:46:00,0.719101123596,0,0.71651506424,0.0120502253994,0.0204053262356,0.0204053262356,0.0,0.0,0.0
1488,2015-09-13 10:51:00,0.808988764045,0,0.699106514454,0.000399784679757,0.00069333613522,0.00069333613522,0.0,0.0,0.0
1489,2015-09-13 10:56:00,0.707865168539,0,0.697573721409,0.0124133089557,0.0210196462978,0.0210196462978,0.0,0.0,0.0
1490,2015-09-13 11:06:00,0.674157303371,0,0.705929279327,3.74770593226e-06,2.32604620964e-05,2.32604620964e-05,0.0,0.0,0.0
1491,2015-09-13 11:11:00,0.831460674157,0,0.700785815716,0.00070907670306,0.00121664348884,0.00121664348884,0.0,0.0,0.0
1492,2015-09-13 11:16:00,0.52808988764,0,0.693594455719,0.0190070886165,0.0321760070334,0.0321760070334,0.0,0.0,0.0
1493,2015-09-13 11:26:00,0.640449438202,0,0.707103967667,0.0320460423827,0.0542372949918,0.0542372949918,0.0,0.0,0.0
1494,2015-09-13 11:31:00,0.730337078652,0,0.683139979839,0.00182248011697,0.00310046896813,0.00310046896813,0.0,0.0,0.0
1495,2015-09-13 11:36:00,0.719101123596,0,0.676988840103,0.00284603494219,0.00483227492015,0.00483227492015,0.0,0.0,0.0
1496,2015-09-13 11:41:00,0.786516853933,0,0.681223273277,0.0014347321121,0.00244441783519,0.00244441783519,0.0,0.0,0.0
1497,2015-09-13 11:46:00,0.775280898876,0,0.682658135891,0.0107866311446,0.0182673850159,0.0182673850159,0.0,0.0,0.0
1498,2015-09-13 11:51:00,0.696629213483,0,0.692019343376,0.00693248584867,0.0117463549753,0.0117463549753,0.0,0.0,0.0
1499,2015-09-13 11:56:00,0.741573033708,0,0.699722409248,9.56778148975e-06,3.31077523863e-05,3.31077523863e-05,0.0,0.0,0.0
1500,2015-09-13 12:01:00,0.640449438202,0,0.698859810829,0.00182441959623,0.00310375047455,0.00310375047455,0.0,0.0,0.0
1501,2015-09-13 12:06:00,0.685393258427,0,0.705276012421,0.00420248135924,0.00712731757029,0.00712731757029,0.0,0.0,0.0
1502,2015-09-13 12:11:00,0.786516853933,0,0.699671387672,0.000203864532523,0.000361848589326,0.000361848589326,0.0,0.0,0.0
1503,2015-09-13 12:16:00,0.719101123596,0,0.700975596905,0.00731730507687,0.0123974507578,0.0123974507578,0.0,0.0,0.0
1504,2015-09-13 12:21:00,0.685393258427,0,0.714119672775,2.48149262916e-05,5.89051942707e-05,5.89051942707e-05,0.0,0.0,0.0
1505,2015-09-13 12:26:00,0.797752808989,0,0.717050909996,0.00100220588502,0.00171260408568,0.00171260408568,0.0,0.0,0.0
1506,2015-09-13 12:31:00,0.685393258427,0,0.716094553471,0.00666806893423,0.0112989741659,0.0112989741659,0.0,0.0,0.0
1507,2015-09-13 12:41:00,0.640449438202,0,0.729571998119,0.00195175968111,0.00331920382544,0.00331920382544,0.0,0.0,0.0
1508,2015-09-13 12:46:00,0.651685393258,0,0.727048754692,0.00749943731353,0.0127056098166,0.0127056098166,0.0,0.0,0.0
1509,2015-09-13 12:53:00,0.910112359551,0,0.719717264175,0.00462833233178,0.00784783710743,0.00784783710743,0.0,0.0,0.0
1510,2015-09-13 12:58:00,0.561797752809,0,0.714378356934,0.0383118093014,0.0648386738103,0.0648386738103,0.0,0.0,0.0
1511,2015-09-13 13:03:00,0.719101123596,0,0.740869760513,0.0320667885244,0.0542723964741,0.0542723964741,0.0,0.0,0.0
1512,2015-09-13 13:08:00,0.76404494382,0,0.718873620033,5.17612228634e-08,1.70070999038e-05,1.70070999038e-05,0.0,0.0,0.0
1513,2015-09-13 13:13:00,0.820224719101,0,0.720231771469,0.00191959377844,0.00326478065209,0.00326478065209,0.0,0.0,0.0
1514,2015-09-13 13:18:00,0.752808988764,0,0.725693523884,0.00893614348024,0.0151364481356,0.0151364481356,0.0,0.0,0.0
1515,2015-09-13 13:23:00,0.85393258427,0,0.73688185215,0.000253673671978,0.000446123277938,0.000446123277938,0.0,0.0,0.0
1516,2015-09-13 13:33:00,0.584269662921,0,0.738540649414,0.0133152930066,0.0225457602972,0.0225457602972,0.0,0.0,0.0
1517,2015-09-13 13:38:00,0.741573033708,0,0.754251003265,0.0288936626166,0.0489036187612,0.0489036187612,0.0,0.0,0.0
1518,2015-09-13 13:43:00,0.865168539326,0,0.734413087368,5.12648621225e-05,0.000103657224327,0.000103657224327,0.0,0.0,0.0
1519,2015-09-13 13:48:00,0.707865168539,0,0.738224446774,0.0161147955805,0.0272823851469,0.0272823851469,0.0,0.0,0.0
1520,2015-09-13 13:53:00,0.752808988764,0,0.75645416975,0.0023608901538,0.00401143307423,0.00401143307423,0.0,0.0,0.0
1521,2015-09-13 13:58:00,0.741573033708,0,0.751807630062,1.0027179087e-06,1.86160732661e-05,1.86160732661e-05,0.0,0.0,0.0
1522,2015-09-13 14:03:00,0.932584269663,0,0.7544516325,0.000165858262335,0.000297543792647,0.000297543792647,0.0,0.0,0.0
1523,2015-09-13 14:13:00,0.775280898876,0,0.755224764347,0.031456399709,0.0532396477073,0.0532396477073,0.0,0.0,0.0
1524,2015-09-13 14:18:00,0.696629213483,0,0.780999064445,3.2697487768e-05,7.22421123777e-05,7.22421123777e-05,0.0,0.0,0.0
1525,2015-09-13 14:28:00,0.76404494382,0,0.783393204212,0.00752798793837,0.0127539161123,0.0127539161123,0.0,0.0,0.0
1526,2015-09-13 14:38:00,0.719101123596,0,0.776253163815,0.000149040715769,0.000269089305869,0.000269089305869,0.0,0.0,0.0
1527,2015-09-13 14:43:00,0.775280898876,0,0.779426634312,0.00363916624337,0.00617421525815,0.00617421525815,0.0,0.0,0.0
1528,2015-09-13 14:48:00,0.730337078652,0,0.775190472603,8.17582090917e-09,1.69333554822e-05,1.69333554822e-05,0.0,0.0,0.0
1529,2015-09-13 14:53:00,0.786516853933,0,0.778149187565,0.0022859973833,0.0038847180781,0.0038847180781,0.0,0.0,0.0
1530,2015-09-13 15:03:00,0.719101123596,0,0.773395478725,0.000172170257429,0.000308223387333,0.000308223387333,0.0,0.0,0.0
1531,2015-09-13 15:13:00,0.752808988764,0,0.775917649269,0.00322811678052,0.00547873916952,0.00547873916952,0.0,0.0,0.0
1532,2015-09-13 15:18:00,0.797752808989,0,0.768091022968,0.000233540587942,0.000412059059875,0.000412059059875,0.0,0.0,0.0
1533,2015-09-13 15:23:00,0.640449438202,0,0.765181481838,0.00106089061592,0.00181189585175,0.00181189585175,0.0,0.0,0.0
1534,2015-09-13 15:28:00,0.752808988764,0,0.767721772194,0.0161982402205,0.0274235694985,0.0274235694985,0.0,0.0,0.0
1535,2015-09-13 15:33:00,0.696629213483,0,0.74882787466,1.58492639457e-05,4.37357211445e-05,4.37357211445e-05,0.0,0.0,0.0
1536,2015-09-13 15:43:00,0.696629213483,0,0.746719121933,0.00250899768434,0.00426202395283,0.00426202395283,0.0,0.0,0.0
1537,2015-09-13 15:48:00,0.730337078652,0,0.736506462097,0.00159019394778,0.00270745184734,0.00270745184734,0.0,0.0,0.0
1538,2015-09-13 15:53:00,0.662921348315,0,0.727072656155,1.06564848465e-05,3.49497865469e-05,3.49497865469e-05,0.0,0.0,0.0
1539,2015-09-13 15:58:00,0.831460674157,0,0.722286224365,0.00352418608963,0.00597967432131,0.00597967432131,0.0,0.0,0.0
1540,2015-09-13 16:03:00,0.741573033708,0,0.70939874649,0.0148991094902,0.0252255022569,0.0252255022569,0.0,0.0,0.0
1541,2015-09-13 16:08:00,0.606741573034,0,0.718033313751,0.000554118538275,0.000954461663813,0.000954461663813,0.0,0.0,0.0
1542,2015-09-13 16:13:00,0.707865168539,0,0.714747428894,0.0116652706638,0.019754001181,0.019754001181,0.0,0.0,0.0
1543,2015-09-13 16:18:00,0.662921348315,0,0.697326600552,0.000111061628559,0.000204830501492,0.000204830501492,0.0,0.0,0.0
1544,2015-09-13 16:23:00,0.707865168539,0,0.694775104523,0.00101466046181,0.00173367663566,0.00173367663566,0.0,0.0,0.0
1545,2015-09-13 16:28:00,0.730337078652,0,0.687015116215,0.000434725108789,0.00075245367487,0.00075245367487,0.0,0.0,0.0
1546,2015-09-13 16:33:00,0.674157303371,0,0.685319662094,0.00202656816691,0.00344577621589,0.00344577621589,0.0,0.0,0.0
1547,2015-09-13 16:38:00,0.685393258427,0,0.686210691929,0.000145283745951,0.000262732692103,0.000262732692103,0.0,0.0,0.0
1548,2015-09-13 16:43:00,0.685393258427,0,0.681042909622,1.89256679732e-05,4.89408500486e-05,4.89408500486e-05,0.0,0.0,0.0
1549,2015-09-13 16:48:00,0.797752808989,0,0.678508162498,4.74047592434e-05,9.71261143397e-05,9.71261143397e-05,0.0,0.0,0.0
1550,2015-09-13 16:58:00,0.741573033708,0,0.676687180996,0.0146568836644,0.0248156677112,0.0248156677112,0.0,0.0,0.0
1551,2015-09-13 17:03:00,0.741573033708,0,0.687953054905,0.00287510245107,0.00488145575897,0.00488145575897,0.0,0.0,0.0
1552,2015-09-13 17:08:00,0.696629213483,0,0.692286431789,0.00242916936986,0.00412695825165,0.00412695825165,0.0,0.0,0.0
1553,2015-09-13 17:13:00,0.775280898876,0,0.697816550732,1.40973952512e-06,1.93047344306e-05,1.93047344306e-05,0.0,0.0,0.0
1554,2015-09-13 17:18:00,0.696629213483,0,0.699093580246,0.00580450659618,0.00983786787228,0.00983786787228,0.0,0.0,0.0
1555,2015-09-13 17:23:00,0.629213483146,0,0.710621774197,0.000195791406441,0.000348189244994,0.000348189244994,0.0,0.0,0.0
1556,2015-09-13 17:28:00,0.831460674157,0,0.712385058403,0.00691750599071,0.0117210097701,0.0117210097701,0.0,0.0,0.0
1557,2015-09-13 17:33:00,0.786516853933,0,0.7068541646,0.0155267771333,0.0262874859763,0.0262874859763,0.0,0.0,0.0
1558,2015-09-13 17:38:00,0.775280898876,0,0.726113736629,0.00364853558131,0.00619006773112,0.00619006773112,0.0,0.0,0.0
1559,2015-09-13 17:43:00,0.797752808989,0,0.737408101559,0.00143434829079,0.00244376842783,0.00244376842783,0.0,0.0,0.0
1560,2015-09-13 17:48:00,0.752808988764,0,0.746999800205,0.0025758666452,0.00437516304569,0.00437516304569,0.0,0.0,0.0
1561,2015-09-13 17:53:00,0.662921348315,0,0.759449720383,4.4099324441e-05,9.15334762869e-05,9.15334762869e-05,0.0,0.0,0.0
1562,2015-09-13 17:58:00,0.831460674157,0,0.765605390072,0.0105440085754,0.0178568791992,0.0178568791992,0.0,0.0,0.0
1563,2015-09-13 18:03:00,0.662921348315,0,0.759802043438,0.00513495644554,0.00870502094756,0.00870502094756,0.0,0.0,0.0
1564,2015-09-13 18:08:00,0.719101123596,0,0.776386976242,0.0128744440153,0.0217998648276,0.0217998648276,0.0,0.0,0.0
1565,2015-09-13 18:13:00,0.696629213483,0,0.767450809479,0.00233769137412,0.00397218184535,0.00397218184535,0.0,0.0,0.0
1566,2015-09-13 18:18:00,0.674157303371,0,0.766308546066,0.00485520763323,0.00823169929804,0.00823169929804,0.0,0.0,0.0
1567,2015-09-13 18:23:00,0.76404494382,0,0.760579645634,0.00746881822124,0.0126538037726,0.0126538037726,0.0,0.0,0.0
1568,2015-09-13 18:28:00,0.719101123596,0,0.750913143158,0.000172444095369,0.00030868670807,0.00030868670807,0.0,0.0,0.0
1569,2015-09-13 18:33:00,0.786516853933,0,0.752061367035,0.00108637718949,0.00185501791882,0.00185501791882,0.0,0.0,0.0
1570,2015-09-13 18:38:00,0.741573033708,0,0.745472550392,0.00168463413138,0.00286724013424,0.00286724013424,0.0,0.0,0.0
1571,2015-09-13 18:43:00,0.674157303371,0,0.74729269743,3.27145316987e-05,7.22709498957e-05,7.22709498957e-05,0.0,0.0,0.0
1572,2015-09-13 18:48:00,0.606741573034,0,0.742701351643,0.00469828397036,0.00796619194399,0.00796619194399,0.0,0.0,0.0
1573,2015-09-13 18:53:00,0.76404494382,0,0.730572998524,0.0153342280537,0.025961702116,0.025961702116,0.0,0.0,0.0
1574,2015-09-13 18:58:00,0.842696629213,0,0.711978137493,0.00271095195785,0.00460372095261,0.00460372095261,0.0,0.0,0.0
1575,2015-09-13 19:03:00,0.730337078652,0,0.713757872581,0.0166251976043,0.0281459610306,0.0281459610306,0.0,0.0,0.0
1576,2015-09-13 19:13:00,0.629213483146,0,0.723189949989,5.10815152666e-05,0.00010334701019,0.00010334701019,0.0,0.0,0.0
1577,2015-09-13 19:18:00,0.820224719101,0,0.718589425087,0.00798805430532,0.013532326465,0.013532326465,0.0,0.0,0.0
1578,2015-09-13 19:23:00,0.674157303371,0,0.704283237457,0.0134424231946,0.0227608585127,0.0227608585127,0.0,0.0,0.0
1579,2015-09-13 19:33:00,0.76404494382,0,0.714800298214,0.00165185157675,0.00281177361518,0.00281177361518,0.0,0.0,0.0
1580,2015-09-13 19:38:00,0.707865168539,0,0.707084476948,0.00324449432082,0.00550644918669,0.00550644918669,0.0,0.0,0.0
1581,2015-09-13 19:43:00,0.640449438202,0,0.711832225323,1.5737459762e-05,4.35465537975e-05,4.35465537975e-05,0.0,0.0,0.0
1582,2015-09-13 19:48:00,0.831460674157,0,0.709933102131,0.00482797576115,0.00818562426914,0.00818562426914,0.0,0.0,0.0
1583,2015-09-13 19:53:00,0.831460674157,0,0.701246261597,0.016955787316,0.0287053030573,0.0287053030573,0.0,0.0,0.0
1584,2015-09-13 19:58:00,0.741573033708,0,0.715971648693,0.0133377108723,0.0225836902569,0.0225836902569,0.0,0.0,0.0
1585,2015-09-13 20:03:00,0.606741573034,0,0.729145348072,0.000154447421664,0.000278237194404,0.000278237194404,0.0,0.0,0.0
1586,2015-09-13 20:08:00,0.539325842697,0,0.73173058033,0.0156222581863,0.0264490353646,0.0264490353646,0.0,0.0,0.0
1587,2015-09-13 20:13:00,0.629213483146,0,0.71958142519,0.0324920788407,0.0549919674077,0.0549919674077,0.0,0.0,0.0
1588,2015-09-13 20:18:00,0.640449438202,0,0.701608777046,0.00524107459933,0.00888456780309,0.00888456780309,0.0,0.0,0.0
1589,2015-09-13 20:28:00,0.775280898876,0,0.695284843445,0.00300691882148,0.00510448277153,0.00510448277153,0.0,0.0,0.0
1590,2015-09-13 20:33:00,0.752808988764,0,0.688588500023,0.00751557108015,0.0127329073803,0.0127329073803,0.0,0.0,0.0
1591,2015-09-13 20:38:00,0.662921348315,0,0.695772647858,0.00325314421207,0.00552108439016,0.00552108439016,0.0,0.0,0.0
1592,2015-09-13 20:48:00,0.584269662921,0,0.697966277599,0.00122814555652,0.00209488323505,0.00209488323505,0.0,0.0,0.0
1593,2015-09-13 20:53:00,0.640449438202,0,0.690071880817,0.011194113642,0.0189568259691,0.0189568259691,0.0,0.0,0.0
1594,2015-09-13 20:58:00,0.797752808989,0,0.675262451172,0.00121194403619,0.00206747103527,0.00206747103527,0.0,0.0,0.0
1595,2015-09-13 21:03:00,0.775280898876,0,0.668559610844,0.0166908800602,0.0282570926137,0.0282570926137,0.0,0.0,0.0
1596,2015-09-13 21:08:00,0.831460674157,0,0.678723573685,0.00932331569493,0.0157915250591,0.0157915250591,0.0,0.0,0.0
1597,2015-09-13 21:13:00,0.550561797753,0,0.684762716293,0.0215202849358,0.036428215354,0.036428215354,0.0,0.0,0.0
1598,2015-09-13 21:18:00,0.730337078652,0,0.697814762592,0.0216834396124,0.036704265286,0.036704265286,0.0,0.0,0.0
1599,2015-09-13 21:43:00,0.662921348315,0,0.680322706699,0.00250143790618,0.00424923316868,0.00424923316868,0.0,0.0,0.0
1600,2015-09-13 22:03:00,0.76404494382,0,0.686719715595,0.000566361297388,0.000975175828387,0.000975175828387,0.0,0.0,0.0
1601,2015-09-13 22:13:00,0.685393258427,0,0.684830665588,0.00627490133047,0.0106337533301,0.0106337533301,0.0,0.0,0.0
1602,2015-09-13 22:28:00,0.662921348315,0,0.694796621799,8.84229521034e-05,0.000166526940544,0.000166526940544,0.0,0.0,0.0
1603,2015-09-13 22:33:00,0.752808988764,0,0.694889008999,0.00102193001658,0.00174597637566,0.00174597637566,0.0,0.0,0.0
1604,2015-09-13 22:38:00,0.651685393258,0,0.693160295486,0.0035579665564,0.00603682926012,0.00603682926012,0.0,0.0,0.0
1605,2015-09-13 22:43:00,0.76404494382,0,0.702003419399,0.00253190146759,0.00430077606182,0.00430077606182,0.0,0.0,0.0
1606,2015-09-13 22:48:00,0.820224719101,0,0.698136329651,0.00434394506738,0.0073666674182,0.0073666674182,0.0,0.0,0.0
1607,2015-09-13 22:58:00,0.662921348315,0,0.707883656025,0.0126205105335,0.0213702214861,0.0213702214861,0.0,0.0,0.0
1608,2015-09-13 23:03:00,0.573033707865,0,0.722942352295,0.00360251846723,0.00611220896861,0.00611220896861,0.0,0.0,0.0
1609,2015-09-13 23:13:00,0.651685393258,0,0.718548119068,0.0211744494736,0.0358430782445,0.0358430782445,0.0,0.0,0.0
1610,2015-09-13 23:18:00,0.752808988764,0,0.70521402359,0.00286531168967,0.0048648902576,0.0048648902576,0.0,0.0,0.0
1611,2015-09-13 23:28:00,0.662921348315,0,0.702337682247,0.0025473528076,0.00432691899225,0.00432691899225,0.0,0.0,0.0
1612,2015-09-13 23:33:00,0.640449438202,0,0.709703862667,0.00218860176392,0.00371992933481,0.00371992933481,0.0,0.0,0.0
1613,2015-09-13 23:38:00,0.662921348315,0,0.704274535179,0.00407363986596,0.00690932390798,0.00690932390798,0.0,0.0,0.0
1614,2015-09-13 23:48:00,0.662921348315,0,0.696571171284,0.00113230920397,0.00193273269686,0.00193273269686,0.0,0.0,0.0
1615,2015-09-13 23:59:00,0.550561797753,0,0.691644787788,0.000825034803711,0.00141283906522,0.00141283906522,0.0,0.0,0.0
1616,2015-09-14 00:03:00,0.573033707865,0,0.686292350292,0.0184227861464,0.0311873951187,0.0311873951187,0.0,0.0,0.0
1617,2015-09-14 00:18:00,0.696629213483,0,0.668496847153,0.00911321397871,0.0154360429747,0.0154360429747,0.0,0.0,0.0
1618,2015-09-14 00:33:00,0.775280898876,0,0.65486562252,0.00174419861287,0.00296802039635,0.00296802039635,0.0,0.0,0.0
1619,2015-09-14 01:08:00,0.674157303371,0,0.654226601124,0.0146541418508,0.0248110286932,0.0248110286932,0.0,0.0,0.0
1620,2015-09-14 01:33:00,0.629213483146,0,0.659990370274,0.000200702503207,0.000356498586518,0.000356498586518,0.0,0.0,0.0
1621,2015-09-14 01:53:00,0.685393258427,0,0.654510200024,0.000639922451228,0.00109963779263,0.00109963779263,0.0,0.0,0.0
1622,2015-09-14 01:58:00,0.685393258427,0,0.646479070187,0.00151431525592,0.00257906871929,0.00257906871929,0.0,0.0,0.0
1623,2015-09-14 02:08:00,0.741573033708,0,0.646115899086,0.00154271221254,0.00262711501567,0.00262711501567,0.0,0.0,0.0
1624,2015-09-14 02:23:00,0.76404494382,0,0.646292924881,0.00907829962671,0.0153769695562,0.0153769695562,0.0,0.0,0.0
1625,2015-09-14 02:28:00,0.707865168539,0,0.652986705303,0.0123339314014,0.0208853432612,0.0208853432612,0.0,0.0,0.0
1626,2015-09-14 02:33:00,0.629213483146,0,0.662422835827,0.0020650064107,0.0035108118913,0.0035108118913,0.0,0.0,0.0
1627,2015-09-14 02:48:00,0.629213483146,0,0.666843354702,0.00141600507777,0.00241273258618,0.00241273258618,0.0,0.0,0.0
1628,2015-09-14 02:53:00,0.685393258427,0,0.664526998997,0.00124704232439,0.00212685566512,0.00212685566512,0.0,0.0,0.0
1629,2015-09-14 03:18:00,0.606741573034,0,0.663812041283,0.000465749588329,0.000804945614727,0.000804945614727,0.0,0.0,0.0
1630,2015-09-14 03:33:00,0.584269662921,0,0.669388413429,0.00392462965101,0.00665720573042,0.00665720573042,0.0,0.0,0.0
1631,2015-09-14 03:38:00,0.52808988764,0,0.665638685226,0.00662092119455,0.0112192024388,0.0112192024388,0.0,0.0,0.0
1632,2015-09-14 03:43:00,0.573033707865,0,0.659834802151,0.017356723547,0.0293836680399,0.0293836680399,0.0,0.0,0.0
1633,2015-09-14 03:48:00,0.640449438202,0,0.648085534573,0.00563277909532,0.00954731313034,0.00954731313034,0.0,0.0,0.0
1634,2015-09-14 04:03:00,0.640449438202,0,0.641218841076,5.91940590766e-07,1.79210576337e-05,1.79210576337e-05,0.0,0.0,0.0
1635,2015-09-14 04:08:00,0.539325842697,0,0.63998991251,2.11187867194e-07,1.72768421831e-05,1.72768421831e-05,0.0,0.0,0.0
1636,2015-09-14 04:23:00,0.674157303371,0,0.636998653412,0.00953997951001,0.0161581099017,0.0161581099017,0.0,0.0,0.0
1637,2015-09-14 04:28:00,0.606741573034,0,0.623058974743,0.00261104106903,0.00443467649337,0.00443467649337,0.0,0.0,0.0
1638,2015-09-14 04:43:00,0.865168539326,0,0.624390006065,0.000311468087602,0.00054390867302,0.00054390867302,0.0,0.0,0.0
1639,2015-09-14 04:48:00,0.786516853933,0,0.617705821991,0.0612377822399,0.103628326707,0.103628326707,0.0,0.0,0.0
1640,2015-09-14 04:53:00,0.775280898876,0,0.636695921421,0.022446308285,0.0379950026997,0.0379950026997,0.0,0.0,0.0
1641,2015-09-14 04:58:00,0.539325842697,0,0.646852552891,0.0164938382804,0.027923707319,0.027923707319,0.0,0.0,0.0
1642,2015-09-14 05:03:00,0.719101123596,0,0.657885611057,0.014056420885,0.0237997133239,0.0237997133239,0.0,0.0,0.0
1643,2015-09-14 05:08:00,0.685393258427,0,0.646710276604,0.00524043571204,0.00888348683627,0.00888348683627,0.0,0.0,0.0
1644,2015-09-14 05:13:00,0.842696629213,0,0.657763540745,0.000763402145822,0.00130855954727,0.00130855954727,0.0,0.0,0.0
1645,2015-09-14 05:18:00,0.629213483146,0,0.6644526124,0.0317709222436,0.0537718048366,0.0537718048366,0.0,0.0,0.0
1646,2015-09-14 05:23:00,0.629213483146,0,0.688332557678,0.00349506153725,0.00593039696759,0.00593039696759,0.0,0.0,0.0
1647,2015-09-14 05:28:00,0.629213483146,0,0.687074065208,0.00334784365259,0.00568131132741,0.00568131132741,0.0,0.0,0.0
1648,2015-09-14 05:33:00,0.752808988764,0,0.687685787678,0.00341900694184,0.00580171621912,0.00580171621912,0.0,0.0,0.0
1649,2015-09-14 05:38:00,0.741573033708,0,0.68831551075,0.00415940862149,0.00705444055211,0.00705444055211,0.0,0.0,0.0
1650,2015-09-14 05:43:00,0.719101123596,0,0.702093183994,0.00155865866691,0.002654095656,0.002654095656,0.0,0.0,0.0
1651,2015-09-14 05:48:00,0.820224719101,0,0.711851418018,5.25583382114e-05,0.000105845724185,0.000105845724185,0.0,0.0,0.0
1652,2015-09-14 05:53:00,0.651685393258,0,0.717793107033,0.0104922316968,0.0177692751899,0.0177692751899,0.0,0.0,0.0
1653,2015-09-14 05:58:00,0.797752808989,0,0.735409677029,0.00700975162908,0.0118770849911,0.0118770849911,0.0,0.0,0.0
1654,2015-09-14 06:03:00,0.752808988764,0,0.730784595013,0.0044847400859,0.00760488587517,0.00760488587517,0.0,0.0,0.0
1655,2015-09-14 06:08:00,0.685393258427,0,0.74526900053,5.68514115002e-05,0.000113109399457,0.000113109399457,0.0,0.0,0.0
1656,2015-09-14 06:13:00,0.741573033708,0,0.75202691555,0.00444004219025,0.00752925916734,0.00752925916734,0.0,0.0,0.0
1657,2015-09-14 06:18:00,0.741573033708,0,0.749648869038,6.52190865367e-05,0.000127267106573,0.000127267106573,0.0,0.0,0.0
1658,2015-09-14 06:23:00,0.573033707865,0,0.754362881184,0.000163580145454,0.000293689327526,0.000293689327526,0.0,0.0,0.0
1659,2015-09-14 06:28:00,0.730337078652,0,0.757442235947,0.0340065099299,0.057554312589,0.057554312589,0.0,0.0,0.0
1660,2015-09-14 06:33:00,0.685393258427,0,0.738002538681,5.87592039665e-05,0.00011633729333,0.00011633729333,0.0,0.0,0.0
1661,2015-09-14 06:38:00,0.629213483146,0,0.73950022459,0.00292756222188,0.00497021518944,0.00497021518944,0.0,0.0,0.0
1662,2015-09-14 06:43:00,0.797752808989,0,0.732605099678,0.010689820163,0.0181035854518,0.0181035854518,0.0,0.0,0.0
1663,2015-09-14 08:23:00,0.786516853933,0,0.71832972765,0.00630802381784,0.0106897949991,0.0106897949991,0.0,0.0,0.0
1664,2015-09-14 08:28:00,0.696629213483,0,0.724404394627,0.00385795650072,0.00654439793971,0.00654439793971,0.0,0.0,0.0
1665,2015-09-14 08:33:00,0.662921348315,0,0.72666734457,0.000902288535144,0.00154354869465,0.00154354869465,0.0,0.0,0.0
1666,2015-09-14 08:38:00,0.752808988764,0,0.718345046043,0.00307178404182,0.00521423163099,0.00521423163099,0.0,0.0,0.0
1667,2015-09-14 08:43:00,0.76404494382,0,0.70805811882,0.00200264039449,0.00340529156605,0.00340529156605,0.0,0.0,0.0
1668,2015-09-14 08:48:00,0.741573033708,0,0.70959597826,0.00296468939632,0.00503303259803,0.00503303259803,0.0,0.0,0.0
1669,2015-09-14 08:53:00,0.707865168539,0,0.711998343468,0.000874662422575,0.00149680662965,0.00149680662965,0.0,0.0,0.0
1670,2015-09-14 08:58:00,0.696629213483,0,0.712145626545,1.83222346095e-05,4.79198695743e-05,4.79198695743e-05,0.0,0.0,0.0
1671,2015-09-14 09:03:00,0.752808988764,0,0.70947933197,0.000165125224157,0.000296303527008,0.000296303527008,0.0,0.0,0.0
1672,2015-09-14 09:08:00,0.741573033708,0,0.706762671471,0.00212026317604,0.00360430370311,0.00360430370311,0.0,0.0,0.0
1673,2015-09-14 09:13:00,0.606741573034,0,0.711272716522,0.000918109319173,0.00157031670675,0.00157031670675,0.0,0.0,0.0
1674,2015-09-14 09:23:00,0.651685393258,0,0.714243888855,0.0115567529574,0.0195703943969,0.0195703943969,0.0,0.0,0.0
1675,2015-09-14 09:28:00,0.730337078652,0,0.702056467533,0.00253724283539,0.00430981340141,0.00430981340141,0.0,0.0,0.0
1676,2015-09-14 09:33:00,0.550561797753,0,0.696934580803,0.00111572712194,0.00190467660485,0.00190467660485,0.0,0.0,0.0
1677,2015-09-14 09:38:00,0.674157303371,0,0.700394153595,0.0224497392774,0.0380008077752,0.0380008077752,0.0,0.0,0.0
1678,2015-09-14 09:43:00,0.640449438202,0,0.682429850101,6.8434732384e-05,0.000132707825996,0.000132707825996,0.0,0.0,0.0
1679,2015-09-14 09:48:00,0.707865168539,0,0.680039823055,0.00156739645172,0.0026688795712,0.0026688795712,0.0,0.0,0.0
1680,2015-09-14 09:53:00,0.696629213483,0,0.672674894333,0.00123835611157,0.00211215900726,0.00211215900726,0.0,0.0,0.0
1681,2015-09-14 09:58:00,0.752808988764,0,0.672522962093,0.000581111991778,0.00100013329985,0.00100013329985,0.0,0.0,0.0
1682,2015-09-14 10:03:00,0.76404494382,0,0.670461654663,0.00678108353168,0.0114901894752,0.0114901894752,0.0,0.0,0.0
1683,2015-09-14 10:08:00,0.730337078652,0,0.674769818783,0.00797004718333,0.0135018592734,0.0135018592734,0.0,0.0,0.0
1684,2015-09-14 10:13:00,0.61797752809,0,0.680454611778,0.0024882608559,0.00422693822801,0.00422693822801,0.0,0.0,0.0
1685,2015-09-14 10:18:00,0.842696629213,0,0.683413863182,0.00428191758692,0.0072617198793,0.0072617198793,0.0,0.0,0.0
1686,2015-09-14 10:23:00,0.820224719101,0,0.675754189491,0.0278697703034,0.0471712417956,0.0471712417956,0.0,0.0,0.0
1687,2015-09-14 10:28:00,0.730337078652,0,0.694660186768,0.01576644741,0.0266929966547,0.0266929966547,0.0,0.0,0.0
1688,2015-09-14 10:33:00,0.640449438202,0,0.709745824337,0.000423999939812,0.000734307200433,0.000734307200433,0.0,0.0,0.0
1689,2015-09-14 10:38:00,0.685393258427,0,0.715316951275,0.00560514070094,0.00950055028508,0.00950055028508,0.0,0.0,0.0
1690,2015-09-14 10:43:00,0.651685393258,0,0.712063014507,0.000711275089998,0.0012203630547,0.0012203630547,0.0,0.0,0.0
1691,2015-09-14 10:48:00,0.651685393258,0,0.715320527554,0.00404942734167,0.00686835747154,0.00686835747154,0.0,0.0,0.0
1692,2015-09-14 10:53:00,0.662921348315,0,0.713791012764,0.00385710503906,0.00654295730718,0.00654295730718,0.0,0.0,0.0
1693,2015-09-14 10:58:00,0.808988764045,0,0.711590707302,0.00236870441586,0.00402465443298,0.00402465443298,0.0,0.0,0.0
1694,2015-09-14 11:03:00,0.61797752809,0,0.709587812424,0.00988054648042,0.0167343329743,0.0167343329743,0.0,0.0,0.0
1695,2015-09-14 11:23:00,0.61797752809,0,0.723258972168,0.0110841887072,0.0187708382216,0.0187708382216,0.0,0.0,0.0
1696,2015-09-14 11:33:00,0.561797752809,0,0.711666822433,0.00877768918872,0.0148683510309,0.0148683510309,0.0,0.0,0.0
1697,2015-09-14 11:38:00,0.662921348315,0,0.701679468155,0.0195668991655,0.0331231797855,0.0331231797855,0.0,0.0,0.0
1698,2015-09-14 11:48:00,0.595505617978,0,0.685637235641,0.000516010564752,0.000889984789941,0.000889984789941,0.0,0.0,0.0
1699,2015-09-14 11:53:00,0.752808988764,0,0.681267976761,0.00735518615693,0.0124615437388,0.0124615437388,0.0,0.0,0.0
1700,2015-09-14 11:58:00,0.719101123596,0,0.667876422405,0.00721354084089,0.012221886619,0.012221886619,0.0,0.0,0.0
1701,2015-09-14 12:03:00,0.662921348315,0,0.671524882317,0.00226349942386,0.00384665260364,0.00384665260364,0.0,0.0,0.0
1702,2015-09-14 12:08:00,0.606741573034,0,0.669650018215,4.52747190138e-05,9.35221878507e-05,9.35221878507e-05,0.0,0.0,0.0
1703,2015-09-14 12:13:00,0.494382022472,0,0.662586450577,0.00311865308322,0.0052935318139,0.0052935318139,0.0,0.0,0.0
1704,2015-09-14 12:18:00,0.696629213483,0,0.651560306549,0.0247050132602,0.0418166238025,0.0418166238025,0.0,0.0,0.0
1705,2015-09-14 12:23:00,0.741573033708,0,0.631383419037,0.00425701541826,0.00721958659748,0.00721958659748,0.0,0.0,0.0
1706,2015-09-14 12:28:00,0.876404494382,0,0.633475720882,0.0116850296035,0.0197874323648,0.0197874323648,0.0,0.0,0.0
1707,2015-09-14 12:33:00,0.808988764045,0,0.638059437275,0.0568083785474,0.0961339868926,0.0961339868926,0.0,0.0,0.0
1708,2015-09-14 12:38:00,0.741573033708,0,0.655655860901,0.0235109757632,0.0397963692999,0.0397963692999,0.0,0.0,0.0
1709,2015-09-14 12:43:00,0.674157303371,0,0.666834771633,0.00558580830693,0.00946784079637,0.00946784079637,0.0,0.0,0.0
1710,2015-09-14 12:48:00,0.76404494382,0,0.673713922501,1.96602627511e-07,1.72521646531e-05,1.72521646531e-05,0.0,0.0,0.0
1711,2015-09-14 13:03:00,0.629213483146,0,0.676296830177,0.00769973080605,0.0130444968541,0.0130444968541,0.0,0.0,0.0
1712,2015-09-14 13:08:00,0.61797752809,0,0.690834462643,0.00379714160226,0.00644150203171,0.00644150203171,0.0,0.0,0.0
1713,2015-09-14 13:13:00,0.786516853933,0,0.690267443657,0.0052258358337,0.00885878453837,0.00885878453837,0.0,0.0,0.0
1714,2015-09-14 13:15:00,0.662921348315,0,0.68966448307,0.00938037969172,0.0158880746203,0.0158880746203,0.0,0.0,0.0
1715,2015-09-14 13:20:00,0.786516853933,0,0.707907855511,0.00202378397807,0.00344106550115,0.00344106550115,0.0,0.0,0.0
1716,2015-09-14 13:25:00,0.629213483146,0,0.708825290203,0.00603597750887,0.010229505618,0.010229505618,0.0,0.0,0.0
1717,2015-09-14 13:35:00,0.808988764045,0,0.724275112152,0.00903670769185,0.0153065979859,0.0153065979859,0.0,0.0,0.0
1718,2015-09-14 13:40:00,0.719101123596,0,0.718828618526,0.00812884885818,0.0137705441341,0.0137705441341,0.0,0.0,0.0
1719,2015-09-14 13:45:00,0.752808988764,0,0.735630452633,0.000273218465736,0.000479192136907,0.000479192136907,0.0,0.0,0.0
1720,2015-09-14 13:55:00,0.775280898876,0,0.738633394241,0.000200947455596,0.000356913034278,0.000356913034278,0.0,0.0,0.0
1721,2015-09-14 14:00:00,0.483146067416,0,0.74564063549,0.000878544873558,0.00150337555156,0.00150337555156,0.0,0.0,0.0
1722,2015-09-14 14:05:00,0.651685393258,0,0.754412591457,0.0735855251551,0.124520118868,0.124520118868,0.0,0.0,0.0
1723,2015-09-14 14:10:00,0.707865168539,0,0.726277470589,0.00556397438049,0.00943089883407,0.00943089883407,0.0,0.0,0.0
1724,2015-09-14 14:15:00,0.606741573034,0,0.721341729164,0.000181617419003,0.000324207534191,0.000324207534191,0.0,0.0,0.0
1725,2015-09-14 14:20:00,0.887640449438,0,0.720548093319,0.0129519300535,0.021930967509,0.021930967509,0.0,0.0,0.0
1726,2015-09-14 14:25:00,0.595505617978,0,0.705439925194,0.0331970416009,0.0561847307791,0.0561847307791,0.0,0.0,0.0
1727,2015-09-14 14:30:00,0.808988764045,0,0.723142027855,0.0162910595536,0.0275806153836,0.0275806153836,0.0,0.0,0.0
1728,2015-09-14 14:35:00,0.76404494382,0,0.703210234642,0.0111890947446,0.0189483342341,0.0189483342341,0.0,0.0,0.0
1729,2015-09-14 14:40:00,0.719101123596,0,0.710894048214,0.00282501731999,0.0047967141057,0.0047967141057,0.0,0.0,0.0
1730,2015-09-14 14:45:00,0.741573033708,0,0.712012529373,5.02482726006e-05,0.000101937203336,0.000101937203336,0.0,0.0,0.0
1731,2015-09-14 14:50:00,0.76404494382,0,0.709089040756,0.00105520989746,0.00180228434703,0.00180228434703,0.0,0.0,0.0
1732,2015-09-14 14:55:00,0.808988764045,0,0.710355460644,0.00288256024942,0.00489407399812,0.00489407399812,0.0,0.0,0.0
1733,2015-09-14 15:00:00,0.696629213483,0,0.714968502522,0.0088398065418,0.01497345063,0.01497345063,0.0,0.0,0.0
1734,2015-09-14 15:05:00,0.752808988764,0,0.725281059742,0.000820927554742,0.00140588979583,0.00140588979583,0.0,0.0,0.0
1735,2015-09-14 15:10:00,0.752808988764,0,0.722799599171,0.000900563434698,0.00154062990697,0.00154062990697,0.0,0.0,0.0
1736,2015-09-14 15:15:00,0.808988764045,0,0.728638887405,0.000584193796385,0.00100534756628,0.00100534756628,0.0,0.0,0.0
1737,2015-09-14 15:20:00,0.662921348315,0,0.734369397163,0.00556804798543,0.00943779117937,0.00943779117937,0.0,0.0,0.0
1738,2015-09-14 15:25:00,0.797752808989,0,0.746783256531,0.00703281629831,0.0119161093115,0.0119161093115,0.0,0.0,0.0
1739,2015-09-14 15:30:00,0.696629213483,0,0.740743041039,0.00325011229143,0.00551595452503,0.00551595452503,0.0,0.0,0.0
1740,2015-09-14 15:35:00,0.831460674157,0,0.752413034439,0.00311183324084,0.00528199296581,0.00528199296581,0.0,0.0,0.0
1741,2015-09-14 15:40:00,0.752808988764,0,0.749822437763,0.00666479859501,0.0112934409079,0.0112934409079,0.0,0.0,0.0
1742,2015-09-14 15:45:00,0.651685393258,0,0.764187753201,0.000129476291477,0.000235987232973,0.000235987232973,0.0,0.0,0.0
1743,2015-09-14 15:50:00,0.685393258427,0,0.766594946384,0.0132042001933,0.022357796555,0.022357796555,0.0,0.0,0.0
1744,2015-09-14 15:55:00,0.640449438202,0,0.756336510181,0.00503294263035,0.00853241843718,0.00853241843718,0.0,0.0,0.0
1745,2015-09-14 16:00:00,0.685393258427,0,0.751120150089,0.0122480010614,0.0207399532239,0.0207399532239,0.0,0.0,0.0
1746,2015-09-14 16:05:00,0.696629213483,0,0.739439368248,0.00292098033242,0.00495907894635,0.00495907894635,0.0,0.0,0.0
1747,2015-09-14 16:10:00,0.573033707865,0,0.732838928699,0.00131114257965,0.00223531024014,0.00223531024014,0.0,0.0,0.0
1748,2015-09-14 16:15:00,0.685393258427,0,0.726155638695,0.0234463308007,0.0396869931062,0.0396869931062,0.0,0.0,0.0
1749,2015-09-14 16:20:00,0.707865168539,0,0.704507291317,0.000365345651517,0.000635066941798,0.000635066941798,0.0,0.0,0.0
1750,2015-09-14 16:25:00,0.696629213483,0,0.697128772736,0.000115270413517,0.000211951564928,0.000211951564928,0.0,0.0,0.0
1751,2015-09-14 16:30:00,0.820224719101,0,0.690959215164,3.21490260831e-05,7.13141413623e-05,7.13141413623e-05,0.0,0.0,0.0
1752,2015-09-14 16:35:00,0.719101123596,0,0.683252930641,0.0187612660229,0.0317600869281,0.0317600869281,0.0,0.0,0.0
1753,2015-09-14 16:40:00,0.831460674157,0,0.689502537251,0.00087607675232,0.00149919960813,0.00149919960813,0.0,0.0,0.0
1754,2015-09-14 16:45:00,0.606741573034,0,0.684769511223,0.0215182919055,0.0364248432417,0.0364248432417,0.0,0.0,0.0
1755,2015-09-14 16:50:00,0.752808988764,0,0.694579839706,0.00771556561813,0.013071288601,0.013071288601,0.0,0.0,0.0
1756,2015-09-14 16:55:00,0.629213483146,0,0.68123203516,0.00512325996533,0.00868523106083,0.00868523106083,0.0,0.0,0.0
1757,2015-09-14 17:00:00,0.876404494382,0,0.687153995037,0.003357099602,0.0056969719524,0.0056969719524,0.0,0.0,0.0
1758,2015-09-14 17:10:00,0.719101123596,0,0.679858624935,0.0386302918196,0.065377531043,0.065377531043,0.0,0.0,0.0
1759,2015-09-14 17:15:00,0.674157303371,0,0.70077252388,0.000335937831551,0.000585310312844,0.000585310312844,0.0,0.0,0.0
1760,2015-09-14 17:20:00,0.707865168539,0,0.7028901577,0.000825575902127,0.00141375457793,0.00141375457793,0.0,0.0,0.0
1761,2015-09-14 17:25:00,0.516853932584,0,0.701854944229,3.61229176633e-05,7.80377764054e-05,7.80377764054e-05,0.0,0.0,0.0
1762,2015-09-14 17:30:00,0.595505617978,0,0.705783903599,0.0356945358217,0.0604103718977,0.0604103718977,0.0,0.0,0.0
1763,2015-09-14 17:35:00,0.719101123596,0,0.688584208488,0.00866362825036,0.0146753653626,0.0146753653626,0.0,0.0,0.0
1764,2015-09-14 17:40:00,0.76404494382,0,0.681766450405,0.0013938783668,0.00237529524641,0.00237529524641,0.0,0.0,0.0
1765,2015-09-14 17:45:00,0.550561797753,0,0.686929345131,0.00594681501389,0.0100786469285,0.0100786469285,0.0,0.0,0.0
1766,2015-09-14 17:50:00,0.797752808989,0,0.69407171011,0.0205950979143,0.0348628430348,0.0348628430348,0.0,0.0,0.0
1767,2015-09-14 17:55:00,0.741573033708,0,0.677016377449,0.014577283524,0.0246809880696,0.0246809880696,0.0,0.0,0.0
1768,2015-09-14 18:00:00,0.662921348315,0,0.688433349133,0.00282382639125,0.00479469911106,0.00479469911106,0.0,0.0,0.0
1769,2015-09-14 18:05:00,0.707865168539,0,0.691470980644,0.000815080304164,0.0013959965267,0.0013959965267,0.0,0.0,0.0
1770,2015-09-14 18:10:00,0.719101123596,0,0.68662405014,0.000451185536804,0.00078030393409,0.00078030393409,0.0,0.0,0.0
1771,2015-09-14 18:15:00,0.573033707865,0,0.688098430634,0.000961167446803,0.00164316900531,0.00164316900531,0.0,0.0,0.0
1772,2015-09-14 18:20:00,0.674157303371,0,0.690914154053,0.0138958040625,0.0235279573198,0.0235279573198,0.0,0.0,0.0
1773,2015-09-14 18:25:00,0.483146067416,0,0.678424417973,1.82081130333e-05,4.77267813097e-05,4.77267813097e-05,0.0,0.0,0.0
1774,2015-09-14 18:30:00,0.707865168539,0,0.678330779076,0.0380970686674,0.0644753428984,0.0644753428984,0.0,0.0,0.0
1775,2015-09-14 18:35:00,0.730337078652,0,0.65780043602,0.00250647845678,0.00425776153993,0.00425776153993,0.0,0.0,0.0
1776,2015-09-14 18:45:00,0.696629213483,0,0.661800861359,0.00469721388072,0.00796438140335,0.00796438140335,0.0,0.0,0.0
1777,2015-09-14 18:50:00,0.786516853933,0,0.665202319622,0.000987650477327,0.00168797703001,0.00168797703001,0.0,0.0,0.0
1778,2015-09-14 18:55:00,0.76404494382,0,0.664281606674,0.0149414539337,0.025297147036,0.025297147036,0.0,0.0,0.0
1779,2015-09-14 19:01:00,0.741573033708,0,0.67323666811,0.00824614241719,0.0139689992424,0.0139689992424,0.0,0.0,0.0
1780,2015-09-14 19:05:00,0.707865168539,0,0.679983913898,0.00379322003573,0.00643486692815,0.00643486692815,0.0,0.0,0.0
1781,2015-09-14 19:10:00,0.752808988764,0,0.685729563236,0.000489985453896,0.000845951543483,0.000845951543483,0.0,0.0,0.0
1782,2015-09-14 19:15:00,0.786516853933,0,0.689408838749,0.00401957891881,0.00681785536351,0.00681785536351,0.0,0.0,0.0
1783,2015-09-14 19:20:00,0.741573033708,0,0.69922208786,0.00762037467211,0.0129102300599,0.0129102300599,0.0,0.0,0.0
1784,2015-09-14 19:30:00,0.629213483146,0,0.712961435318,0.000818623695523,0.0014019917759,0.0014019917759,0.0,0.0,0.0
1785,2015-09-14 19:35:00,0.730337078652,0,0.721621453762,0.00853922776878,0.0144648856803,0.0144648856803,0.0,0.0,0.0
1786,2015-09-14 19:40:00,0.786516853933,0,0.717907845974,0.000154485940584,0.000278302366579,0.000278302366579,0.0,0.0,0.0
1787,2015-09-14 19:45:00,0.595505617978,0,0.726646721363,0.00358443171717,0.00608160705005,0.00608160705005,0.0,0.0,0.0
1788,2015-09-14 19:50:00,0.674157303371,0,0.740183591843,0.0209317225963,0.0354323959434,0.0354323959434,0.0,0.0,0.0
1789,2015-09-14 19:55:00,0.707865168539,0,0.729234218597,0.00303346454166,0.00514939686413,0.00514939686413,0.0,0.0,0.0
1790,2015-09-14 20:05:00,0.831460674157,0,0.728489995003,0.000425383041147,0.000736647341933,0.000736647341933,0.0,0.0,0.0
1791,2015-09-14 20:10:00,0.651685393258,0,0.729936182499,0.0103072188795,0.017456242326,0.017456242326,0.0,0.0,0.0
1792,2015-09-14 20:15:00,0.707865168539,0,0.74397867918,0.00851804669946,0.0144290483212,0.0144290483212,0.0,0.0,0.0
1793,2015-09-14 20:20:00,0.606741573034,0,0.734120368958,0.000689334992785,0.00118324145651,0.00118324145651,0.0,0.0,0.0
1794,2015-09-14 20:25:00,0.685393258427,0,0.732212603092,0.0157429855317,0.0266533002755,0.0266533002755,0.0,0.0,0.0
1795,2015-09-14 20:30:00,0.696629213483,0,0.718016386032,0.00106426747516,0.00181760933655,0.00181760933655,0.0,0.0,0.0
1796,2015-09-14 20:50:00,0.752808988764,0,0.71361798048,0.000288617768092,0.000505247022116,0.000505247022116,0.0,0.0,0.0
1797,2015-09-14 20:55:00,0.741573033708,0,0.709185540676,0.00190300517716,0.00323671352981,0.00323671352981,0.0,0.0,0.0
1798,2015-09-14 20:59:00,0.707865168539,0,0.710255384445,0.000980795244686,0.0016763783033,0.0016763783033,0.0,0.0,0.0
1799,2015-09-14 21:05:00,0.404494382022,0,0.709298014641,2.05301921596e-06,2.03931329902e-05,2.03931329902e-05,0.0,0.0,0.0
1800,2015-09-14 21:10:00,0.629213483146,0,0.705093443394,0.0903597995639,0.15290139122,0.15290139122,0.0,0.0,0.0
1801,2015-09-14 21:25:00,0.696629213483,0,0.670450091362,0.00170045543928,0.0028940090327,0.0028940090327,0.0,0.0,0.0
1802,2015-09-14 21:35:00,0.651685393258,0,0.663040161133,0.00112822523806,0.00192582282131,0.00192582282131,0.0,0.0,0.0
1803,2015-09-14 21:45:00,0.797752808989,0,0.660596013069,7.93987273937e-05,0.000151258382691,0.000151258382691,0.0,0.0,0.0
1804,2015-09-14 21:50:00,0.775280898876,0,0.65222889185,0.0211772080511,0.035847745626,0.035847745626,0.0,0.0,0.0
1805,2015-09-14 21:55:00,0.752808988764,0,0.658808588982,0.0135657973588,0.0229696017147,0.0229696017147,0.0,0.0,0.0
1806,2015-09-14 22:01:00,0.696629213483,0,0.662700593472,0.00811952259392,0.0137547645398,0.0137547645398,0.0,0.0,0.0
1807,2015-09-14 22:06:00,0.606741573034,0,0.666043758392,0.000935470859986,0.00159969160585,0.00159969160585,0.0,0.0,0.0
1808,2015-09-14 22:11:00,0.651685393258,0,0.666042506695,0.00351660372689,0.00596684532514,0.00596684532514,0.0,0.0,0.0
1809,2015-09-14 22:16:00,0.696629213483,0,0.659443974495,6.0195219703e-05,0.000118766963474,0.000118766963474,0.0,0.0,0.0
1810,2015-09-14 22:21:00,0.752808988764,0,0.659384667873,0.00138715712819,0.00236392323122,0.00236392323122,0.0,0.0,0.0
1811,2015-09-14 22:25:00,0.516853932584,0,0.663958072662,0.00789448525757,0.0133740120985,0.0133740120985,0.0,0.0,0.0
1812,2015-09-14 22:30:00,0.629213483146,0,0.673728764057,0.0246097147465,0.0416553832619,0.0416553832619,0.0,0.0,0.0
1813,2015-09-14 22:40:00,0.662921348315,0,0.659251570702,0.000902284984477,0.00154354268709,0.00154354268709,0.0,0.0,0.0
1814,2015-09-14 23:01:00,0.61797752809,0,0.658374428749,2.06746663025e-05,5.19000718138e-05,5.19000718138e-05,0.0,0.0,0.0
1815,2015-09-14 23:06:00,0.719101123596,0,0.659822404385,0.00175099598709,0.00297952122938,0.00297952122938,0.0,0.0,0.0
1816,2015-09-14 23:11:00,0.651685393258,0,0.655730843544,0.00401579355821,0.00681145071389,0.00681145071389,0.0,0.0,0.0
1817,2015-09-14 23:15:00,0.730337078652,0,0.661597430706,9.82480196399e-05,0.000183150486269,0.000183150486269,0.0,0.0,0.0
1818,2015-09-14 23:26:00,0.831460674157,0,0.659511983395,0.00501619465649,0.0085040816641,0.0085040816641,0.0,0.0,0.0
1819,2015-09-14 23:31:00,0.61797752809,0,0.665797829628,0.0274441707879,0.0464511477118,0.0464511477118,0.0,0.0,0.0
1820,2015-09-14 23:36:00,0.61797752809,0,0.681895911694,0.00408556358889,0.00692949827854,0.00692949827854,0.0,0.0,0.0
1821,2015-09-14 23:41:00,0.561797752809,0,0.675732016563,0.00333558418788,0.00566056889776,0.00566056889776,0.0,0.0,0.0
1822,2015-09-14 23:51:00,0.505617977528,0,0.672181844711,0.0121846506372,0.0206327673273,0.0206327673273,0.0,0.0,0.0
1823,2015-09-14 23:56:00,0.426966292135,0,0.663703739643,0.0249911081046,0.0423006826356,0.0423006826356,0.0,0.0,0.0
1824,2015-09-15 00:06:00,0.449438202247,0,0.650228321552,0.0498459376395,0.0843538689079,0.0843538689079,0.0,0.0,0.0
1825,2015-09-15 00:11:00,0.449438202247,0,0.629741251469,0.0325091853738,0.0550209108459,0.0550209108459,0.0,0.0,0.0
1826,2015-09-15 00:16:00,0.438202247191,0,0.612085342407,0.0264540892094,0.044775976897,0.044775976897,0.0,0.0,0.0
1827,2015-09-15 00:20:00,0.415730337079,0,0.593836188316,0.024221919477,0.0409992521595,0.0409992521595,0.0,0.0,0.0
1828,2015-09-15 00:40:00,0.516853932584,0,0.574100255966,0.0250810347497,0.0424528342307,0.0424528342307,0.0,0.0,0.0
1829,2015-09-15 00:56:00,0.61797752809,0,0.55253469944,0.00127311737742,0.00217097341135,0.00217097341135,0.0,0.0,0.0
1830,2015-09-15 01:10:00,0.595505617978,0,0.539277672768,0.00619366299361,0.0104963019383,0.0104963019383,0.0,0.0,0.0
1831,2015-09-15 01:15:00,0.505617977528,0,0.532598793507,0.00395726552233,0.00671242406832,0.00671242406832,0.0,0.0,0.0
1832,2015-09-15 01:25:00,0.539325842697,0,0.523443937302,0.000317764875945,0.000554562538608,0.000554562538608,0.0,0.0,0.0
1833,2015-09-15 01:35:00,0.606741573034,0,0.50934612751,0.000898782745935,0.0015376170665,0.0015376170665,0.0,0.0,0.0
1834,2015-09-15 01:40:00,0.61797752809,0,0.500457644463,0.0112962676212,0.0191296656303,0.0191296656303,0.0,0.0,0.0
1835,2015-09-15 01:45:00,0.584269662921,0,0.497893363237,0.0144202001393,0.0244152104738,0.0244152104738,0.0,0.0,0.0
1836,2015-09-15 01:50:00,0.505617977528,0,0.497186809778,0.00758341979235,0.0128477041657,0.0128477041657,0.0,0.0,0.0
1837,2015-09-15 01:55:00,0.516853932584,0,0.49585211277,9.53720882535e-05,0.000178284547513,0.000178284547513,0.0,0.0,0.0
1838,2015-09-15 02:06:00,0.460674157303,0,0.491359621286,0.000649959722068,0.00111662037622,0.00111662037622,0.0,0.0,0.0
1839,2015-09-15 02:11:00,0.52808988764,0,0.489957004786,0.00085748458514,0.0014677425479,0.0014677425479,0.0,0.0,0.0
1840,2015-09-15 02:31:00,0.76404494382,0,0.486031085253,0.00176894234028,0.00300988560313,0.00300988560313,0.0,0.0,0.0
1841,2015-09-15 02:41:00,0.674157303371,0,0.487865656614,0.076274998486,0.129070579486,0.129070579486,0.0,0.0,0.0
1842,2015-09-15 02:56:00,0.606741573034,0,0.505637764931,0.0283988416195,0.0480664052316,0.0480664052316,0.0,0.0,0.0
1843,2015-09-15 03:01:00,0.595505617978,0,0.51633888483,0.00817264150828,0.0138446392097,0.0138446392097,0.0,0.0,0.0
1844,2015-09-15 03:10:00,0.494382022472,0,0.523903608322,0.00512684462592,0.00869129613559,0.00869129613559,0.0,0.0,0.0
1845,2015-09-15 03:20:00,0.696629213483,0,0.532706141472,0.00146873795893,0.00250195410632,0.00250195410632,0.0,0.0,0.0
1846,2015-09-15 03:25:00,0.640449438202,0,0.535093009472,0.0260939486325,0.0441666362155,0.0441666362155,0.0,0.0,0.0
1847,2015-09-15 03:30:00,0.752808988764,0,0.554487586021,0.00738944439217,0.0125195070391,0.0125195070391,0.0,0.0,0.0
1848,2015-09-15 03:40:00,0.752808988764,0,0.567851662636,0.0342092104256,0.0578972721611,0.0578972721611,0.0,0.0,0.0
1849,2015-09-15 03:45:00,0.797752808989,0,0.591024160385,0.0261743310839,0.0443026394899,0.0443026394899,0.0,0.0,0.0
1850,2015-09-15 03:50:00,0.752808988764,0,0.613893508911,0.0338042378426,0.0572120778633,0.0572120778633,0.0,0.0,0.0
1851,2015-09-15 04:01:00,0.61797752809,0,0.641869902611,0.0123074809089,0.0208405902894,0.0208405902894,0.0,0.0,0.0
1852,2015-09-15 04:06:00,0.573033707865,0,0.666230082512,0.00232831179164,0.0039563120391,0.0039563120391,0.0,0.0,0.0
1853,2015-09-15 04:10:00,0.52808988764,0,0.677254498005,0.0108619770035,0.018394866616,0.018394866616,0.0,0.0,0.0
1854,2015-09-15 04:16:00,0.730337078652,0,0.684079945087,0.0243328996003,0.0411870252356,0.0411870252356,0.0,0.0,0.0
1855,2015-09-15 04:21:00,0.730337078652,0,0.684878408909,0.00206649117172,0.00351332403613,0.00351332403613,0.0,0.0,0.0
1856,2015-09-15 04:26:00,0.786516853933,0,0.706682980061,0.000559516600333,0.000963594927387,0.000963594927387,0.0,0.0,0.0
1857,2015-09-15 04:31:00,0.76404494382,0,0.72245913744,0.00410339003429,0.00695965977403,0.00695965977403,0.0,0.0,0.0
1858,2015-09-15 04:35:00,0.741573033708,0,0.741523981094,0.000507193617523,0.0008750669357,0.0008750669357,0.0,0.0,0.0
1859,2015-09-15 04:46:00,0.741573033708,0,0.754750609398,0.000173648440978,0.000310724403405,0.000310724403405,0.0,0.0,0.0
1860,2015-09-15 04:51:00,0.561797752809,0,0.7634973526,0.000480675662402,0.000830199820249,0.000830199820249,0.0,0.0,0.0
1861,2015-09-15 04:55:00,0.651685393258,0,0.770928859711,0.0437358245254,0.0740158489037,0.0740158489037,0.0,0.0,0.0
1862,2015-09-15 05:01:00,0.662921348315,0,0.753335475922,0.010332734324,0.0174994132414,0.0174994132414,0.0,0.0,0.0
1863,2015-09-15 05:05:00,0.752808988764,0,0.748439311981,0.00731331855059,0.0123907057455,0.0123907057455,0.0,0.0,0.0
1864,2015-09-15 05:10:00,0.752808988764,0,0.742168366909,0.000113222820801,0.0002084871357,0.0002084871357,0.0,0.0,0.0
1865,2015-09-15 05:15:00,0.662921348315,0,0.744406223297,7.06064529368e-05,0.000136382273604,0.000136382273604,0.0,0.0,0.0
1866,2015-09-15 05:20:00,0.651685393258,0,0.743306934834,0.00646183919162,0.0109500432763,0.0109500432763,0.0,0.0,0.0
1867,2015-09-15 05:26:00,0.662921348315,0,0.73051315546,0.00621381262317,0.0105303941506,0.0105303941506,0.0,0.0,0.0
1868,2015-09-15 05:31:00,0.595505617978,0,0.718069493771,0.00304131559096,0.00516268046514,0.00516268046514,0.0,0.0,0.0
1869,2015-09-15 05:36:00,0.730337078652,0,0.70775616169,0.0126001900062,0.021335840123,0.021335840123,0.0,0.0,0.0
1870,2015-09-15 05:46:00,0.696629213483,0,0.690474033356,0.00158906274009,0.00270553789789,0.00270553789789,0.0,0.0,0.0
1871,2015-09-15 05:51:00,0.842696629213,0,0.688810765743,6.11283248872e-05,0.000120345732947,0.000120345732947,0.0,0.0,0.0
1872,2015-09-15 05:55:00,0.730337078652,0,0.681847810745,0.0258723348379,0.0437916762436,0.0437916762436,0.0,0.0,0.0
1873,2015-09-15 06:00:00,0.775280898876,0,0.690531253815,0.00158450403251,0.00269782478205,0.00269782478205,0.0,0.0,0.0
1874,2015-09-15 06:05:00,0.786516853933,0,0.686815679073,0.0078260935843,0.0132582966488,0.0132582966488,0.0,0.0,0.0
1875,2015-09-15 06:10:00,0.831460674157,0,0.69054377079,0.00921083055437,0.0156012055655,0.0156012055655,0.0,0.0,0.0
1876,2015-09-15 06:16:00,0.674157303371,0,0.696857511997,0.0181180052459,0.0306717203698,0.0306717203698,0.0,0.0,0.0
1877,2015-09-15 06:20:00,0.775280898876,0,0.709392011166,0.00124148337636,0.00211745019015,0.00211745019015,0.0,0.0,0.0
1878,2015-09-15 06:25:00,0.752808988764,0,0.706189572811,0.00477361073717,0.00809364124119,0.00809364124119,0.0,0.0,0.0
1879,2015-09-15 06:30:00,0.719101123596,0,0.716923832893,0.00128774438053,0.00219572160307,0.00219572160307,0.0,0.0,0.0
1880,2015-09-15 06:35:00,0.85393258427,0,0.724895238876,3.35716867994e-05,7.37212154492e-05,7.37212154492e-05,0.0,0.0,0.0
1881,2015-09-15 06:41:00,0.674157303371,0,0.729371130466,0.0155155500397,0.0262684902693,0.0262684902693,0.0,0.0,0.0
1882,2015-09-15 06:45:00,0.662921348315,0,0.749690771103,0.00570530211553,0.00967001862198,0.00967001862198,0.0,0.0,0.0
1883,2015-09-15 06:50:00,0.674157303371,0,0.746962785721,0.00706295948476,0.0119671101455,0.0119671101455,0.0,0.0,0.0
1884,2015-09-15 06:55:00,0.494382022472,0,0.744600057602,0.00496217887849,0.00841268954367,0.00841268954367,0.0,0.0,0.0
1885,2015-09-15 07:00:00,0.606741573034,0,0.743404090405,0.0620119906962,0.104938250494,0.104938250494,0.0,0.0,0.0
1886,2015-09-15 07:06:00,0.685393258427,0,0.720498323441,0.0129406042397,0.0219118047721,0.0219118047721,0.0,0.0,0.0
1887,2015-09-15 07:11:00,0.707865168539,0,0.71215492487,0.000716185953934,0.00122867200228,0.00122867200228,0.0,0.0,0.0
1888,2015-09-15 07:16:00,0.775280898876,0,0.709675014019,3.27550424117e-06,2.24615193539e-05,2.24615193539e-05,0.0,0.0,0.0
1889,2015-09-15 07:21:00,0.741573033708,0,0.706211864948,0.00477053038776,0.00808842943688,0.00808842943688,0.0,0.0,0.0
1890,2015-09-15 07:26:00,0.76404494382,0,0.708220779896,0.00111237296369,0.00189900152904,0.00189900152904,0.0,0.0,0.0
1891,2015-09-15 07:31:00,0.651685393258,0,0.705259442329,0.00345573481172,0.00586385802345,0.00586385802345,0.0,0.0,0.0
1892,2015-09-15 07:36:00,0.730337078652,0,0.705655038357,0.00291271996684,0.00494510280172,0.00494510280172,0.0,0.0,0.0
1893,2015-09-15 07:41:00,0.719101123596,0,0.695004284382,0.00124840671197,0.00212916414382,0.00212916414382,0.0,0.0,0.0
1894,2015-09-15 07:46:00,0.561797752809,0,0.695421695709,0.000560715678148,0.000965623709867,0.000965623709867,0.0,0.0,0.0
1895,2015-09-15 07:51:00,0.584269662921,0,0.694671869278,0.0176555346698,0.0298892422097,0.0298892422097,0.0,0.0,0.0
1896,2015-09-15 07:56:00,0.865168539326,0,0.678447961807,0.0088695557788,0.0150237849203,0.0150237849203,0.0,0.0,0.0
1897,2015-09-15 08:01:00,0.797752808989,0,0.667680382729,0.0390015617013,0.0660057019774,0.0660057019774,0.0,0.0,0.0
1898,2015-09-15 08:06:00,0.707865168539,0,0.68538236618,0.0126271136105,0.0213813935775,0.0213813935775,0.0,0.0,0.0
1899,2015-09-15 08:11:00,0.606741573034,0,0.692171394825,0.000246294861427,0.000433638682373,0.000433638682373,0.0,0.0,0.0
1900,2015-09-15 08:16:00,0.797752808989,0,0.690443515778,0.00700601935387,0.0118707701594,0.0118707701594,0.0,0.0,0.0
1901,2015-09-15 08:21:00,0.573033707865,0,0.680932760239,0.0136469211429,0.0231068592889,0.0231068592889,0.0,0.0,0.0
1902,2015-09-15 08:26:00,0.76404494382,0,0.693660318851,0.0145507836714,0.0246361515828,0.0246361515828,0.0,0.0,0.0
1903,2015-09-15 08:31:00,0.842696629213,0,0.681208789349,0.00686182780191,0.0116268049298,0.0116268049298,0.0,0.0,0.0
1904,2015-09-15 08:36:00,0.674157303371,0,0.691296577454,0.0229219682515,0.0387997966792,0.0387997966792,0.0,0.0,0.0
1905,2015-09-15 08:41:00,0.595505617978,0,0.70737683773,0.00110353622586,0.00188405019004,0.00188405019004,0.0,0.0,0.0
1906,2015-09-15 08:46:00,0.707865168539,0,0.704197704792,0.0118139749393,0.0200056017236,0.0200056017236,0.0,0.0,0.0
1907,2015-09-15 08:51:00,0.651685393258,0,0.69534778595,0.000156685113325,0.00028202326198,0.00028202326198,0.0,0.0,0.0
1908,2015-09-15 08:56:00,0.61797752809,0,0.700178980827,0.00235162582248,0.00399575826746,0.00399575826746,0.0,0.0,0.0
1909,2015-09-15 09:01:00,0.61797752809,0,0.697254300117,0.00628481106833,0.0106505201339,0.0106505201339,0.0,0.0,0.0
1910,2015-09-15 09:06:00,0.460674157303,0,0.690838694572,0.00530875381082,0.00899907780139,0.00899907780139,0.0,0.0,0.0
1911,2015-09-15 09:11:00,0.85393258427,0,0.684579670429,0.0501336753368,0.0848407073699,0.0848407073699,0.0,0.0,0.0
1912,2015-09-15 09:16:00,0.719101123596,0,0.662423551083,0.0366756990552,0.0620704532981,0.0620704532981,0.0,0.0,0.0
1913,2015-09-15 09:21:00,0.696629213483,0,0.680922687054,0.00145759363659,0.00248309844438,0.00248309844438,0.0,0.0,0.0
1914,2015-09-15 09:26:00,0.606741573034,0,0.679488480091,0.000293805176625,0.000514023869972,0.000514023869972,0.0,0.0,0.0
1915,2015-09-15 09:31:00,0.741573033708,0,0.676586389542,0.00487830210477,0.00827077404254,0.00827077404254,0.0,0.0,0.0
1916,2015-09-15 09:36:00,0.561797752809,0,0.666249096394,0.00567369582132,0.00961654227944,0.00961654227944,0.0,0.0,0.0
1917,2015-09-15 09:41:00,0.797752808989,0,0.671217143536,0.0119726061821,0.0202739982215,0.0202739982215,0.0,0.0,0.0
1918,2015-09-15 09:46:00,0.584269662921,0,0.657771885395,0.0195946563035,0.0331701435393,0.0331701435393,0.0,0.0,0.0
1919,2015-09-15 09:51:00,0.662921348315,0,0.669520735741,0.00726774893701,0.0123136041325,0.0123136041325,0.0,0.0,0.0
1920,2015-09-15 10:01:00,0.662921348315,0,0.658331274986,2.10689631785e-05,5.25672033245e-05,5.25672033245e-05,0.0,0.0,0.0
1921,2015-09-15 10:06:00,0.674157303371,0,0.657369494438,3.0823310226e-05,6.90710933541e-05,6.90710933541e-05,0.0,0.0,0.0
1922,2015-09-15 10:11:00,0.730337078652,0,0.656253099442,0.000320561171975,0.000559293738139,0.000559293738139,0.0,0.0,0.0
1923,2015-09-15 10:21:00,0.775280898876,0,0.656290054321,0.00548296235502,0.00929383035035,0.00929383035035,0.0,0.0,0.0
1924,2015-09-15 10:31:00,0.797752808989,0,0.661683082581,0.0129044624045,0.0218506545106,0.0218506545106,0.0,0.0,0.0
1925,2015-09-15 10:36:00,0.651685393258,0,0.670957803726,0.0160769708455,0.027218387499,0.027218387499,0.0,0.0,0.0
1926,2015-09-15 10:41:00,0.797752808989,0,0.682453095913,0.000946650106926,0.00161860635855,0.00161860635855,0.0,0.0,0.0
1927,2015-09-15 10:46:00,0.719101123596,0,0.680275321007,0.0138009572402,0.0233674810196,0.0233674810196,0.0,0.0,0.0
1928,2015-09-15 10:51:00,0.584269662921,0,0.695232987404,0.000569688272662,0.000980804911892,0.000980804911892,0.0,0.0,0.0
1929,2015-09-15 11:01:00,0.696629213483,0,0.701302230358,0.0136966267601,0.0231909588226,0.0231909588226,0.0,0.0,0.0
1930,2015-09-15 11:06:00,0.696629213483,0,0.694617152214,4.04844195145e-06,2.37692930991e-05,2.37692930991e-05,0.0,0.0,0.0
1931,2015-09-15 11:11:00,0.696629213483,0,0.701123178005,2.01956027013e-05,5.10895190466e-05,5.10895190466e-05,0.0,0.0,0.0
1932,2015-09-15 11:16:00,0.685393258427,0,0.705742299557,8.30481076264e-05,0.00015743296001,0.00015743296001,0.0,0.0,0.0
1933,2015-09-15 11:21:00,0.719101123596,0,0.709103941917,0.00056219578255,0.00096812797593,0.00096812797593,0.0,0.0,0.0
1934,2015-09-15 11:26:00,0.808988764045,0,0.710326492786,7.69942780607e-05,0.000147190169086,0.000147190169086,0.0,0.0,0.0
1935,2015-09-15 11:31:00,0.887640449438,0,0.714459300041,0.00893581658602,0.0151358950462,0.0151358950462,0.0,0.0,0.0
1936,2015-09-15 11:36:00,0.696629213483,0,0.72703486681,0.0257941614836,0.0436594106562,0.0436594106562,0.0,0.0,0.0
1937,2015-09-15 11:41:00,0.696629213483,0,0.746541619301,0.0024912469089,0.00423199048729,0.00423199048729,0.0,0.0,0.0
1938,2015-09-15 11:46:00,0.629213483146,0,0.743648648262,0.00221082614735,0.00375753193171,0.00375753193171,0.0,0.0,0.0
1939,2015-09-15 11:51:00,0.505617977528,0,0.74334859848,0.0130268177018,0.0220576738385,0.0220576738385,0.0,0.0,0.0
1940,2015-09-15 11:56:00,0.752808988764,0,0.736002326012,0.0530769489706,0.0898205859965,0.0898205859965,0.0,0.0,0.0
1941,2015-09-15 12:01:00,0.629213483146,0,0.715885102749,0.00136337336153,0.00232368223224,0.00232368223224,0.0,0.0,0.0
1942,2015-09-15 12:06:00,0.629213483146,0,0.723554432392,0.00890020933002,0.0150756492671,0.0150756492671,0.0,0.0,0.0
1943,2015-09-15 12:11:00,0.775280898876,0,0.712703704834,0.00697061233222,0.0118108631673,0.0118108631673,0.0,0.0,0.0
1944,2015-09-15 12:16:00,0.584269662921,0,0.70209556818,0.00535609154031,0.00907917098219,0.00907917098219,0.0,0.0,0.0
1945,2015-09-15 12:21:00,0.539325842697,0,0.706285297871,0.014887819998,0.0252064009744,0.0252064009744,0.0,0.0,0.0
1946,2015-09-15 12:26:00,0.685393258427,0,0.688385426998,0.0222187619656,0.0376100051788,0.0376100051788,0.0,0.0,0.0
1947,2015-09-15 12:31:00,0.752808988764,0,0.669109642506,0.000265156646492,0.000465551923205,0.000465551923205,0.0,0.0,0.0
1948,2015-09-15 12:36:00,0.707865168539,0,0.665566980839,0.00761116761714,0.012894652162,0.012894652162,0.0,0.0,0.0
1949,2015-09-15 12:46:00,0.76404494382,0,0.666392803192,0.00171995791607,0.00292700629338,0.00292700629338,0.0,0.0,0.0
1950,2015-09-15 12:51:00,0.719101123596,0,0.661976158619,0.0104180360213,0.0176437396452,0.0176437396452,0.0,0.0,0.0
1951,2015-09-15 12:56:00,0.651685393258,0,0.664252579212,0.00300836353563,0.00510692715896,0.00510692715896,0.0,0.0,0.0
1952,2015-09-15 13:01:00,0.629213483146,0,0.663181722164,0.000132165034302,0.00024053645761,0.00024053645761,0.0,0.0,0.0
1953,2015-09-15 13:06:00,0.61797752809,0,0.657950639725,0.000825822527986,0.00141417185712,0.00141417185712,0.0,0.0,0.0
1954,2015-09-15 13:11:00,0.786516853933,0,0.653054952621,0.00123042764608,0.00209874442174,0.00209874442174,0.0,0.0,0.0
1955,2015-09-15 13:16:00,0.76404494382,0,0.648586630821,0.0190247446299,0.032205880166,0.032205880166,0.0,0.0,0.0
1956,2015-09-15 13:21:00,0.674157303371,0,0.660240709782,0.0107753183693,0.0182482443396,0.0182482443396,0.0,0.0,0.0
1957,2015-09-15 13:26:00,0.61797752809,0,0.668015837669,3.77178221243e-05,8.0736278694e-05,8.0736278694e-05,0.0,0.0,0.0
1958,2015-09-15 13:31:00,0.674157303371,0,0.667923986912,0.00249465159141,0.00423775104772,0.00423775104772,0.0,0.0,0.0
1959,2015-09-15 13:36:00,0.808988764045,0,0.664555251598,9.21997489058e-05,0.000172917100622,0.000172917100622,0.0,0.0,0.0
1960,2015-09-15 13:46:00,0.808988764045,0,0.667944014072,0.0198936183006,0.0336759729811,0.0336759729811,0.0,0.0,0.0
1961,2015-09-15 13:51:00,0.786516853933,0,0.683722555637,0.0156916193664,0.0265663911735,0.0265663911735,0.0,0.0,0.0
1962,2015-09-15 13:54:00,0.76404494382,0,0.697742044926,0.00788096524775,0.0133511368866,0.0133511368866,0.0,0.0,0.0
1963,2015-09-15 13:59:00,0.719101123596,0,0.709742069244,0.00294880173169,0.00500615142714,0.00500615142714,0.0,0.0,0.0
1964,2015-09-15 14:04:00,0.651685393258,0,0.720456361771,1.8366505401e-06,2.00270475091e-05,2.00270475091e-05,0.0,0.0,0.0
1965,2015-09-15 14:09:00,0.662921348315,0,0.727266430855,0.0057124895975,0.00968217949871,0.00968217949871,0.0,0.0,0.0
1966,2015-09-15 14:14:00,0.696629213483,0,0.727413892746,0.00415928568691,0.00705423255266,0.00705423255266,0.0,0.0,0.0
1967,2015-09-15 14:19:00,0.786516853933,0,0.729249358177,0.00106407306157,0.00181728039803,0.00181728039803,0.0,0.0,0.0
1968,2015-09-15 14:24:00,0.640449438202,0,0.733613610268,0.00279875216074,0.0047522747088,0.0047522747088,0.0,0.0,0.0
1969,2015-09-15 14:29:00,0.752808988764,0,0.745824575424,0.0111039141193,0.0188042126782,0.0188042126782,0.0,0.0,0.0
1970,2015-09-15 14:34:00,0.584269662921,0,0.738556742668,0.000203126503038,0.000360599878634,0.000360599878634,0.0,0.0,0.0
1971,2015-09-15 14:39:00,0.719101123596,0,0.744712889194,0.0257420353591,0.0435712157394,0.0435712157394,0.0,0.0,0.0
1972,2015-09-15 14:44:00,0.606741573034,0,0.72967082262,0.000111718378321,0.00020594169077,0.00020594169077,0.0,0.0,0.0
1973,2015-09-15 14:49:00,0.76404494382,0,0.730947852135,0.0154272057116,0.0261190158791,0.0261190158791,0.0,0.0,0.0
1974,2015-09-15 14:54:00,0.707865168539,0,0.717352330685,0.00218019983731,0.00370571367567,0.00370571367567,0.0,0.0,0.0
1975,2015-09-15 15:04:00,0.629213483146,0,0.721176803112,0.000177199341124,0.000316732357114,0.000316732357114,0.0,0.0,0.0
1976,2015-09-15 15:09:00,0.730337078652,0,0.71604681015,0.00754002155736,0.0127742764217,0.0127742764217,0.0,0.0,0.0
1977,2015-09-15 15:14:00,0.730337078652,0,0.703110456467,0.000741289230064,0.00127114554834,0.00127114554834,0.0,0.0,0.0
1978,2015-09-15 15:19:00,0.730337078652,0,0.702140450478,0.000795050116722,0.00136210640477,0.00136210640477,0.0,0.0,0.0
1979,2015-09-15 15:24:00,0.898876404494,0,0.700074136257,0.000915845972486,0.00156648723209,0.00156648723209,0.0,0.0,0.0
1980,2015-09-15 15:29:00,0.730337078652,0,0.698178708553,0.0402795746922,0.068168039011,0.068168039011,0.0,0.0,0.0
1981,2015-09-15 15:34:00,0.741573033708,0,0.713986456394,0.000267343013547,0.000469251151997,0.000469251151997,0.0,0.0,0.0
1982,2015-09-15 15:39:00,0.719101123596,0,0.711540877819,0.000901930499822,0.00154294291596,0.00154294291596,0.0,0.0,0.0
1983,2015-09-15 15:44:00,0.842696629213,0,0.713570713997,3.05855101033e-05,6.8668746887e-05,6.8668746887e-05,0.0,0.0,0.0
1984,2015-09-15 15:49:00,0.808988764045,0,0.714771389961,0.0163648612797,0.0277054843846,0.0277054843846,0.0,0.0,0.0
1985,2015-09-15 15:54:00,0.640449438202,0,0.730099260807,0.00622355146334,0.0105468718037,0.0105468718037,0.0,0.0,0.0
1986,2015-09-15 15:59:00,0.707865168539,0,0.740804076195,0.0100710485131,0.0170566533287,0.0170566533287,0.0,0.0,0.0
1987,2015-09-15 16:04:00,0.662921348315,0,0.733784854412,0.000671829620842,0.001153623202,0.001153623202,0.0,0.0,0.0
1988,2015-09-15 16:09:00,0.685393258427,0,0.736731529236,0.0054479399696,0.0092345741444,0.0092345741444,0.0,0.0,0.0
1989,2015-09-15 16:14:00,0.662921348315,0,0.733832299709,0.00234633916989,0.00398681350338,0.00398681350338,0.0,0.0,0.0
1990,2015-09-15 16:19:00,0.876404494382,0,0.733085036278,0.00492294039577,0.00834629990216,0.00834629990216,0.0,0.0,0.0
1991,2015-09-15 16:24:00,0.561797752809,0,0.72853666544,0.0218649040908,0.0370112945296,0.0370112945296,0.0,0.0,0.0
1992,2015-09-15 16:29:00,0.730337078652,0,0.746446549892,0.0340951830149,0.05770434322,0.05770434322,0.0,0.0,0.0
1993,2015-09-15 16:34:00,0.786516853933,0,0.725930690765,1.94162948901e-05,4.97709673945e-05,4.97709673945e-05,0.0,0.0,0.0
1994,2015-09-15 16:39:00,0.786516853933,0,0.72726804018,0.00351042090915,0.00595638429237,0.00595638429237,0.0,0.0,0.0
1995,2015-09-15 16:44:00,0.820224719101,0,0.732524931431,0.00291512673721,0.0049491749424,0.0049491749424,0.0,0.0,0.0
1996,2015-09-15 16:49:00,0.786516853933,0,0.73620313406,0.00705962395296,0.0119614665847,0.0119614665847,0.0,0.0,0.0
1997,2015-09-15 16:54:00,0.61797752809,0,0.743527948856,0.00184804515447,0.00314372379242,0.00314372379242,0.0,0.0,0.0
1998,2015-09-15 16:59:00,0.651685393258,0,0.747318565845,0.0167291108519,0.02832177729,0.02832177729,0.0,0.0,0.0
1999,2015-09-15 17:04:00,0.820224719101,0,0.733849346638,0.00675091147423,0.0114391397929,0.0114391397929,0.0,0.0,0.0
2000,2015-09-15 17:09:00,0.61797752809,0,0.727136731148,0.0086653707549,0.0146783135972,0.0146783135972,0.0,0.0,0.0
2001,2015-09-15 17:14:00,0.651685393258,0,0.738463282585,0.0145168239251,0.0245786933115,0.0245786933115,0.0,0.0,0.0
2002,2015-09-15 17:19:00,0.674157303371,0,0.724832475185,0.00535049196333,0.00906969676498,0.00906969676498,0.0,0.0,0.0
2003,2015-09-15 17:24:00,0.76404494382,0,0.717145442963,0.00184797856491,0.00314361112605,0.00314361112605,0.0,0.0,0.0
2004,2015-09-15 17:29:00,0.719101123596,0,0.711646556854,0.00274559063837,0.00466232794817,0.00466232794817,0.0,0.0,0.0
2005,2015-09-15 17:34:00,0.741573033708,0,0.714573979378,2.04951011256e-05,5.15962560977e-05,5.15962560977e-05,0.0,0.0,0.0
2006,2015-09-15 17:39:00,0.730337078652,0,0.711138904095,0.000926236389205,0.00158406732168,0.00158406732168,0.0,0.0,0.0
2007,2015-09-15 17:44:00,0.730337078652,0,0.710609197617,0.000389189488487,0.000675409576865,0.000675409576865,0.0,0.0,0.0
2008,2015-09-15 17:49:00,0.606741573034,0,0.709245145321,0.000444869860075,0.000769618110254,0.000769618110254,0.0,0.0,0.0
2009,2015-09-15 17:54:00,0.808988764045,0,0.708673000336,0.0103900209069,0.0175963394077,0.0175963394077,0.0,0.0,0.0
2010,2015-09-15 18:04:00,0.584269662921,0,0.696457982063,0.0126631734893,0.0214424051728,0.0214424051728,0.0,0.0,0.0
2011,2015-09-15 18:09:00,0.629213483146,0,0.706596910954,0.0149639602751,0.0253352266922,0.0253352266922,0.0,0.0,0.0
2012,2015-09-15 18:14:00,0.831460674157,0,0.692204475403,0.00396786164492,0.00673035220243,0.00673035220243,0.0,0.0,0.0
2013,2015-09-15 18:19:00,0.808988764045,0,0.68517690897,0.0213989336044,0.0362228946883,0.0362228946883,0.0,0.0,0.0
2014,2015-09-15 18:24:00,0.550561797753,0,0.697699844837,0.0123852202669,0.0209721215758,0.0209721215758,0.0,0.0,0.0
2015,2015-09-15 18:29:00,0.629213483146,0,0.705343186855,0.0239572823048,0.0405514986844,0.0405514986844,0.0,0.0,0.0
2016,2015-09-15 18:39:00,0.786516853933,0,0.688220500946,0.0034818246495,0.00590800078477,0.00590800078477,0.0,0.0,0.0
2017,2015-09-15 18:44:00,0.752808988764,0,0.682669222355,0.0107843289152,0.0182634897535,0.0182634897535,0.0,0.0,0.0
2018,2015-09-15 18:49:00,0.741573033708,0,0.692136824131,0.00368111138232,0.00624518443293,0.00624518443293,0.0,0.0,0.0
2019,2015-09-15 18:54:00,0.741573033708,0,0.696059465408,0.00207148515619,0.00352177361971,0.00352177361971,0.0,0.0,0.0
2020,2015-09-15 18:59:00,0.696629213483,0,0.699217259884,0.00179401179776,0.00305230192964,0.00305230192964,0.0,0.0,0.0
2021,2015-09-15 19:04:00,0.674157303371,0,0.703193306923,4.30871550634e-05,8.98209339692e-05,8.98209339692e-05,0.0,0.0,0.0
2022,2015-09-15 19:14:00,0.606741573034,0,0.70341783762,0.000856177823152,0.00146553156893,0.00146553156893,0.0,0.0,0.0
2023,2015-09-15 19:24:00,0.752808988764,0,0.702441573143,0.00915849488229,0.0155126561042,0.0155126561042,0.0,0.0,0.0
2024,2015-09-15 19:29:00,0.573033707865,0,0.695361614227,0.00330020068213,0.00560070169344,0.00560070169344,0.0,0.0,0.0
2025,2015-09-15 19:34:00,0.674157303371,0,0.703281402588,0.0169644672424,0.0287199890788,0.0287199890788,0.0,0.0,0.0
2026,2015-09-15 19:44:00,0.550561797753,0,0.691238880157,0.000291779637337,0.000510596754092,0.000510596754092,0.0,0.0,0.0
2027,2015-09-15 19:49:00,0.685393258427,0,0.690604507923,0.0196119640023,0.0331994273402,0.0331994273402,0.0,0.0,0.0
2028,2015-09-15 19:54:00,0.539325842697,0,0.676773309708,7.43037817301e-05,0.000142637977601,0.000142637977601,0.0,0.0,0.0
2029,2015-09-15 19:59:00,0.797752808989,0,0.676576018333,0.0188376139849,0.0318892640388,0.0318892640388,0.0,0.0,0.0
2030,2015-09-15 20:04:00,0.696629213483,0,0.660882413387,0.0187335014343,0.0317131105682,0.0317131105682,0.0,0.0,0.0
2031,2015-09-15 20:09:00,0.640449438202,0,0.669803857803,0.000719600415323,0.00123444910812,0.00123444910812,0.0,0.0,0.0
2032,2015-09-15 20:14:00,0.61797752809,0,0.666472375393,0.000677191885188,0.00116269589755,0.00116269589755,0.0,0.0,0.0
2033,2015-09-15 20:19:00,0.595505617978,0,0.659346103668,0.00171136134304,0.00291246130178,0.00291246130178,0.0,0.0,0.0
2034,2015-09-15 20:29:00,0.707865168539,0,0.652007937431,0.0031925146468,0.00541850205709,0.00541850205709,0.0,0.0,0.0
2035,2015-09-15 20:34:00,0.61797752809,0,0.643932461739,0.00408739224076,0.0069325922703,0.0069325922703,0.0,0.0,0.0
2036,2015-09-15 20:39:00,0.539325842697,0,0.646262049675,0.000800015754066,0.00137050802635,0.00137050802635,0.0,0.0,0.0
2037,2015-09-15 20:44:00,0.662921348315,0,0.639921188354,0.0101194251329,0.0171385042624,0.0171385042624,0.0,0.0,0.0
2038,2015-09-15 20:49:00,0.76404494382,0,0.628367185593,0.00119399162941,0.00203709641913,0.00203709641913,0.0,0.0,0.0
2039,2015-09-15 20:54:00,0.696629213483,0,0.628534376621,0.0183631125838,0.0310864302965,0.0310864302965,0.0,0.0,0.0
2040,2015-09-15 20:59:00,0.640449438202,0,0.635925829411,0.00368490233086,0.00625159853707,0.00625159853707,0.0,0.0,0.0
2041,2015-09-15 21:04:00,0.584269662921,0,0.636925399303,1.24190346469e-05,3.79319367549e-05,3.79319367549e-05,0.0,0.0,0.0
2042,2015-09-15 21:09:00,0.640449438202,0,0.634761750698,0.00254945294,0.00433047231613,0.00433047231613,0.0,0.0,0.0
2043,2015-09-15 21:14:00,0.685393258427,0,0.629700303078,0.000115544469736,0.000212415254982,0.000212415254982,0.0,0.0,0.0
2044,2015-09-15 21:19:00,0.707865168539,0,0.630638539791,0.00299808080308,0.00508952926587,0.00508952926587,0.0,0.0,0.0
2045,2015-09-15 21:24:00,0.629213483146,0,0.635034143925,0.00530435983092,0.00899164339693,0.00899164339693,0.0,0.0,0.0
2046,2015-09-15 21:29:00,0.595505617978,0,0.640860915184,0.00013566200505,0.000246453165349,0.000246453165349,0.0,0.0,0.0
2047,2015-09-15 21:34:00,0.494382022472,0,0.640079677105,0.00198684888892,0.00337857309169,0.00337857309169,0.0,0.0,0.0
2048,2015-09-15 21:39:00,0.61797752809,0,0.637640476227,0.0205229837447,0.0347408292989,0.0347408292989,0.0,0.0,0.0
2049,2015-09-15 21:44:00,0.662921348315,0,0.627542197704,9.14834454306e-05,0.000171705149302,0.000171705149302,0.0,0.0,0.0
2050,2015-09-15 21:59:00,0.550561797753,0,0.628497838974,0.00118497945368,0.00202184824759,0.00202184824759,0.0,0.0,0.0
2051,2015-09-15 22:09:00,0.651685393258,0,0.631293535233,0.00651761516929,0.0110444135706,0.0110444135706,0.0,0.0,0.0
2052,2015-09-15 22:19:00,0.573033707865,0,0.623578667641,0.000789989368059,0.00135354385937,0.00135354385937,0.0,0.0,0.0
2053,2015-09-15 22:24:00,0.640449438202,0,0.624973058701,0.00269769807346,0.00458129601229,0.00458129601229,0.0,0.0,0.0
2054,2015-09-15 22:34:00,0.752808988764,0,0.618964314461,0.000461611663923,0.000797944443964,0.000797944443964,0.0,0.0,0.0
2055,2015-09-15 22:44:00,0.584269662921,0,0.619026064873,0.0178978703916,0.0302992626943,0.0302992626943,0.0,0.0,0.0
2056,2015-09-15 22:59:00,0.808988764045,0,0.627547562122,0.00187297828961,0.00318590946804,0.00318590946804,0.0,0.0,0.0
2057,2015-09-15 23:04:00,0.741573033708,0,0.62157034874,0.0351256579161,0.0594478576106,0.0594478576106,0.0,0.0,0.0
2058,2015-09-15 23:09:00,0.707865168539,0,0.635901272297,0.0111665213481,0.0189101411236,0.0189101411236,0.0,0.0,0.0
2059,2015-09-15 23:19:00,0.775280898876,0,0.643751144409,0.00411060918123,0.00697187422637,0.00697187422637,0.0,0.0,0.0
2060,2015-09-15 23:24:00,0.752808988764,0,0.650223016739,0.0156394727528,0.0264781615901,0.0264781615901,0.0,0.0,0.0
2061,2015-09-15 23:29:00,0.719101123596,0,0.6641471982,0.0078609129414,0.0133172093405,0.0133172093405,0.0,0.0,0.0
2062,2015-09-15 23:34:00,0.685393258427,0,0.676586151123,0.00180752354208,0.00307516315669,0.00307516315669,0.0,0.0,0.0
2063,2015-09-15 23:39:00,0.584269662921,0,0.686878800392,2.20678907681e-06,2.06533042617e-05,2.06533042617e-05,0.0,0.0,0.0
2064,2015-09-15 23:44:00,0.629213483146,0,0.694772601128,0.0122109036893,0.0206771862394,0.0206771862394,0.0,0.0,0.0
2065,2015-09-15 23:49:00,0.662921348315,0,0.693218290806,0.00409661186859,0.00694819144091,0.00694819144091,0.0,0.0,0.0
2066,2015-09-15 23:54:00,0.561797752809,0,0.696309149265,0.00111474387813,0.00190301300322,0.00190301300322,0.0,0.0,0.0
2067,2015-09-16 00:09:00,0.651685393258,0,0.700882852077,0.0193446688354,0.0327471766649,0.0327471766649,0.0,0.0,0.0
2068,2015-09-16 00:14:00,0.696629213483,0,0.693411529064,0.0017410684377,0.00296272428924,0.00296272428924,0.0,0.0,0.0
2069,2015-09-16 00:19:00,0.797752808989,0,0.694173812866,6.02905447522e-06,2.71203950359e-05,2.71203950359e-05,0.0,0.0,0.0
2070,2015-09-16 00:29:00,0.865168539326,0,0.696652531624,0.0102212633938,0.0173108097433,0.0173108097433,0.0,0.0,0.0
2071,2015-09-16 00:34:00,0.932584269663,0,0.706769347191,0.0250902958214,0.0424685035223,0.0424685035223,0.0,0.0,0.0
2072,2015-09-16 00:44:00,0.910112359551,0,0.721565663815,0.0445288605988,0.0753576281209,0.0753576281209,0.0,0.0,0.0
2073,2015-09-16 00:49:00,0.955056179775,0,0.742988884449,0.0279302634299,0.0472735932808,0.0472735932808,0.0,0.0,0.0
2074,2015-09-16 00:54:00,0.955056179775,0,0.763252973557,0.0367884747684,0.0622612644267,0.0622612644267,0.0,0.0,0.0
2075,2015-09-16 01:04:00,0.775280898876,0,0.791436731815,0.0267713274807,0.0453127289231,0.0453127289231,0.0,0.0,0.0
2076,2015-09-16 01:09:00,0.808988764045,0,0.822430968285,0.00222312961705,0.00377834881571,0.00377834881571,0.0,0.0,0.0
2077,2015-09-16 01:14:00,0.797752808989,0,0.832180321217,0.000537848973181,0.000926934335552,0.000926934335552,0.0,0.0,0.0
2078,2015-09-16 01:19:00,0.797752808989,0,0.848478078842,0.00257305405103,0.00437040427047,0.00437040427047,0.0,0.0,0.0
2079,2015-09-16 01:24:00,0.842696629213,0,0.861545741558,0.00406953971833,0.00690238665371,0.00690238665371,0.0,0.0,0.0
2080,2015-09-16 01:29:00,0.808988764045,0,0.871719181538,0.00084230984794,0.00144206761622,0.00144206761622,0.0,0.0,0.0
2081,2015-09-16 01:34:00,0.831460674157,0,0.88480001688,0.00574734807014,0.00974115837206,0.00974115837206,0.0,0.0,0.0
2082,2015-09-16 01:39:00,0.76404494382,0,0.888092935085,0.00320721510798,0.00544337453635,0.00544337453635,0.0,0.0,0.0
2083,2015-09-16 02:04:00,0.47191011236,0,0.891388297081,0.0162163302302,0.0274541769322,0.0274541769322,0.0,0.0,0.0
2084,2015-09-16 02:09:00,0.595505617978,0,0.881056010723,0.167400360107,0.283250345676,0.283250345676,0.0,0.0,0.0
2085,2015-09-16 02:24:00,0.752808988764,0,0.830406069756,0.055178232491,0.0933758575051,0.0933758575051,0.0,0.0,0.0
2086,2015-09-16 02:44:00,0.584269662921,0,0.801544308662,0.00237513147295,0.00403552870708,0.00403552870708,0.0,0.0,0.0
2087,2015-09-16 02:49:00,0.52808988764,0,0.790302217007,0.0424494221807,0.0718393174836,0.0718393174836,0.0,0.0,0.0
2088,2015-09-16 02:54:00,0.550561797753,0,0.754476606846,0.051250949502,0.0867310819757,0.0867310819757,0.0,0.0,0.0
2089,2015-09-16 02:59:00,0.415730337079,0,0.716329455376,0.0274789202958,0.046509942222,0.046509942222,0.0,0.0,0.0
2090,2015-09-16 03:04:00,0.415730337079,0,0.683719158173,0.0718180164695,0.121529578463,0.121529578463,0.0,0.0,0.0
2091,2015-09-16 03:14:00,0.640449438202,0,0.641152262688,0.0508150495589,0.0859935600596,0.0859935600596,0.0,0.0,0.0
2092,2015-09-16 03:19:00,0.730337078652,0,0.603010833263,0.00140165106859,0.00238844628717,0.00238844628717,0.0,0.0,0.0
2093,2015-09-16 03:29:00,0.606741573034,0,0.583779454231,0.0214791391045,0.0363585985695,0.0363585985695,0.0,0.0,0.0
2094,2015-09-16 03:34:00,0.629213483146,0,0.569514095783,0.00138588319533,0.00236176779756,0.00236176779756,0.0,0.0,0.0
2095,2015-09-16 03:39:00,0.561797752809,0,0.548069655895,0.00658432533965,0.0111572839975,0.0111572839975,0.0,0.0,0.0
2096,2015-09-16 03:44:00,0.674157303371,0,0.533271372318,0.000813753518742,0.00139375166904,0.00139375166904,0.0,0.0,0.0
2097,2015-09-16 03:49:00,0.674157303371,0,0.518372535706,0.0242688991129,0.0410787394631,0.0410787394631,0.0,0.0,0.0
2098,2015-09-16 03:54:00,0.719101123596,0,0.514399409294,0.0255225896835,0.0431999241214,0.0431999241214,0.0,0.0,0.0
2099,2015-09-16 03:59:00,0.707865168539,0,0.512995243073,0.0424796380103,0.0718904412263,0.0718904412263,0.0,0.0,0.0
2100,2015-09-16 04:09:00,0.674157303371,0,0.517159998417,0.0363684669137,0.0615506311663,0.0615506311663,0.0,0.0,0.0
2101,2015-09-16 04:14:00,0.61797752809,0,0.523273825645,0.0227658301592,0.0385356184732,0.0385356184732,0.0,0.0,0.0
2102,2015-09-16 04:29:00,0.775280898876,0,0.530032157898,0.00773438299075,0.0131031266981,0.0131031266981,0.0,0.0,0.0
2103,2015-09-16 04:34:00,0.730337078652,0,0.535788297653,0.0573567040265,0.0970617274541,0.0970617274541,0.0,0.0,0.0
2104,2015-09-16 04:44:00,0.707865168539,0,0.552789509296,0.03152314201,0.0533525724977,0.0533525724977,0.0,0.0,0.0
2105,2015-09-16 04:49:00,0.730337078652,0,0.567626476288,0.0196668934077,0.0332923652747,0.0332923652747,0.0,0.0,0.0
2106,2015-09-16 05:09:00,0.820224719101,0,0.582794070244,0.0217689406127,0.0368489289011,0.0368489289011,0.0,0.0,0.0
2107,2015-09-16 05:14:00,0.786516853933,0,0.601412117481,0.047878947109,0.081025814734,0.081025814734,0.0,0.0,0.0
2108,2015-09-16 05:19:00,0.966292134831,0,0.62869822979,0.0249067153782,0.0421578941671,0.0421578941671,0.0,0.0,0.0
2109,2015-09-16 05:24:00,0.831460674157,0,0.655917108059,0.0963326618075,0.163007189297,0.163007189297,0.0,0.0,0.0
2110,2015-09-16 05:29:00,0.606741573034,0,0.703842878342,0.01628629677,0.0275725569808,0.0275725569808,0.0,0.0,0.0
2111,2015-09-16 05:39:00,0.876404494382,0,0.745734453201,0.0193190276623,0.0327037930228,0.0327037930228,0.0,0.0,0.0
2112,2015-09-16 05:44:00,0.752808988764,0,0.761788606644,0.0131368087605,0.0222437734645,0.0222437734645,0.0,0.0,0.0
2113,2015-09-16 05:49:00,0.696629213483,0,0.81166023016,0.00346346874721,0.00587694347348,0.00587694347348,0.0,0.0,0.0
2114,2015-09-16 05:54:00,0.842696629213,0,0.839313685894,0.0203588549048,0.0344631311288,0.0344631311288,0.0,0.0,0.0
2115,2015-09-16 05:59:00,0.797752808989,0,0.846528053284,1.46799793583e-05,4.17573473846e-05,4.17573473846e-05,0.0,0.0,0.0
2116,2015-09-16 06:04:00,0.741573033708,0,0.867399275303,0.00485063204542,0.00822395762167,0.00822395762167,0.0,0.0,0.0
2117,2015-09-16 06:09:00,0.685393258427,0,0.871676445007,0.0169268976897,0.0286564231874,0.0286564231874,0.0,0.0,0.0
2118,2015-09-16 06:14:00,0.606741573034,0,0.859002649784,0.030140215531,0.0510127268455,0.0510127268455,0.0,0.0,0.0
2119,2015-09-16 06:19:00,0.674157303371,0,0.833179354668,0.0512740798295,0.0867702173867,0.0867702173867,0.0,0.0,0.0
2120,2015-09-16 06:24:00,0.573033707865,0,0.796432375908,0.0149511890486,0.0253136183861,0.0253136183861,0.0,0.0,0.0
2121,2015-09-16 06:29:00,0.741573033708,0,0.768544256687,0.0382243804634,0.0646907483858,0.0646907483858,0.0,0.0,0.0
2122,2015-09-16 06:34:00,0.61797752809,0,0.730632901192,0.000119686541439,0.000219423442772,0.000219423442772,0.0,0.0,0.0
2123,2015-09-16 06:39:00,0.696629213483,0,0.712740421295,0.00898001156747,0.0152106708472,0.0152106708472,0.0,0.0,0.0
2124,2015-09-16 06:44:00,0.730337078652,0,0.678998529911,0.000310841453029,0.000542848437205,0.000542848437205,0.0,0.0,0.0
2125,2015-09-16 06:49:00,0.797752808989,0,0.657598078251,0.00529096275568,0.00896897618453,0.00896897618453,0.0,0.0,0.0
2126,2015-09-16 06:54:00,0.629213483146,0,0.646978139877,0.0227329973131,0.0384800668634,0.0384800668634,0.0,0.0,0.0
2127,2015-09-16 06:59:00,0.719101123596,0,0.651345491409,0.000489824509714,0.000845679233602,0.000845679233602,0.0,0.0,0.0
2128,2015-09-16 07:04:00,0.696629213483,0,0.64274251461,0.00583063811064,0.00988208114856,0.00988208114856,0.0,0.0,0.0
2129,2015-09-16 07:09:00,0.640449438202,0,0.646253228188,0.00253774109297,0.00431065642947,0.00431065642947,0.0,0.0,0.0
2130,2015-09-16 07:14:00,0.719101123596,0,0.649947106838,9.02052124729e-05,0.000169542440095,0.000169542440095,0.0,0.0,0.0
2131,2015-09-16 07:19:00,0.640449438202,0,0.649883747101,0.00479104602709,0.00812314092026,0.00812314092026,0.0,0.0,0.0
2132,2015-09-16 07:24:00,0.730337078652,0,0.657937467098,0.000305830239085,0.000534369702192,0.000534369702192,0.0,0.0,0.0
2133,2015-09-16 07:29:00,0.842696629213,0,0.659126460552,0.00507095269859,0.00859672965998,0.00859672965998,0.0,0.0,0.0
2134,2015-09-16 07:34:00,0.752808988764,0,0.668773472309,0.0302492566407,0.0511972192031,0.0511972192031,0.0,0.0,0.0
2135,2015-09-16 07:39:00,0.685393258427,0,0.687906563282,0.0042123249732,0.00714397249567,0.00714397249567,0.0,0.0,0.0
2136,2015-09-16 07:44:00,0.719101123596,0,0.69899815321,0.000185092736501,0.000330087605665,0.000330087605665,0.0,0.0,0.0
2137,2015-09-16 07:49:00,0.719101123596,0,0.705132544041,0.000195121421712,0.000347055662783,0.000347055662783,0.0,0.0,0.0
2138,2015-09-16 07:54:00,0.797752808989,0,0.714505553246,2.11193346331e-05,5.26524294235e-05,5.26524294235e-05,0.0,0.0,0.0
2139,2015-09-16 07:59:00,0.741573033708,0,0.722935318947,0.00559765519574,0.00948788516727,0.00948788516727,0.0,0.0,0.0
2140,2015-09-16 08:04:00,0.741573033708,0,0.73720395565,1.90888604266e-05,4.92169638972e-05,4.92169638972e-05,0.0,0.0,0.0
2141,2015-09-16 08:09:00,0.640449438202,0,0.744894742966,1.10337387014e-05,3.55880820784e-05,3.55880820784e-05,0.0,0.0,0.0
2142,2015-09-16 08:14:00,0.640449438202,0,0.75204461813,0.012453478761,0.0210876116927,0.0210876116927,0.0,0.0,0.0
2143,2015-09-16 08:19:00,0.696629213483,0,0.749159634113,0.0118179013953,0.0200122450998,0.0200122450998,0.0,0.0,0.0
2144,2015-09-16 08:24:00,0.741573033708,0,0.745800673962,0.00241783121601,0.00410777463603,0.00410777463603,0.0,0.0,0.0
2145,2015-09-16 08:29:00,0.719101123596,0,0.745863437653,1.84075488505e-05,4.80642172015e-05,4.80642172015e-05,0.0,0.0,0.0
2146,2015-09-16 08:34:00,0.494382022472,0,0.747578203678,0.000810943660326,0.0013889975226,0.0013889975226,0.0,0.0,0.0
2147,2015-09-16 08:39:00,0.707865168539,0,0.74540156126,0.0630108118057,0.106628208178,0.106628208178,0.0,0.0,0.0
2148,2015-09-16 08:44:00,0.674157303371,0,0.724050402641,0.000261961482465,0.000460145858046,0.000460145858046,0.0,0.0,0.0
2149,2015-09-16 08:49:00,0.651685393258,0,0.721302986145,0.00222271378152,0.00377764524183,0.00377764524183,0.0,0.0,0.0
2150,2015-09-16 08:54:00,0.842696629213,0,0.713177859783,0.0037813205272,0.00641473352719,0.00641473352719,0.0,0.0,0.0
2151,2015-09-16 08:59:00,0.820224719101,0,0.702790677547,0.0195736698806,0.0331346355126,0.0331346355126,0.0,0.0,0.0
2152,2015-09-16 09:04:00,0.595505617978,0,0.707512974739,0.0127039337531,0.0215113695953,0.0215113695953,0.0,0.0,0.0
2153,2015-09-16 09:09:00,0.741573033708,0,0.709178030491,0.01292142272,0.0218793505554,0.0218793505554,0.0,0.0,0.0
2154,2015-09-16 09:14:00,0.47191011236,0,0.694901943207,0.00217819097452,0.00370231477562,0.00370231477562,0.0,0.0,0.0
2155,2015-09-16 09:19:00,0.741573033708,0,0.694910824299,0.0497293137014,0.0841565467663,0.0841565467663,0.0,0.0,0.0
2156,2015-09-16 09:24:00,0.719101123596,0,0.675463855267,0.00437042396516,0.00741146845049,0.00741146845049,0.0,0.0,0.0
2157,2015-09-16 09:29:00,0.651685393258,0,0.677248299122,0.00175165955443,0.00298064395367,0.00298064395367,0.0,0.0,0.0
2158,2015-09-16 09:34:00,0.651685393258,0,0.67550432682,0.00056734046666,0.000976832536099,0.000976832536099,0.0,0.0,0.0
2159,2015-09-16 09:39:00,0.662921348315,0,0.669194102287,0.000306554080453,0.000535594407267,0.000535594407267,0.0,0.0,0.0
2160,2015-09-16 09:49:00,0.797752808989,0,0.664104104042,1.39886196848e-06,1.92863301236e-05,1.92863301236e-05,0.0,0.0,0.0
2161,2015-09-16 09:54:00,0.561797752809,0,0.660495102406,0.0188396740705,0.0318927496053,0.0318927496053,0.0,0.0,0.0
2162,2015-09-16 09:59:00,0.629213483146,0,0.666769742966,0.0110191218555,0.0186607482115,0.0186607482115,0.0,0.0,0.0
2163,2015-09-16 10:04:00,0.820224719101,0,0.656401634216,0.000739193987101,0.00126760049717,0.00126760049717,0.0,0.0,0.0
2164,2015-09-16 10:09:00,0.76404494382,0,0.652783513069,0.02803655155,0.0474534277113,0.0474534277113,0.0,0.0,0.0
2165,2015-09-16 10:14:00,0.707865168539,0,0.662491381168,0.0103131253272,0.0174662357539,0.0174662357539,0.0,0.0,0.0
2166,2015-09-16 10:19:00,0.685393258427,0,0.667407870293,0.00163679383695,0.00278629663752,0.00278629663752,0.0,0.0,0.0
2167,2015-09-16 10:24:00,0.786516853933,0,0.669761121273,0.000244364200626,0.000430372096369,0.000430372096369,0.0,0.0,0.0
2168,2015-09-16 10:29:00,0.85393258427,0,0.67210149765,0.0130908722058,0.0221660510046,0.0221660510046,0.0,0.0,0.0
2169,2015-09-16 10:34:00,0.685393258427,0,0.682570040226,0.029365113005,0.0497012903355,0.0497012903355,0.0,0.0,0.0
2170,2015-09-16 10:39:00,0.76404494382,0,0.697942852974,0.000157491929713,0.000283388356832,0.000283388356832,0.0,0.0,0.0
2171,2015-09-16 10:44:00,0.561797752809,0,0.701200008392,0.0039494857192,0.00669926101244,0.00669926101244,0.0,0.0,0.0
2172,2015-09-16 10:49:00,0.606741573034,0,0.711990654469,0.0225579123944,0.0381838315305,0.0381838315305,0.0,0.0,0.0
2173,2015-09-16 10:54:00,0.494382022472,0,0.707367062569,0.0101254945621,0.0171487734472,0.0171487734472,0.0,0.0,0.0
2174,2015-09-16 10:59:00,0.685393258427,0,0.706843554974,0.04513990134,0.0763914799151,0.0763914799151,0.0,0.0,0.0
2175,2015-09-16 11:04:00,0.629213483146,0,0.696782290936,0.000129709704197,0.000236382156165,0.000236382156165,0.0,0.0,0.0
2176,2015-09-16 11:09:00,0.595505617978,0,0.699909687042,0.00499794911593,0.00847321107959,0.00847321107959,0.0,0.0,0.0
2177,2015-09-16 11:14:00,0.707865168539,0,0.695442318916,0.00998734869063,0.0169150372207,0.0169150372207,0.0,0.0,0.0
2178,2015-09-16 11:24:00,0.707865168539,0,0.687406361103,0.000418563198764,0.000725108493852,0.000725108493852,0.0,0.0,0.0
2179,2015-09-16 11:29:00,0.47191011236,0,0.686821699142,0.000442828022642,0.000766163418689,0.000766163418689,0.0,0.0,0.0
2180,2015-09-16 11:34:00,0.539325842697,0,0.684642732143,0.0452551655471,0.0765865014567,0.0765865014567,0.0,0.0,0.0
2181,2015-09-16 11:39:00,0.719101123596,0,0.666245996952,0.0161087270826,0.0272721175379,0.0272721175379,0.0,0.0,0.0
2182,2015-09-16 11:44:00,0.629213483146,0,0.653979003429,0.00424089143053,0.00719230557917,0.00719230557917,0.0,0.0,0.0
2183,2015-09-16 11:49:00,0.685393258427,0,0.653329491615,0.000581580447033,0.0010009259038,0.0010009259038,0.0,0.0,0.0
2184,2015-09-16 11:54:00,0.820224719101,0,0.644880831242,0.0016412580153,0.00279384981439,0.00279384981439,0.0,0.0,0.0
2185,2015-09-16 11:59:00,0.808988764045,0,0.640892803669,0.0321599282324,0.0544299844184,0.0544299844184,0.0,0.0,0.0
2186,2015-09-16 12:04:00,0.539325842697,0,0.646075248718,0.0265408083797,0.0449227015974,0.0449227015974,0.0,0.0,0.0
2187,2015-09-16 12:09:00,0.719101123596,0,0.650905013084,0.0124499136582,0.0210815797087,0.0210815797087,0.0,0.0,0.0
2188,2015-09-16 12:14:00,0.707865168539,0,0.640361607075,0.00619991263375,0.0105068760313,0.0105068760313,0.0,0.0,0.0
2189,2015-09-16 12:19:00,0.730337078652,0,0.644362092018,0.00403264211491,0.00683995766833,0.00683995766833,0.0,0.0,0.0
2190,2015-09-16 12:24:00,0.573033707865,0,0.647757232189,0.00681943167001,0.0115550726965,0.0115550726965,0.0,0.0,0.0
2191,2015-09-16 12:29:00,0.651685393258,0,0.653301954269,0.00644299434498,0.0109181586944,0.0109181586944,0.0,0.0,0.0
2192,2015-09-16 12:34:00,0.640449438202,0,0.649078190327,6.79762933942e-06,2.84207870536e-05,2.84207870536e-05,0.0,0.0,0.0
2193,2015-09-16 12:39:00,0.640449438202,0,0.651421964169,0.000120395750855,0.000220623391283,0.000220623391283,0.0,0.0,0.0
2194,2015-09-16 12:44:00,0.76404494382,0,0.652588784695,0.000147363098222,0.000266250856983,0.000266250856983,0.0,0.0,0.0
2195,2015-09-16 12:49:00,0.674157303371,0,0.653474271297,0.012225872837,0.0207025133235,0.0207025133235,0.0,0.0,0.0
2196,2015-09-16 12:54:00,0.775280898876,0,0.662290871143,0.000140812640893,0.000255167795567,0.000255167795567,0.0,0.0,0.0
2197,2015-09-16 12:59:00,0.775280898876,0,0.664049744606,0.0123723680153,0.0209503761791,0.0209503761791,0.0,0.0,0.0
2198,2015-09-16 13:04:00,0.674157303371,0,0.67340028286,0.010379659012,0.0175788075756,0.0175788075756,0.0,0.0,0.0
2199,2015-09-16 13:09:00,0.584269662921,0,0.682551145554,7.04562844476e-05,0.000136128195682,0.000136128195682,0.0,0.0,0.0
2200,2015-09-16 13:14:00,0.76404494382,0,0.685109019279,0.010168579407,0.0172216709502,0.0172216709502,0.0,0.0,0.0
2201,2015-09-16 13:19:00,0.584269662921,0,0.682447373867,0.00665816292167,0.011282213665,0.011282213665,0.0,0.0,0.0
2202,2015-09-16 13:24:00,0.730337078652,0,0.693156480789,0.0118563435972,0.0200772874722,0.0200772874722,0.0,0.0,0.0
2203,2015-09-16 13:29:00,0.730337078652,0,0.689085483551,0.00170169444755,0.00289610537561,0.00289610537561,0.0,0.0,0.0
2204,2015-09-16 13:34:00,0.775280898876,0,0.696012973785,0.00117814447731,0.00201028379351,0.00201028379351,0.0,0.0,0.0
2205,2015-09-16 13:39:00,0.696629213483,0,0.701214909554,0.00548576982692,0.00929858045892,0.00929858045892,0.0,0.0,0.0
2206,2015-09-16 13:44:00,0.752808988764,0,0.709045827389,0.000154171983013,0.000277771165341,0.000277771165341,0.0,0.0,0.0
2207,2015-09-16 13:54:00,0.550561797753,0,0.71053147316,0.00178738823161,0.00304109517159,0.00304109517159,0.0,0.0,0.0
2208,2015-09-16 13:59:00,0.651685393258,0,0.716762661934,0.0276227314025,0.0467532637563,0.0467532637563,0.0,0.0,0.0
2209,2015-09-16 14:04:00,0.752808988764,0,0.707504630089,0.00311578460969,0.00528867849348,0.00528867849348,0.0,0.0,0.0
2210,2015-09-16 14:09:00,0.696629213483,0,0.706898987293,0.00210772827268,0.0035830952444,0.0035830952444,0.0,0.0,0.0
2211,2015-09-16 14:14:00,0.651685393258,0,0.712310194969,0.000245892792009,0.000432958400093,0.000432958400093,0.0,0.0,0.0
2212,2015-09-16 14:19:00,0.797752808989,0,0.711556196213,0.0035845101811,0.00608173980727,0.00608173980727,0.0,0.0,0.0
2213,2015-09-16 14:24:00,0.707865168539,0,0.707376718521,0.0081678358838,0.0138365083222,0.0138365083222,0.0,0.0,0.0
2214,2015-09-16 14:29:00,0.595505617978,0,0.714129090309,3.92365909647e-05,8.33059631436e-05,8.33059631436e-05,0.0,0.0,0.0
2215,2015-09-16 14:30:00,0.61797752809,0,0.712792158127,0.0137561382726,0.0232916494638,0.0232916494638,0.0,0.0,0.0
2216,2015-09-16 14:35:00,0.61797752809,0,0.703970730305,0.00739483581856,0.0125286290754,0.0125286290754,0.0,0.0,0.0
2217,2015-09-16 14:40:00,0.707865168539,0,0.697919130325,0.00639066426083,0.0108296186876,0.0108296186876,0.0,0.0,0.0
2218,2015-09-16 14:50:00,0.719101123596,0,0.691511154175,0.000267454102868,0.00046943910983,0.00046943910983,0.0,0.0,0.0
2219,2015-09-16 14:55:00,0.730337078652,0,0.690826237202,0.000799469591584,0.00136958394548,0.00136958394548,0.0,0.0,0.0
2220,2015-09-16 15:00:00,0.730337078652,0,0.689605891705,0.00165902997833,0.00282391912831,0.00282391912831,0.0,0.0,0.0
2221,2015-09-16 15:05:00,0.741573033708,0,0.688919603825,0.00171540759038,0.00291930735932,0.00291930735932,0.0,0.0,0.0
2222,2015-09-16 15:10:00,0.662921348315,0,0.688544332981,0.00281204329804,0.00477476267926,0.00477476267926,0.0,0.0,0.0
2223,2015-09-16 15:15:00,0.730337078652,0,0.689643740654,0.000714085123036,0.00122511749659,0.00122511749659,0.0,0.0,0.0
2224,2015-09-16 15:20:00,0.707865168539,0,0.685973346233,0.00196814117953,0.00334692053956,0.00334692053956,0.0,0.0,0.0
2225,2015-09-16 15:25:00,0.651685393258,0,0.688259184361,0.000384395010769,0.00066729754921,0.00066729754921,0.0,0.0,0.0
2226,2015-09-16 15:30:00,0.831460674157,0,0.688999593258,0.00139234773815,0.00237270549572,0.00237270549572,0.0,0.0,0.0
2227,2015-09-16 15:35:00,0.707865168539,0,0.686315715313,0.0210670530796,0.0356613686674,0.0356613686674,0.0,0.0,0.0
2228,2015-09-16 15:40:00,0.595505617978,0,0.69700884819,0.00011785991228,0.000216332873344,0.000216332873344,0.0,0.0,0.0
2229,2015-09-16 15:45:00,0.52808988764,0,0.697780489922,0.0104601541534,0.0177150015162,0.0177150015162,0.0,0.0,0.0
2230,2015-09-16 15:50:00,0.707865168539,0,0.69185167551,0.0268179252744,0.0453915701679,0.0453915701679,0.0,0.0,0.0
2231,2015-09-16 15:55:00,0.685393258427,0,0.682468831539,0.000644974468742,0.00110818556534,0.00110818556534,0.0,0.0,0.0
2232,2015-09-16 16:00:00,0.707865168539,0,0.68583214283,1.92605995153e-07,1.72454025418e-05,1.72454025418e-05,0.0,0.0,0.0
2233,2015-09-16 16:05:00,0.539325842697,0,0.685264468193,0.000510792131536,0.0008811554498,0.0008811554498,0.0,0.0,0.0
2234,2015-09-16 16:10:00,0.640449438202,0,0.68564915657,0.0214105155319,0.0362424907573,0.0362424907573,0.0,0.0,0.0
2235,2015-09-16 16:15:00,0.561797752809,0,0.674182593822,0.00113792403135,0.00194223271703,0.00194223271703,0.0,0.0,0.0
2236,2015-09-16 16:20:00,0.61797752809,0,0.67081028223,0.0118837347254,0.0201236319549,0.0201236319549,0.0,0.0,0.0
2237,2015-09-16 16:25:00,0.606741573034,0,0.661301374435,0.0018769580638,0.00319264305618,0.00319264305618,0.0,0.0,0.0
2238,2015-09-16 16:30:00,0.752808988764,0,0.655657887459,0.00239280820824,0.00406543690021,0.00406543690021,0.0,0.0,0.0
2239,2015-09-16 16:35:00,0.730337078652,0,0.648553848267,0.0108691342175,0.0184069762808,0.0184069762808,0.0,0.0,0.0
2240,2015-09-16 16:40:00,0.820224719101,0,0.650657951832,0.0063487640582,0.010758725543,0.010758725543,0.0,0.0,0.0
2241,2015-09-16 16:45:00,0.61797752809,0,0.650359094143,0.0288543254137,0.0488370620898,0.0488370620898,0.0,0.0,0.0
2242,2015-09-16 16:55:00,0.887640449438,0,0.656826853752,0.00150927226059,0.00257053621169,0.00257053621169,0.0,0.0,0.0
2243,2015-09-16 17:00:00,0.719101123596,0,0.65106600523,0.0559674799442,0.0947112265576,0.0947112265576,0.0,0.0,0.0
2244,2015-09-16 17:05:00,0.752808988764,0,0.665575027466,0.0028650437016,0.00486443683457,0.00486443683457,0.0,0.0,0.0
2245,2015-09-16 17:10:00,0.696629213483,0,0.668708026409,0.00707297166809,0.0119840502822,0.0119840502822,0.0,0.0,0.0
2246,2015-09-16 17:15:00,0.719101123596,0,0.676449120045,0.000407236686442,0.000705944575152,0.000705944575152,0.0,0.0,0.0
2247,2015-09-16 17:20:00,0.629213483146,0,0.681387245655,0.00142233713996,0.00242344613342,0.00242344613342,0.0,0.0,0.0
2248,2015-09-16 17:25:00,0.876404494382,0,0.68889349699,0.00356170069426,0.0060431472433,0.0060431472433,0.0,0.0,0.0
2249,2015-09-16 17:30:00,0.752808988764,0,0.690087199211,0.0347141437232,0.058751595221,0.058751595221,0.0,0.0,0.0
2250,2015-09-16 17:35:00,0.831460674157,0,0.709439635277,0.00188090081792,0.00319931400812,0.00319931400812,0.0,0.0,0.0
2251,2015-09-16 17:45:00,0.808988764045,0,0.717540442944,0.0129778143018,0.0219747624228,0.0219747624228,0.0,0.0,0.0
2252,2015-09-16 17:50:00,0.707865168539,0,0.732403755188,0.00586526142433,0.00994066214419,0.00994066214419,0.0,0.0,0.0
2253,2015-09-16 17:55:00,0.629213483146,0,0.745297789574,0.00140120030846,0.00238768362253,0.00238768362253,0.0,0.0,0.0
2254,2015-09-16 18:00:00,0.573033707865,0,0.750361680984,0.0146768791601,0.0248494991363,0.0248494991363,0.0,0.0,0.0
2255,2015-09-16 18:05:00,0.719101123596,0,0.749667286873,0.0311994273216,0.0528048626825,0.0528048626825,0.0,0.0,0.0
2256,2015-09-16 18:10:00,0.752808988764,0,0.744353950024,0.000637704855762,0.00109588572686,0.00109588572686,0.0,0.0,0.0
2257,2015-09-16 18:15:00,0.786516853933,0,0.749837815762,8.82786480361e-06,3.18558486392e-05,3.18558486392e-05,0.0,0.0,0.0
2258,2015-09-16 18:20:00,0.629213483146,0,0.754461765289,0.00102752819657,0.00175544822924,0.00175544822924,0.0,0.0,0.0
2259,2015-09-16 18:30:00,0.775280898876,0,0.759443163872,0.0169597622007,0.0287120283727,0.0287120283727,0.0,0.0,0.0
2260,2015-09-16 18:35:00,0.842696629213,0,0.750139474869,0.00063209090149,0.00108638718395,0.00108638718395,0.0,0.0,0.0
2261,2015-09-16 18:40:00,0.719101123596,1,0.753561913967,0.00794499367476,0.0134594699317,0.0134594699317,-1.0,-2.0,-1.0
2262,2015-09-16 18:45:00,0.584269662921,1,0.760511994362,0.00171485962346,0.00291838022542,0.00291838022542,0.0,0.0,0.0
2263,2015-09-16 18:50:00,0.707865168539,1,0.756184697151,0.0295547861606,0.0500222082693,0.0500222082693,0.0,0.0,0.0
2264,2015-09-16 18:55:00,0.539325842697,1,0.742429792881,0.00119471258949,0.00203831624922,0.00203831624922,0.0,0.0,0.0
2265,2015-09-16 19:00:00,0.820224719101,1,0.73998695612,0.0402648858726,0.0681431862286,0.0681431862286,0.0,0.0,0.0
2266,2015-09-16 19:05:00,0.629213483146,1,0.723070025444,0.0094390315935,0.0159873108411,0.0159873108411,0.0,0.0,0.0
2267,2015-09-16 19:10:00,0.820224719101,1,0.728299736977,0.00981807988137,0.0166286424677,0.0166286424677,0.0,0.0,0.0
2268,2015-09-16 19:15:00,0.820224719101,1,0.715770900249,0.0109105966985,0.0184771288214,0.0184771288214,0.0,0.0,0.0
2269,2015-09-16 19:20:00,0.76404494382,1,0.71875333786,0.0102964378893,0.0174380014048,0.0174380014048,0.0,0.0,0.0
2270,2015-09-16 19:25:00,0.820224719101,1,0.720452189445,0.001900327974,0.00323218382974,0.00323218382974,0.0,0.0,0.0
2271,2015-09-16 19:30:00,0.719101123596,1,0.718740403652,0.0102990632877,0.0174424434536,0.0174424434536,0.0,0.0,0.0
2272,2015-09-16 19:35:00,0.573033707865,1,0.723033964634,1.54671815835e-05,4.30892560088e-05,4.30892560088e-05,0.0,0.0,0.0
2273,2015-09-16 19:40:00,0.584269662921,1,0.720783770084,0.021830085665,0.0369523834136,0.0369523834136,0.0,0.0,0.0
2274,2015-09-16 19:45:00,0.662921348315,1,0.709853827953,0.0157713871449,0.0267013544507,0.0267013544507,0.0,0.0,0.0
2275,2015-09-16 19:50:00,0.662921348315,1,0.701622843742,0.00149780418724,0.00255113277848,0.00255113277848,0.0,0.0,0.0
2276,2015-09-16 19:55:00,0.76404494382,1,0.698868751526,0.00129221426323,0.00220328443143,0.00220328443143,0.0,0.0,0.0
2277,2015-09-16 20:00:00,0.674157303371,1,0.69462364912,0.00481931585819,0.00817097212631,0.00817097212631,0.0,0.0,0.0
2278,2015-09-16 20:05:00,0.494382022472,1,0.696750104427,0.000510433863383,0.000880549277171,0.000880549277171,0.0,0.0,0.0
2279,2015-09-16 20:10:00,0.651685393258,1,0.691474378109,0.038845397532,0.0657414796502,0.0657414796502,0.0,0.0,0.0
2280,2015-09-16 20:15:00,0.775280898876,1,0.675321996212,0.000558687897865,0.00096219280233,0.00096219280233,0.0,0.0,0.0
2281,2015-09-16 20:20:00,0.696629213483,1,0.671172499657,0.0108385579661,0.0183552427215,0.0183552427215,0.0,0.0,0.0
2282,2015-09-16 20:25:00,0.741573033708,1,0.673968195915,0.000513522303663,0.000885774770841,0.000885774770841,0.0,0.0,0.0
2283,2015-09-16 20:30:00,0.685393258427,1,0.670277357101,0.0050830738619,0.00861723809025,0.00861723809025,0.0,0.0,0.0
2284,2015-09-16 20:35:00,0.550561797753,1,0.670699119568,0.000215918174945,0.000382242777478,0.000382242777478,0.0,0.0,0.0
2285,2015-09-16 20:40:00,0.539325842697,1,0.668103635311,0.0138160865754,0.0233930791333,0.0233930791333,0.0,0.0,0.0
2286,2015-09-16 20:45:00,0.741573033708,1,0.6582493186,0.0141427954659,0.0239458549956,0.0239458549956,0.0,0.0,0.0
2287,2015-09-16 20:50:00,0.820224719101,1,0.649387955666,0.00849808938801,0.0143952815019,0.0143952815019,0.0,0.0,0.0
2288,2015-09-16 20:55:00,0.629213483146,1,0.653555691242,0.0277785584331,0.0470169156608,0.0470169156608,0.0,0.0,0.0
2289,2015-09-16 21:00:00,0.674157303371,1,0.660860836506,0.00100155314431,0.00171149967953,0.00171149967953,0.0,0.0,0.0
2290,2015-09-16 21:15:00,0.674157303371,1,0.655684113503,0.000341259408742,0.000594314167672,0.000594314167672,0.0,0.0,0.0
2291,2015-09-16 21:20:00,0.696629213483,1,0.65560990572,0.000344006635714,0.000598962344696,0.000598962344696,0.0,0.0,0.0
2292,2015-09-16 21:30:00,0.640449438202,1,0.656157493591,0.00163796113338,0.00278827164742,0.00278827164742,0.0,0.0,0.0
2293,2015-09-16 21:35:00,0.651685393258,1,0.65856128931,0.000328038207954,0.000571944526443,0.000571944526443,0.0,0.0,0.0
2294,2015-09-16 21:40:00,0.629213483146,1,0.657534480095,3.4211541788e-05,7.48038195758e-05,7.48038195758e-05,0.0,0.0,0.0
2295,2015-09-16 21:45:00,0.595505617978,1,0.657874882221,0.000821474124677,0.0014068145661,0.0014068145661,0.0,0.0,0.0
2296,2015-09-16 21:50:00,0.483146067416,1,0.65681552887,0.00375890801661,0.0063768126281,0.0063768126281,0.0,0.0,0.0
2297,2015-09-16 21:55:00,0.483146067416,1,0.653677403927,0.0290809348226,0.0492204744029,0.0492204744029,0.0,0.0,0.0
2298,2015-09-16 21:59:00,0.573033707865,1,0.643701016903,0.0257778912783,0.0436318822446,0.0436318822446,0.0,0.0,0.0
2299,2015-09-16 22:05:00,0.696629213483,1,0.633986711502,0.00371527066454,0.00630298030943,0.00630298030943,0.0,0.0,0.0
2300,2015-09-16 22:10:00,0.606741573034,1,0.628960072994,0.00457911426201,0.00776456248055,0.00776456248055,0.0,0.0,0.0
2301,2015-09-16 22:14:00,0.61797752809,1,0.629633128643,0.000524024479091,0.000903543950827,0.000903543950827,0.0,0.0,0.0
2302,2015-09-16 22:20:00,0.61797752809,1,0.623275637627,2.80702624877e-05,6.4413067871e-05,6.4413067871e-05,0.0,0.0,0.0
2303,2015-09-16 22:25:00,0.775280898876,1,0.618340671062,1.3189324477e-07,1.71426794635e-05,1.71426794635e-05,0.0,0.0,0.0
2304,2015-09-16 22:30:00,0.85393258427,1,0.613893926144,0.0260457526892,0.0440850909779,0.0440850909779,0.0,0.0,0.0
2305,2015-09-16 22:35:00,0.61797752809,1,0.619129121304,0.0551326535642,0.0932987401346,0.0932987401346,0.0,0.0,0.0
2306,2015-09-16 22:40:00,0.629213483146,1,0.628804504871,0.00011722403724,0.000215257003101,0.000215257003101,0.0,0.0,0.0
2307,2015-09-16 22:45:00,0.775280898876,1,0.625460326672,1.40863994602e-05,4.07530385042e-05,4.07530385042e-05,0.0,0.0,0.0
2308,2015-09-16 23:00:00,0.820224719101,1,0.625828623772,0.0223359800875,0.037808332651,0.037808332651,0.0,0.0,0.0
2309,2015-09-16 23:05:00,0.730337078652,1,0.636276423931,0.0338369682431,0.0572674561402,0.0572674561402,0.0,0.0,0.0
2310,2015-09-16 23:10:00,0.595505617978,1,0.649336993694,0.0065610143356,0.0111178428903,0.0111178428903,0.0,0.0,0.0
2311,2015-09-16 23:15:00,0.640449438202,1,0.657343506813,0.00382392737083,0.00648682227474,0.00648682227474,0.0,0.0,0.0
2312,2015-09-16 23:20:00,0.685393258427,1,0.658236026764,0.000316361809382,0.000552188616895,0.000552188616895,0.0,0.0,0.0
2313,2015-09-16 23:40:00,0.483146067416,1,0.663546323776,0.000477289228002,0.000824470134739,0.000824470134739,0.0,0.0,0.0
2314,2015-09-16 23:45:00,0.505617977528,1,0.671365261078,0.0354264639318,0.0599568070441,0.0599568070441,0.0,0.0,0.0
2315,2015-09-16 23:50:00,0.516853932584,1,0.664728105068,0.0253160335124,0.0428504409302,0.0428504409302,0.0,0.0,0.0
2316,2015-09-17 00:00:00,0.61797752809,1,0.659908175468,0.0204645171762,0.0346419066531,0.0346419066531,0.0,0.0,0.0
2317,2015-09-17 00:10:00,0.426966292135,1,0.654594659805,0.00134081637952,0.00228551689441,0.00228551689441,0.0,0.0,0.0
2318,2015-09-17 00:15:00,0.415730337079,1,0.654072523117,0.0515772439539,0.0872831566278,0.0872831566278,0.0,0.0,0.0
2319,2015-09-17 00:25:00,0.651685393258,1,0.639080524445,0.0498853102326,0.0844204854579,0.0844204854579,0.0,0.0,0.0
2320,2015-09-17 00:50:00,0.685393258427,1,0.623712539673,0.000782481860369,0.00134084151439,0.00134084151439,0.0,0.0,0.0
2321,2015-09-17 00:59:00,0.707865168539,1,0.622000932693,0.00401858892292,0.00681618033767,0.00681618033767,0.0,0.0,0.0
2322,2015-09-17 01:05:00,0.606741573034,1,0.619045138359,0.0078889997676,0.013364730911,0.013364730911,0.0,0.0,0.0
2323,2015-09-17 01:15:00,0.539325842697,1,0.616621673107,9.76168812485e-05,0.000182082630209,0.000182082630209,0.0,0.0,0.0
2324,2015-09-17 01:25:00,0.606741573034,1,0.608741998672,0.00481860386208,0.00816976746285,0.00816976746285,0.0,0.0,0.0
2325,2015-09-17 01:40:00,0.573033707865,1,0.598984837532,6.016655243e-05,0.000118718459815,0.000118718459815,0.0,0.0,0.0
2326,2015-09-17 01:45:00,0.595505617978,1,0.594810366631,0.000474223634228,0.000819283296269,0.000819283296269,0.0,0.0,0.0
2327,2015-09-17 01:50:00,0.606741573034,1,0.588938891888,4.31215921708e-05,8.98791999126e-05,8.98791999126e-05,0.0,0.0,0.0
2328,2015-09-17 01:55:00,0.674157303371,1,0.585063159466,0.000469952501589,0.00081205674353,0.00081205674353,0.0,0.0,0.0
2329,2015-09-17 02:00:00,0.651685393258,1,0.582181513309,0.00845954939723,0.0143300736755,0.0143300736755,0.0,0.0,0.0
2330,2015-09-17 02:05:00,0.640449438202,1,0.5835044384,0.00464864587411,0.00788220665233,0.00788220665233,0.0,0.0,0.0
2331,2015-09-17 02:15:00,0.707865168539,1,0.583770096302,0.00321255065501,0.00545240202748,0.00545240202748,0.0,0.0,0.0
2332,2015-09-17 02:20:00,0.707865168539,1,0.584441363811,0.015233438462,0.0257911709334,0.0257911709334,0.0,0.0,0.0
2333,2015-09-17 02:25:00,0.719101123596,1,0.590021252632,0.0138871911913,0.0235133847525,0.0235133847525,0.0,0.0,0.0
2334,2015-09-17 02:35:00,0.797752808989,1,0.596158921719,0.0151147870347,0.0255904183767,0.0255904183767,0.0,0.0,0.0
2335,2015-09-17 02:40:00,0.820224719101,1,0.604014873505,0.0375343821943,0.0635233042198,0.0635233042198,0.0,0.0,0.0
2336,2015-09-17 02:45:00,0.820224719101,1,0.617715299129,0.0410100594163,0.069403984328,0.069403984328,0.0,0.0,0.0
2337,2015-09-17 02:50:00,0.797752808989,1,0.633688747883,0.0347956605256,0.0588895177631,0.0588895177631,0.0,0.0,0.0
2338,2015-09-17 02:55:00,0.76404494382,1,0.65113401413,0.021497067064,0.0363889318222,0.0363889318222,0.0,0.0,0.0
2339,2015-09-17 03:00:00,0.719101123596,1,0.668785989285,0.00907426793128,0.0153701481198,0.0153701481198,0.0,0.0,0.0
2340,2015-09-17 03:05:00,0.741573033708,1,0.68565094471,0.0011189149227,0.00191007021171,0.00191007021171,0.0,0.0,0.0
2341,2015-09-17 03:10:00,0.674157303371,1,0.70027410984,0.00170560122933,0.00290271546408,0.00290271546408,0.0,0.0,0.0
2342,2015-09-17 03:15:00,0.595505617978,1,0.717169225216,0.0018500238657,0.00314707167745,0.00314707167745,0.0,0.0,0.0
2343,2015-09-17 03:20:00,0.573033707865,1,0.727767586708,0.0174932349473,0.0296146388192,0.0296146388192,0.0,0.0,0.0
2344,2015-09-17 03:30:00,0.561797752809,1,0.731095075607,0.0249834023416,0.0422876448521,0.0422876448521,0.0,0.0,0.0
2345,2015-09-17 03:35:00,0.550561797753,1,0.731674432755,0.0288580916822,0.0488434344365,0.0488434344365,0.0,0.0,0.0
2346,2015-09-17 03:40:00,0.61797752809,1,0.729421317577,0.0319907329977,0.0541437141499,0.0541437141499,0.0,0.0,0.0
2347,2015-09-17 03:45:00,0.696629213483,1,0.72383493185,0.0112057961524,0.0189765922195,0.0189765922195,0.0,0.0,0.0
2348,2015-09-17 03:50:00,0.550561797753,1,0.721300363541,0.000608664995525,0.00104675166822,0.00104675166822,0.0,0.0,0.0
2349,2015-09-17 03:55:00,0.561797752809,1,0.721583604813,0.0292484629899,0.0495039240728,0.0495039240728,0.0,0.0,0.0
2350,2015-09-17 04:00:00,0.494382022472,1,0.706992506981,0.0210815202445,0.0356858464204,0.0356858464204,0.0,0.0,0.0
2351,2015-09-17 04:05:00,0.516853932584,1,0.694165706635,0.0399135202169,0.0675486922955,0.0675486922955,0.0,0.0,0.0
2352,2015-09-17 04:10:00,0.61797752809,1,0.676013231277,0.0253316834569,0.04287691989,0.04287691989,0.0,0.0,0.0
2353,2015-09-17 04:15:00,0.685393258427,1,0.65993398428,0.00176034658216,0.00299534199031,0.00299534199031,0.0,0.0,0.0
2354,2015-09-17 04:20:00,0.674157303371,1,0.650183022022,0.00123976182658,0.00211453741002,0.00211453741002,0.0,0.0,0.0
2355,2015-09-17 04:25:00,0.719101123596,1,0.643073737621,0.000966189196333,0.00165166556603,0.00165166556603,0.0,0.0,0.0
2356,2015-09-17 04:30:00,0.730337078652,1,0.634281039238,0.00719444779679,0.0121895820989,0.0121895820989,0.0,0.0,0.0
2357,2015-09-17 04:35:00,0.752808988764,1,0.629275262356,0.0102134915069,0.0172976600813,0.0172976600813,0.0,0.0,0.0
2358,2015-09-17 04:40:00,0.674157303371,1,0.625937402248,0.016096400097,0.0272512608661,0.0272512608661,0.0,0.0,0.0
2359,2015-09-17 04:45:00,0.573033707865,1,0.625605463982,0.00235728290863,0.00400532978744,0.00400532978744,0.0,0.0,0.0
2360,2015-09-17 04:50:00,0.595505617978,1,0.622043251991,0.00240193703212,0.00408088243487,0.00408088243487,0.0,0.0,0.0
2361,2015-09-17 04:55:00,0.606741573034,1,0.614836573601,0.000373686722014,0.000649179635303,0.000649179635303,0.0,0.0,0.0
2362,2015-09-17 05:00:00,0.730337078652,1,0.611372470856,2.14454503293e-05,5.32042016293e-05,5.32042016293e-05,0.0,0.0,0.0
2363,2015-09-17 05:05:00,0.696629213483,1,0.60937911272,0.0146308308467,0.0247715875861,0.0247715875861,0.0,0.0,0.0
2364,2015-09-17 05:10:00,0.707865168539,1,0.615267753601,0.00661968905479,0.0112171177171,0.0112171177171,0.0,0.0,0.0
2365,2015-09-17 05:15:00,0.730337078652,1,0.618203222752,0.00803926587105,0.013618973992,0.013618973992,0.0,0.0,0.0
2366,2015-09-17 05:20:00,0.786516853933,1,0.622673153877,0.0115915220231,0.0196292219979,0.0196292219979,0.0,0.0,0.0
2367,2015-09-17 05:25:00,0.696629213483,1,0.6294054389,0.0246839933097,0.0417810590487,0.0417810590487,0.0,0.0,0.0
2368,2015-09-17 05:30:00,0.752808988764,1,0.640529930592,0.00314713106491,0.00534171520082,0.00534171520082,0.0,0.0,0.0
2369,2015-09-17 05:35:00,0.76404494382,1,0.646209478378,0.0113634550944,0.0192433436308,0.0192433436308,0.0,0.0,0.0
2370,2015-09-17 05:40:00,0.651685393258,1,0.65740776062,0.0113714877516,0.0192569345038,0.0192569345038,0.0,0.0,0.0
2371,2015-09-17 05:45:00,0.76404494382,1,0.669751882553,0.000326397188473,0.000569167999741,0.000569167999741,0.0,0.0,0.0
2372,2015-09-17 05:50:00,0.730337078652,1,0.674410700798,0.00803429726511,0.0136105673477,0.0136105673477,0.0,0.0,0.0
2373,2015-09-17 05:55:00,0.685393258427,1,0.688579261303,0.00174371572211,0.00296720336823,0.00296720336823,0.0,0.0,0.0
2374,2015-09-17 06:00:00,0.696629213483,1,0.699086248875,0.00018749757146,0.000334156471731,0.000334156471731,0.0,0.0,0.0
2375,2015-09-17 06:05:00,0.629213483146,1,0.705962300301,8.71062729857e-05,0.000164299182268,0.000164299182268,0.0,0.0,0.0
2376,2015-09-17 06:10:00,0.76404494382,1,0.7137144804,0.007140413858,0.0120981592513,0.0120981592513,0.0,0.0,0.0
2377,2015-09-17 06:15:00,0.707865168539,1,0.715216815472,0.00238418579102,0.00405084818146,0.00405084818146,0.0,0.0,0.0
2378,2015-09-17 06:20:00,0.595505617978,1,0.727201759815,0.000373903370928,0.000649546194934,0.000649546194934,0.0,0.0,0.0
2379,2015-09-17 06:25:00,0.61797752809,1,0.731712341309,0.0185522772372,0.031406487869,0.031406487869,0.0,0.0,0.0
2380,2015-09-17 06:30:00,0.573033707865,1,0.726310133934,0.0117359599099,0.0198736040142,0.0198736040142,0.0,0.0,0.0
2381,2015-09-17 06:35:00,0.61797752809,1,0.723304927349,0.0225814450532,0.038223647667,0.038223647667,0.0,0.0,0.0
2382,2015-09-17 06:40:00,0.606741573034,1,0.715446949005,0.00950029306114,0.0160909623228,0.0160909623228,0.0,0.0,0.0
2383,2015-09-17 06:45:00,0.674157303371,1,0.710379719734,0.0107408706099,0.0181899603734,0.0181899603734,0.0,0.0,0.0
2384,2015-09-17 06:50:00,0.47191011236,1,0.702473700047,0.000801817281172,0.0013735561243,0.0013735561243,0.0,0.0,0.0
2385,2015-09-17 06:55:00,0.516853932584,1,0.698570132256,0.0513747632504,0.0869405689334,0.0869405689334,0.0,0.0,0.0
2386,2015-09-17 07:00:00,0.0898876404494,1,0.678248345852,0.0260481573641,0.0440891595732,0.0440891595732,0.0,0.0,0.0
2387,2015-09-17 07:05:00,0.539325842697,1,0.663098931313,0.328571200371,0.555943721334,0.555943721334,0.0,0.0,0.0
2388,2015-09-17 07:10:00,0.438202247191,1,0.626715898514,0.00763702346012,0.0129383990153,0.0129383990153,0.0,0.0,0.0
2389,2015-09-17 07:15:00,0.0,1,0.613570809364,0.0307541266084,0.0520514351117,0.0520514351117,0.0,0.0,0.0
2390,2015-09-17 07:20:00,0.52808988764,1,0.590878665447,0.349137604237,0.590741095884,0.590741095884,0.0,0.0,0.0
2391,2015-09-17 07:25:00,0.460674157303,1,0.552096903324,0.000576337100938,0.000992054412258,0.000992054412258,0.0,0.0,0.0
2392,2015-09-17 07:30:00,0.438202247191,1,0.533929824829,0.00536639150232,0.00909659802673,0.00909659802673,0.0,0.0,0.0
2393,2015-09-17 07:35:00,0.101123595506,1,0.509265959263,0.0050500491634,0.00856136187531,0.00856136187531,0.0,0.0,0.0
2394,2015-09-17 07:40:00,0.38202247191,1,0.482465684414,0.145421788096,0.246063649969,0.246063649969,0.0,0.0,0.0
2395,2015-09-17 07:45:00,0.741573033708,1,0.433954417706,0.0026969271712,0.00457999168243,0.00457999168243,0.0,0.0,0.0
2396,2015-09-17 07:50:00,0.674157303371,1,0.390231192112,0.12344109267,0.208873361544,0.208873361544,0.0,0.0,0.0
2397,2015-09-17 07:55:00,0.539325842697,1,0.405423730612,0.0722177401185,0.122205891815,0.122205891815,0.0,0.0,0.0
2398,2015-09-17 08:00:00,0.651685393258,1,0.410863786936,0.0165024977177,0.027938358674,0.027938358674,0.0,0.0,0.0
2399,2015-09-17 08:05:00,0.775280898876,1,0.40872630477,0.0590291284025,0.0998913897421,0.0998913897421,0.0,0.0,0.0
2400,2015-09-17 08:10:00,0.775280898876,1,0.413101196289,0.131174132228,0.221957295695,0.221957295695,0.0,0.0,0.0
2401,2015-09-17 08:15:00,0.775280898876,1,0.423612773418,0.123670466244,0.209261450693,0.209261450693,0.0,0.0,0.0
2402,2015-09-17 08:20:00,0.752808988764,1,0.436492800713,0.114777371287,0.194214758128,0.194214758128,0.0,0.0,0.0
2403,2015-09-17 08:25:00,0.685393258427,1,0.45404535532,0.0892597064376,0.151040086113,0.151040086113,0.0,0.0,0.0
2404,2015-09-17 08:30:00,0.696629213483,1,0.476940870285,0.0434524044394,0.0735363156343,0.0735363156343,0.0,0.0,0.0
2405,2015-09-17 08:35:00,0.696629213483,1,0.505676388741,0.0364629849792,0.0617105512256,0.0617105512256,0.0,0.0,0.0
2406,2015-09-17 08:40:00,0.516853932584,1,0.549569308758,0.0216266196221,0.0366081285722,0.0366081285722,0.0,0.0,0.0
2407,2015-09-17 08:45:00,0.370786516854,1,0.618482470512,0.0103283608332,0.0174920135035,0.0174920135035,0.0,0.0,0.0
2408,2015-09-17 08:50:00,0.550561797753,1,0.650522887707,0.0782524347305,0.13241630731,0.13241630731,0.0,0.0,0.0
2409,2015-09-17 08:55:00,0.573033707865,1,0.629716515541,0.00626547122374,0.0106177980392,0.0106177980392,0.0,0.0,0.0
2410,2015-09-17 09:00:00,0.370786516854,1,0.617373168468,0.00196598935872,0.00334327976137,0.00334327976137,0.0,0.0,0.0
2411,2015-09-17 09:05:00,0.561797752809,1,0.609292328358,0.05688502267,0.096263665093,0.096263665093,0.0,0.0,0.0
2412,2015-09-17 09:10:00,0.584269662921,1,0.585624575615,0.000567718176171,0.00097747160258,0.00097747160258,0.0,0.0,0.0
2413,2015-09-17 09:15:00,0.61797752809,1,0.57635307312,6.26720793662e-05,0.000122957691905,0.000122957691905,0.0,0.0,0.0
2414,2015-09-17 09:20:00,0.606741573034,1,0.569861292839,0.00231516943313,0.00393407579524,0.00393407579524,0.0,0.0,0.0
2415,2015-09-17 09:25:00,0.752808988764,1,0.567036628723,0.00157648057211,0.00268424946969,0.00268424946969,0.0,0.0,0.0
2416,2015-09-17 09:30:00,0.561797752809,1,0.564863801003,0.0353233925998,0.0597824152657,0.0597824152657,0.0,0.0,0.0
2417,2015-09-17 09:35:00,0.640449438202,1,0.574218809605,0.000154283014126,0.000277959024689,0.000277959024689,0.0,0.0,0.0
2418,2015-09-17 09:40:00,0.595505617978,1,0.572442770004,0.00462491065264,0.00784204778951,0.00784204778951,0.0,0.0,0.0
2419,2015-09-17 09:45:00,0.561797752809,1,0.57776004076,0.000314904697007,0.000549723252243,0.000549723252243,0.0,0.0,0.0
2420,2015-09-17 09:50:00,0.494382022472,1,0.580845952034,0.00036283445661,0.000630818119772,0.000630818119772,0.0,0.0,0.0
2421,2015-09-17 09:55:00,0.539325842697,1,0.582227349281,0.00771680101752,0.0130733788379,0.0130733788379,0.0,0.0,0.0
2422,2015-09-17 10:00:00,0.730337078652,1,0.579213380814,0.00159101642203,0.00270884343455,0.00270884343455,0.0,0.0,0.0
2423,2015-09-17 10:05:00,0.561797752809,1,0.578572034836,0.0230326298624,0.0389870308476,0.0389870308476,0.0,0.0,0.0
2424,2015-09-17 10:10:00,0.516853932584,1,0.589943647385,0.000792192236986,0.00135727100855,0.00135727100855,0.0,0.0,0.0
2425,2015-09-17 10:15:00,0.674157303371,1,0.589329183102,0.00525266258046,0.00890417411455,0.00890417411455,0.0,0.0,0.0
2426,2015-09-17 10:20:00,0.61797752809,1,0.586360633373,0.00770825846121,0.01305892524,0.01305892524,0.0,0.0,0.0
2427,2015-09-17 10:25:00,0.606741573034,1,0.593773245811,0.000585845904425,0.00100814285429,0.00100814285429,0.0,0.0,0.0
2428,2015-09-17 10:30:00,0.595505617978,1,0.596806824207,9.86987288343e-05,0.000183913064732,0.000183913064732,0.0,0.0,0.0
2429,2015-09-17 10:35:00,0.52808988764,1,0.599413275719,1.52699667524e-05,4.27555779195e-05,4.27555779195e-05,0.0,0.0,0.0
2430,2015-09-17 10:40:00,0.505617977528,1,0.601403415203,0.00537487445399,0.00911095077641,0.00911095077641,0.0,0.0,0.0
2431,2015-09-17 10:45:00,0.662921348315,1,0.59866631031,0.00865799281746,0.0146658304789,0.0146658304789,0.0,0.0,0.0
2432,2015-09-17 10:50:00,0.651685393258,1,0.593963205814,0.0047552282922,0.00806253902093,0.00806253902093,0.0,0.0,0.0
2433,2015-09-17 10:55:00,0.629213483146,1,0.599034905434,0.00277207628824,0.00470714040467,0.00470714040467,0.0,0.0,0.0
2434,2015-09-17 11:05:00,0.797752808989,1,0.602336764336,0.000722359574866,0.00123911747448,0.00123911747448,0.0,0.0,0.0
2435,2015-09-17 11:10:00,0.752808988764,1,0.604315459728,0.0374180041254,0.0633263980771,0.0633263980771,0.0,0.0,0.0
2436,2015-09-17 11:15:00,0.696629213483,1,0.618883669376,0.0179359912872,0.0303637614318,0.0303637614318,0.0,0.0,0.0
2437,2015-09-17 11:20:00,0.808988764045,1,0.631561160088,0.00423385342583,0.00718039761086,0.00718039761086,0.0,0.0,0.0
2438,2015-09-17 11:25:00,0.707865168539,1,0.642323195934,0.0277774073184,0.0470149680296,0.0470149680296,0.0,0.0,0.0
2439,2015-09-17 11:30:00,0.696629213483,1,0.664746761322,0.00185919785872,0.00316259363614,0.00316259363614,0.0,0.0,0.0
2440,2015-09-17 11:35:00,0.707865168539,1,0.68108022213,0.000241771529545,0.000425985420543,0.000425985420543,0.0,0.0,0.0
2441,2015-09-17 11:40:00,0.52808988764,1,0.698020100594,9.69255634118e-05,0.000180912953397,0.000180912953397,0.0,0.0,0.0
2442,2015-09-17 11:45:00,0.775280898876,1,0.716187119484,0.0353805720806,0.0598791602204,0.0598791602204,0.0,0.0,0.0
2443,2015-09-17 11:50:00,0.674157303371,1,0.710775315762,0.00416096951813,0.00705708151478,0.00705708151478,0.0,0.0,0.0
2444,2015-09-17 11:55:00,0.662921348315,1,0.727409958839,0.00283584347926,0.00481503145089,0.00481503145089,0.0,0.0,0.0
2445,2015-09-17 12:00:00,0.752808988764,1,0.73001408577,0.00450143264607,0.00763312889092,0.00763312889092,0.0,0.0,0.0
2446,2015-09-17 12:05:00,0.752808988764,1,0.728345811367,0.000598446989898,0.00102946328998,0.00102946328998,0.0,0.0,0.0
2447,2015-09-17 12:10:00,0.640449438202,1,0.73424911499,0.000344468891853,0.000599744460039,0.000599744460039,0.0,0.0,0.0
2448,2015-09-17 12:15:00,0.674157303371,1,0.738951325417,0.00970261637121,0.0164332837149,0.0164332837149,0.0,0.0,0.0
2449,2015-09-17 12:20:00,0.719101123596,1,0.73014575243,0.00313470442779,0.00532068992344,0.00532068992344,0.0,0.0,0.0
2450,2015-09-17 12:25:00,0.786516853933,1,0.723467230797,1.90628270502e-05,4.91729166659e-05,4.91729166659e-05,0.0,0.0,0.0
2451,2015-09-17 12:30:00,0.752808988764,1,0.720355451107,0.00437733018771,0.0074231534497,0.0074231534497,0.0,0.0,0.0
2452,2015-09-17 12:35:00,0.696629213483,1,0.723784267902,0.000842434354126,0.00144227827475,0.00144227827475,0.0,0.0,0.0
2453,2015-09-17 12:40:00,0.707865168539,1,0.724460124969,0.000774558924604,0.00132743628491,0.00132743628491,0.0,0.0,0.0
2454,2015-09-17 12:45:00,0.640449438202,1,0.720445811749,0.000158272334374,0.000284708764303,0.000284708764303,0.0,0.0,0.0
2455,2015-09-17 12:50:00,0.741573033708,1,0.718034386635,0.00601941999048,0.0102014910864,0.0102014910864,0.0,0.0,0.0
2456,2015-09-17 12:55:00,0.865168539326,1,0.709114551544,0.00105355319101,0.00179948127873,0.00179948127873,0.0,0.0,0.0
2457,2015-09-17 13:00:00,0.752808988764,1,0.709657013416,0.024183826521,0.0409348006946,0.0409348006946,0.0,0.0,0.0
2458,2015-09-17 13:05:00,0.797752808989,1,0.722042798996,0.000946558371652,0.00161845114684,0.00161845114684,0.0,0.0,0.0
2459,2015-09-17 13:10:00,0.61797752809,1,0.725125730038,0.00527469115332,0.00894144540931,0.00894144540931,0.0,0.0,0.0
2460,2015-09-17 13:15:00,0.775280898876,1,0.734652996063,0.0136131709442,0.023049755562,0.023049755562,0.0,0.0,0.0
2461,2015-09-17 13:20:00,0.640449438202,1,0.727109313011,0.00232050102204,0.00394309658942,0.00394309658942,0.0,0.0,0.0
2462,2015-09-17 13:25:00,0.61797752809,1,0.734875380993,0.00891625415534,0.0151027963464,0.0151027963464,0.0,0.0,0.0
2463,2015-09-17 13:30:00,0.707865168539,1,0.728169560432,0.0121422903612,0.0205610957605,0.0205610957605,0.0,0.0,0.0
2464,2015-09-17 13:35:00,0.730337078652,1,0.71830791235,0.000109050684841,0.000201428080622,0.000201428080622,0.0,0.0,0.0
2465,2015-09-17 13:40:00,0.707865168539,1,0.715744137764,0.000212954066228,0.000377227646885,0.000377227646885,0.0,0.0,0.0
2466,2015-09-17 13:45:00,0.640449438202,1,0.714115440845,3.90657769458e-05,8.30169539695e-05,8.30169539695e-05,0.0,0.0,0.0
2467,2015-09-17 13:50:00,0.61797752809,1,0.710182845592,0.00486274436116,0.00824445108229,0.00824445108229,0.0,0.0,0.0
2468,2015-09-17 13:55:00,0.584269662921,1,0.700557351112,0.00681943167001,0.0115550726965,0.0115550726965,0.0,0.0,0.0
2469,2015-09-17 14:00:00,0.662921348315,1,0.689497590065,0.0110729206353,0.0187517731814,0.0187517731814,0.0,0.0,0.0
2470,2015-09-17 14:05:00,0.719101123596,1,0.67596745491,0.000170200350112,0.000304890398097,0.000304890398097,0.0,0.0,0.0
2471,2015-09-17 14:10:00,0.573033707865,1,0.668858647346,0.00252430723049,0.0042879269748,0.0042879269748,0.0,0.0,0.0
2472,2015-09-17 14:15:00,0.674157303371,1,0.66572445631,0.00859157834202,0.0145534603537,0.0145534603537,0.0,0.0,0.0
2473,2015-09-17 14:20:00,0.573033707865,1,0.652156293392,0.000484045245685,0.000835900994471,0.000835900994471,0.0,0.0,0.0
2474,2015-09-17 14:25:00,0.662921348315,1,0.647419691086,0.00553327705711,0.00937896042683,0.00937896042683,0.0,0.0,0.0
2475,2015-09-17 14:30:00,0.707865168539,1,0.636064171791,0.000721309043001,0.00123734002467,0.00123734002467,0.0,0.0,0.0
2476,2015-09-17 14:34:00,0.76404494382,1,0.631958305836,0.00576185341924,0.009765700731,0.009765700731,0.0,0.0,0.0
2477,2015-09-17 14:39:00,0.651685393258,1,0.63100206852,0.0177004057914,0.0299651620076,0.0299651620076,0.0,0.0,0.0
2478,2015-09-17 14:44:00,0.865168539326,1,0.634420216084,0.000298087164992,0.000521268790086,0.000521268790086,0.0,0.0,0.0
2479,2015-09-17 14:49:00,0.685393258427,1,0.631750941277,0.0544837638736,0.0922008497229,0.0922008497229,0.0,0.0,0.0
2480,2015-09-17 14:54:00,0.820224719101,1,0.645213246346,0.00161443464458,0.00274846595032,0.00274846595032,0.0,0.0,0.0
2481,2015-09-17 14:58:00,0.640449438202,1,0.647666990757,0.0297761633992,0.0503967679998,0.0503967679998,0.0,0.0,0.0
2482,2015-09-17 15:04:00,0.685393258427,1,0.662012457848,0.000464962678961,0.000803614201603,0.000803614201603,0.0,0.0,0.0
2483,2015-09-17 15:08:00,0.606741573034,1,0.664816439152,0.00042340613436,0.000733302509925,0.000733302509925,0.0,0.0,0.0
2484,2015-09-17 15:13:00,0.786516853933,1,0.672468364239,0.00432001426816,0.00732617764716,0.00732617764716,0.0,0.0,0.0
2485,2015-09-17 15:18:00,0.640449438202,1,0.674173474312,0.0126210330054,0.0213711054837,0.0213711054837,0.0,0.0,0.0
2486,2015-09-17 15:23:00,0.674157303371,1,0.689289748669,0.00238537346013,0.00405285766096,0.00405285766096,0.0,0.0,0.0
2487,2015-09-17 15:28:00,0.76404494382,1,0.691542983055,0.000302261236357,0.000528331119777,0.000528331119777,0.0,0.0,0.0
2488,2015-09-17 15:34:00,0.719101123596,1,0.696448624134,0.0045692618005,0.00774789258552,0.00774789258552,0.0,0.0,0.0
2489,2015-09-17 15:38:00,0.651685393258,1,0.707658052444,0.000130944041302,0.000238470595683,0.000238470595683,0.0,0.0,0.0
2490,2015-09-17 15:43:00,0.797752808989,1,0.714056789875,0.00389018817805,0.00659893240064,0.00659893240064,0.0,0.0,0.0
2491,2015-09-17 15:48:00,0.707865168539,1,0.714394629002,0.00694858422503,0.0117735926604,0.0117735926604,0.0,0.0,0.0
2492,2015-09-17 15:49:00,0.674157303371,1,0.726714491844,0.000355296622729,0.000618064464317,0.000618064464317,0.0,0.0,0.0
2493,2015-09-17 15:54:00,0.640449438202,1,0.729926764965,0.00311023090035,0.00527928188212,0.00527928188212,0.0,0.0,0.0
2494,2015-09-17 15:59:00,0.696629213483,1,0.729885041714,0.00799872260541,0.01355037672,0.01355037672,0.0,0.0,0.0
2495,2015-09-17 16:04:00,0.685393258427,1,0.726086676121,0.000867741357069,0.00148509651687,0.00148509651687,0.0,0.0,0.0
2496,2015-09-17 16:09:00,0.775280898876,1,0.726032137871,0.00165151723195,0.00281120791972,0.00281120791972,0.0,0.0,0.0
2497,2015-09-17 16:14:00,0.752808988764,1,0.723389804363,0.00269268499687,0.00457281412577,0.00457281412577,0.0,0.0,0.0
2498,2015-09-17 16:19:00,0.696629213483,1,0.727493524551,0.000640872691292,0.0011012455535,0.0011012455535,0.0,0.0,0.0
2499,2015-09-17 16:24:00,0.707865168539,1,0.72880923748,0.00103555317037,0.0017690261022,0.0017690261022,0.0,0.0,0.0
