[realTweets]
twitter_volume_fb.csv = [1258, 0]
twitter_volume_pfe.csv = [36, 0]
twitter_volume_aapl.csv = [13479, 0]
twitter_volume_ko.csv = [2241, 0]
twitter_volume_amzn.csv = [1673, 0]
twitter_volume_ibm.csv = [139, 0]
twitter_volume_ups.csv = [231, 0]
twitter_volume_cvs.csv = [50, 0]
twitter_volume_crm.csv = [209, 0]
twitter_volume_goog.csv = [465, 0]

[realKnownCause]
nyc_taxi.csv = [39197, 8]
ambient_temperature_system_failure.csv = [86.22321261, 57.45840559]
cpu_utilization_asg_misconfiguration.csv = [100.0, 11.529000000000002]
machine_temperature_system_failure.csv = [108.5105428, 2.084721206]
rogue_agent_key_hold.csv = [0.8950121529999999, 0.0]
rogue_agent_key_updown.csv = [288.207531, 0.0]
ec2_request_latency_system_failure.csv = [99.248, 22.864]

[artificialWithAnomaly]
art_increase_spike_density.csv = [20.0, 0.0]
art_daily_jumpsdown.csv = [87.9983818408, 18.0020399561]
art_daily_flatmiddle.csv = [87.9583481277, -21.998788838600007]
art_daily_jumpsup.csv = [164.947480513, 18.001009818]
art_load_balancer_spikes.csv = [3.2248149307, 0.0]
art_daily_nojump.csv = [87.9733135282, 18.000500555]

[realTraffic]
traveltime_387.csv = [5059, 9]
speed_7578.csv = [90, 1]
occupancy_6005.csv = [22.28, 0.0]
speed_6005.csv = [109, 20]
speed_t4013.csv = [77, 11]
occupancy_t4013.csv = [43.06, 0.0]
traveltime_451.csv = [5578, 22]

[artificialNoAnomaly]
art_daily_no_noise.csv = [79.99996928, 20.0]
art_flatline.csv = [45.0, 45.0]
art_daily_small_noise.csv = [87.97612832639999, 18.0009640187]
art_daily_perfect_square_wave.csv = [80.0, 20.0]
art_noisy.csv = [18.9964052577, 8.0005810963]

[realAdExchange]
exchange-2_cpc_results.csv = [0.22659793814399998, 0.0268430335097]
exchange-4_cpm_results.csv = [16.4381996801, 0.121520122218]
exchange-4_cpc_results.csv = [3.12685185185, 0.0238837042355]
exchange-3_cpm_results.csv = [5.49754000266, 0.32065002098900003]
exchange-2_cpm_results.csv = [1.0514424748, 0.000385004945833]
exchange-3_cpc_results.csv = [1.034, 0.038898847631199995]

[realAWSCloudwatch]
iio_us-east-1_i-a2eb1cd9_networkin.csv = [61519397.0, 789781.0]
ec2_cpu_utilization_77c1ca.csv = [99.898, 0.064]
ec2_disk_write_bytes_c0d644.csv = [863964000.0, 0.0]
ec2_cpu_utilization_24ae8d.csv = [2.344, 0.066]
ec2_cpu_utilization_c6585a.csv = [1.602, 0.062]
rds_cpu_utilization_cc0c53.csv = [25.1033, 5.19]
elb_request_count_8c0756.csv = [656.0, 1.0]
ec2_cpu_utilization_5f5533.csv = [68.092, 34.766]
ec2_cpu_utilization_ac20cd.csv = [99.742, 2.464]
rds_cpu_utilization_e47b3b.csv = [76.23, 12.628]
ec2_cpu_utilization_53ea38.csv = [2.656, 1.604]
ec2_disk_write_bytes_1ef3de.csv = [547457000.0, 0.0]
grok_asg_anomaly.csv = [45.6229, 0.0]
ec2_cpu_utilization_825cc2.csv = [99.118, 18.7225]
ec2_network_in_257a54.csv = [245126000.0, 38516.6]
ec2_network_in_5abac7.csv = [8285420.0, 42.0]
ec2_cpu_utilization_fe7f93.csv = [99.668, 1.8]

