timestamp,value,is_anomaly,convergenceLoss,anomaly_score,prediction,S(t)_reward_low_FP_rate,S(t)_reward_low_FN_rate,S(t)_standard
2014-04-01 00:00:00,1.0,0,0.000102703648736,0.000102703648736,[0],0.0,0.0,0.0
2014-04-01 00:05:00,0.0,0,0.000102703648736,0.000102703648736,[0],0.0,0.0,0.0
2014-04-01 00:10:00,0.0,0,0.000102703648736,0.000102703648736,[0],0.0,0.0,0.0
2014-04-01 00:15:00,0.0,0,0.000102703648736,0.000102703648736,[0],0.0,0.0,0.0
2014-04-01 00:20:00,0.0,0,0.000102703648736,0.000102703648736,[0],0.0,0.0,0.0
2014-04-01 00:25:00,0.0,0,0.000102703648736,0.000102703648736,[0],0.0,0.0,0.0
2014-04-01 00:30:00,1.0,0,0.000102703648736,0.000102703648736,[0],0.0,0.0,0.0
2014-04-01 00:35:00,0.0,0,0.000102703648736,0.000102703648736,[0],0.0,0.0,0.0
2014-04-01 00:40:00,0.0,0,0.000102703648736,0.000102703648736,[0],0.0,0.0,0.0
2014-04-01 00:45:00,0.0,0,0.000102703648736,0.000102703648736,[0],0.0,0.0,0.0
2014-04-01 00:50:00,0.0,0,0.000102703648736,0.000102703648736,[0],0.0,0.0,0.0
2014-04-01 00:55:00,0.0,0,0.000102703648736,0.000102703648736,[0],0.0,0.0,0.0
2014-04-01 01:00:00,0.0,0,0.000102703648736,0.000102703648736,[0],0.0,0.0,0.0
2014-04-01 01:05:00,0.0,0,0.000102703648736,0.000102703648736,[0],0.0,0.0,0.0
2014-04-01 01:10:00,0.0,0,0.000102703648736,0.000102703648736,[0],0.0,0.0,0.0
2014-04-01 01:15:00,0.0,0,0.000102703648736,0.000102703648736,[0],0.0,0.0,0.0
2014-04-01 01:20:00,0.0,0,0.000102703648736,0.000102703648736,[0],0.0,0.0,0.0
2014-04-01 01:25:00,0.0,0,0.000102703648736,0.000102703648736,[0],0.0,0.0,0.0
2014-04-01 01:30:00,0.0,0,0.000102703648736,0.000102703648736,[0],0.0,0.0,0.0
2014-04-01 01:35:00,0.0,0,0.000102703648736,0.000102703648736,[0],0.0,0.0,0.0
2014-04-01 01:40:00,0.0,0,0.000102703648736,0.000102703648736,[0],0.0,0.0,0.0
2014-04-01 01:45:00,0.0,0,0.000102703648736,0.000102703648736,[0],0.0,0.0,0.0
2014-04-01 01:50:00,0.0,0,0.000102703648736,0.000102703648736,[0],0.0,0.0,0.0
2014-04-01 01:55:00,0.0,0,0.000102703648736,0.000102703648736,[0],0.0,0.0,0.0
2014-04-01 02:00:00,0.0,0,0.000102703648736,0.000102703648736,[0],0.0,0.0,0.0
2014-04-01 02:05:00,0.0,0,0.000527843541931,0.000527843541931,[[ 0.0092603   0.01243315  0.02420143  0.02820154  0.03190369]],0.0,0.0,0.0
2014-04-01 02:10:00,0.0,0,0.000581475789659,0.000581475789659,[[ 0.00992193  0.01307449  0.02358477  0.02858054  0.03556548]],0.0,0.0,0.0
2014-04-01 02:15:00,0.0,0,0.000579779502004,0.000579779502004,[[ 0.00967959  0.01268802  0.0223016   0.02781372  0.03705743]],0.0,0.0,0.0
2014-04-01 02:20:00,0.0,0,0.000578948180191,0.000578948180191,[[ 0.00949033  0.01232803  0.02121684  0.02715237  0.03827909]],0.0,0.0,0.0
2014-04-01 02:25:00,0.0,0,0.000577849219553,0.000577849219553,[[ 0.00932485  0.01199012  0.02027676  0.02656755  0.03926256]],0.0,0.0,0.0
2014-04-01 02:30:00,0.0,0,0.00057804514654,0.00057804514654,[[ 0.00921063  0.01173396  0.01960918  0.02621073  0.03995224]],0.0,0.0,0.0
2014-04-01 02:35:00,0.0,0,0.000579152372666,0.000579152372666,[[ 0.0091423   0.01156543  0.01921122  0.02609123  0.04035588]],0.0,0.0,0.0
2014-04-01 02:40:00,0.0,0,0.000709206913598,0.000709206913598,[[ 0.01046286  0.01351403  0.0217616   0.03026316  0.04317996]],0.0,0.0,0.0
2014-04-01 02:45:00,0.0,0,0.000673953734804,0.000673953734804,[[ 0.01004879  0.01290274  0.02106234  0.02943534  0.04233495]],0.0,0.0,0.0
2014-04-01 02:50:00,0.0,0,0.000638773082756,0.000638773082756,[[ 0.00960634  0.01227239  0.0203421   0.02858142  0.04147618]],0.0,0.0,0.0
2014-04-01 02:55:00,0.0,0,0.000603952328674,0.000603952328674,[[ 0.00914061  0.01162763  0.01960583  0.02770722  0.04060703]],0.0,0.0,0.0
2014-04-01 03:00:00,0.0,0,0.00056973611936,0.00056973611936,[[ 0.00865629  0.01097267  0.01885806  0.02681803  0.03973055]],0.0,0.0,0.0
2014-04-01 03:05:00,0.0,0,0.000536328705493,0.000536328705493,[[ 0.00815766  0.01031139  0.01810287  0.02591863  0.03884948]],0.0,0.0,0.0
2014-04-01 03:10:00,0.0,0,0.0005037705414,0.0005037705414,[[ 0.00764697  0.00964526  0.01734268  0.02501069  0.03796106]],0.0,0.0,0.0
2014-04-01 03:15:00,0.0,0,0.000472272746265,0.000472272746265,[[ 0.00712859  0.0089783   0.01658054  0.02409853  0.03707133]],0.0,0.0,0.0
2014-04-01 03:20:00,0.0,0,0.000441995041911,0.000441995041911,[[ 0.00660646  0.00831421  0.01582022  0.02318694  0.03618412]],0.0,0.0,0.0
2014-04-01 03:25:00,0.0,0,0.000413002271671,0.000413002271671,[[ 0.00608335  0.00765541  0.01506468  0.02227909  0.03530009]],0.0,0.0,0.0
2014-04-01 03:30:00,0.0,0,0.00038521544775,0.00038521544775,[[ 0.00555981  0.00700183  0.01431512  0.02137493  0.03441409]],0.0,0.0,0.0
2014-04-01 03:35:00,0.0,0,0.000358830176992,0.000358830176992,[[ 0.00504038  0.00635765  0.01357452  0.0204796   0.03353571]],0.0,0.0,0.0
2014-04-01 03:40:00,0.0,0,0.00033383484697,0.00033383484697,[[ 0.00452686  0.0057245   0.01284575  0.01959591  0.03266342]],0.0,0.0,0.0
2014-04-01 03:45:00,0.0,0,0.000310151634039,0.000310151634039,[[ 0.00401986  0.00510273  0.01213089  0.01872507  0.03179268]],0.0,0.0,0.0
2014-04-01 03:50:00,0.0,0,0.000287899922114,0.000287899922114,[[ 0.00352315  0.0044959   0.01143016  0.01786927  0.03093404]],0.0,0.0,0.0
2014-04-01 03:55:00,0.0,0,0.000266953778919,0.000266953778919,[[ 0.00303677  0.00390422  0.01075075  0.01703454  0.03007574]],0.0,0.0,0.0
2014-04-01 04:00:00,0.0,0,0.000247370539,0.000247370539,[[ 0.00256338  0.00332973  0.01008867  0.01621829  0.02922979]],0.0,0.0,0.0
2014-04-01 04:05:00,0.0,0,0.000229067663895,0.000229067663895,[[ 0.0021041   0.00277437  0.00945463  0.015431    0.028385  ]],0.0,0.0,0.0
2014-04-01 04:10:00,0.0,0,0.000212036116864,0.000212036116864,[[ 0.00166026  0.00223827  0.00884331  0.01466795  0.02755107]],0.0,0.0,0.0
2014-04-01 04:15:00,0.0,0,0.000196239721845,0.000196239721845,[[ 0.00123446  0.00172561  0.00826853  0.01394393  0.02671882]],0.0,0.0,0.0
2014-04-01 04:20:00,0.0,0,0.000181650655577,0.000181650655577,[[ 0.00082854  0.001237    0.00773323  0.0132624   0.02589098]],0.0,0.0,0.0
2014-04-01 04:25:00,0.0,0,0.000168196304003,0.000168196304003,[[ 0.00044389  0.0007708   0.00724396  0.01262891  0.02506444]],0.0,0.0,0.0
2014-04-01 04:30:00,0.0,0,0.000155738045578,0.000155738045578,"[[  8.21799040e-05   3.17521393e-04   6.81257993e-03   1.20487437e-02
    2.42280662e-02]]",0.0,0.0,0.0
2014-04-01 04:35:00,0.0,0,0.00014212167298,0.00014212167298,[[-0.00027959 -0.00031888  0.00639965  0.01134659  0.02325356]],0.0,0.0,0.0
2014-04-01 04:40:00,0.0,0,0.000123201243696,0.000123201243696,[[-0.00066799 -0.00162414  0.00592073  0.01007053  0.02182777]],0.0,0.0,0.0
2014-04-01 04:45:00,0.0,0,0.000104390594061,0.000104390594061,[[-0.00107697 -0.00322378  0.00540667  0.00854442  0.020203  ]],0.0,0.0,0.0
2014-04-01 04:50:00,0.0,0,8.76381600392e-05,8.76381600392e-05,[[-0.00150134 -0.00501679  0.00486768  0.00685269  0.01844221]],0.0,0.0,0.0
2014-04-01 04:55:00,0.0,0,7.42594784242e-05,7.42594784242e-05,[[-0.00193557 -0.00691612  0.00431237  0.00506625  0.01659683]],0.0,0.0,0.0
2014-04-01 05:00:00,0.0,0,6.49881985737e-05,6.49881985737e-05,[[-0.00237156 -0.00883493  0.00375009  0.00325412  0.01471762]],0.0,0.0,0.0
2014-04-01 05:05:00,0.0,0,5.99270279054e-05,5.99270279054e-05,[[-0.00279348 -0.01067295  0.00320101  0.00150008  0.01286169]],0.0,0.0,0.0
2014-04-01 05:10:00,0.0,0,5.84591689403e-05,5.84591689403e-05,[[-0.00317816 -0.01231936  0.00269065 -0.00010362  0.01109857]],0.0,0.0,0.0
2014-04-01 05:15:00,0.0,0,5.93537915847e-05,5.93537915847e-05,[[-0.00350132 -0.01366735  0.0022262  -0.00148716  0.00951555]],0.0,0.0,0.0
2014-04-01 05:20:00,0.0,0,6.09227572568e-05,6.09227572568e-05,[[-0.00372904 -0.01461284  0.00183637 -0.00256564  0.00819867]],0.0,0.0,0.0
2014-04-01 05:25:00,0.0,0,6.16107427049e-05,6.16107427049e-05,[[-0.00384585 -0.01510787  0.00153661 -0.00329399  0.00719749]],0.0,0.0,0.0
2014-04-01 05:30:00,0.0,0,6.05391396675e-05,6.05391396675e-05,[[-0.00385877 -0.01516876  0.00132532 -0.0036753   0.00651535]],0.0,0.0,0.0
2014-04-01 05:35:00,0.0,0,5.75794183533e-05,5.75794183533e-05,[[-0.00378586 -0.01485249  0.00119211 -0.00374544  0.00612523]],0.0,0.0,0.0
2014-04-01 05:40:00,0.0,0,5.30472716491e-05,5.30472716491e-05,[[-0.00364241 -0.01422577  0.00114115 -0.00353674  0.00598215]],0.0,0.0,0.0
2014-04-01 05:45:00,0.0,0,4.76063287351e-05,4.76063287351e-05,[[-0.00345146 -0.01336545  0.00115328 -0.00311002  0.00603998]],0.0,0.0,0.0
2014-04-01 05:50:00,0.0,0,4.20172218583e-05,4.20172218583e-05,[[-0.00323601 -0.01235768  0.00120424 -0.00253963  0.00624517]],0.0,0.0,0.0
2014-04-01 05:55:00,0.0,0,3.68511064153e-05,3.68511064153e-05,[[-0.00301289 -0.01127534  0.00127894 -0.00188567  0.00654624]],0.0,0.0,0.0
2014-04-01 06:00:00,0.0,0,3.24602224282e-05,3.24602224282e-05,[[-0.00279478 -0.01017934  0.00136445 -0.00120014  0.00689705]],0.0,0.0,0.0
2014-04-01 06:05:00,0.0,0,2.8980361094e-05,2.8980361094e-05,[[-0.00259024 -0.00911777  0.00145043 -0.00052579  0.00725799]],0.0,0.0,0.0
2014-04-01 06:10:00,0.0,0,2.63748170255e-05,2.63748170255e-05,[[-0.00240403 -0.00812633  0.00152902  0.00010403  0.00759663]],0.0,0.0,0.0
2014-04-01 06:15:00,0.0,0,2.44946859311e-05,2.44946859311e-05,[[-0.00223785 -0.0072294   0.00159469  0.00066486  0.00788772]],0.0,0.0,0.0
2014-04-01 06:20:00,0.0,0,2.31370777328e-05,2.31370777328e-05,[[-0.00209121 -0.00644182  0.00164387  0.00114012  0.00811252]],0.0,0.0,0.0
2014-04-01 06:25:00,0.0,0,2.20927431656e-05,2.20927431656e-05,[[-0.00196211 -0.00577042  0.00167461  0.00152004  0.0082584 ]],0.0,0.0,0.0
2014-04-01 06:30:00,0.0,0,2.11790520552e-05,2.11790520552e-05,[[-0.00184791 -0.00521595  0.00168618  0.0018005   0.00831801]],0.0,0.0,0.0
2014-04-01 06:35:00,0.0,0,2.02574065042e-05,2.02574065042e-05,[[-0.00174575 -0.00477445  0.00167869  0.00198191  0.00828843]],0.0,0.0,0.0
2014-04-01 06:40:00,0.0,0,1.92402039829e-05,1.92402039829e-05,[[-0.0016529  -0.0044386   0.00165298  0.00206827  0.00817054]],0.0,0.0,0.0
2014-04-01 06:45:00,0.0,0,1.80886308954e-05,1.80886308954e-05,[[-0.00156702 -0.00419872  0.00161035  0.00206631  0.0079684 ]],0.0,0.0,0.0
2014-04-01 06:50:00,0.0,0,1.68047299667e-05,1.68047299667e-05,[[-0.0014862  -0.00404365  0.00155246  0.00198485  0.00768856]],0.0,0.0,0.0
2014-04-01 06:55:00,0.0,0,1.54211575136e-05,1.54211575136e-05,[[-0.00140896 -0.00396125  0.00148125  0.00183418  0.00733967]],0.0,0.0,0.0
2014-04-01 07:00:00,0.0,0,1.39893845699e-05,1.39893845699e-05,[[-0.00133419 -0.0039389   0.00139889  0.00162566  0.00693198]],0.0,0.0,0.0
2014-04-01 07:05:00,0.0,0,1.25686028696e-05,1.25686028696e-05,[[-0.00126115 -0.00396384  0.00130769  0.00137126  0.00647689]],0.0,0.0,0.0
2014-04-01 07:10:00,0.0,0,1.12163615995e-05,1.12163615995e-05,[[-0.00118931 -0.00402346  0.00121011  0.0010833   0.00598676]],0.0,0.0,0.0
2014-04-01 07:15:00,0.0,0,9.9805820355e-06,9.9805820355e-06,[[-0.00111832 -0.00410544  0.00110873  0.00077421  0.00547439]],0.0,0.0,0.0
2014-04-01 07:20:00,0.0,0,8.89465718501e-06,8.89465718501e-06,[[-0.00104796 -0.0041981   0.00100613  0.00045612  0.00495284]],0.0,0.0,0.0
2014-04-01 07:25:00,0.0,0,7.97457869339e-06,7.97457869339e-06,[[-0.0009781  -0.00429059  0.0009049   0.00014065  0.00443491]],0.0,0.0,0.0
2014-04-01 07:30:00,0.0,0,7.21882543075e-06,7.21882543075e-06,[[-0.00090861 -0.00437291  0.00080754 -0.00016135  0.00393295]],0.0,0.0,0.0
2014-04-01 07:35:00,0.0,0,6.61072408548e-06,6.61072408548e-06,[[-0.00083946 -0.00443654  0.00071637 -0.0004402   0.00345819]],0.0,0.0,0.0
2014-04-01 07:40:00,0.0,0,6.12233998254e-06,6.12233998254e-06,[[-0.00077063 -0.00447431  0.00063346 -0.00068767  0.00302063]],0.0,0.0,0.0
2014-04-01 07:45:00,0.0,0,5.71979489905e-06,5.71979489905e-06,[[-0.00070216 -0.00448089  0.00056048 -0.00089724  0.00262838]],0.0,0.0,0.0
2014-04-01 07:50:00,0.0,0,5.36875359103e-06,5.36875359103e-06,[[-0.00063427 -0.00445285  0.00049862 -0.00106444  0.00228735]],0.0,0.0,0.0
2014-04-01 07:55:00,0.0,0,5.03927185491e-06,5.03927185491e-06,[[-0.00056721 -0.00438862  0.00044858 -0.00118679  0.00200123]],0.0,0.0,0.0
2014-04-01 08:00:00,0.0,0,4.70932445751e-06,4.70932445751e-06,[[-0.00050129 -0.00428858  0.00041053 -0.00126387  0.00177131]],0.0,0.0,0.0
2014-04-01 08:05:00,0.0,0,4.36642267232e-06,4.36642267232e-06,[[-0.00043703 -0.00415476  0.00038411 -0.00129729  0.00159642]],0.0,0.0,0.0
2014-04-01 08:10:00,0.0,0,4.00758926844e-06,4.00758926844e-06,[[-0.00037485 -0.00399072  0.00036848 -0.00129029  0.0014734 ]],0.0,0.0,0.0
2014-04-01 08:15:00,0.0,0,3.63752906196e-06,3.63752906196e-06,[[-0.00031522 -0.00380106  0.00036246 -0.0012475   0.00139734]],0.0,0.0,0.0
2014-04-01 08:20:00,1.0,0,3.26617237079e-06,3.26617237079e-06,[[-0.00025859 -0.00359117  0.00036456 -0.00117461  0.00136193]],0.0,0.0,0.0
2014-04-01 08:25:00,0.0,0,0.199458926916,0.199458926916,[[-0.00020534 -0.00336687  0.00037312 -0.0010779   0.00135992]],0.0,0.0,0.0
2014-04-01 08:30:00,0.0,0,0.199763119221,0.199763119221,[[ 0.00019448 -0.00163685  0.00090252  0.00060718  0.00511228]],0.0,0.0,0.0
2014-04-01 08:35:00,0.0,0,0.199339717627,0.199339717627,[[ 0.0008041   0.00066616  0.00170687  0.00445112  0.00940585]],0.0,0.0,0.0
2014-04-01 08:40:00,0.0,0,0.198830425739,0.198830425739,[[ 0.00157286  0.00306404  0.00436946  0.00814664  0.01352344]],0.0,0.0,0.0
2014-04-01 08:45:00,0.0,0,0.199087366462,0.199087366462,[[ 0.00257374  0.00777931  0.00704356  0.01203341  0.01796737]],0.0,0.0,0.0
2014-04-01 08:50:00,1.0,0,0.552693367004,0.552693367004,[[ 0.77996421  0.71392739  0.74642032  0.73816848  0.73715281]],0.0,0.0,0.0
2014-04-01 08:55:00,0.0,0,0.167576760054,0.167576760054,[[ 0.29846293  0.27556533  0.30012202  0.30791774  0.3014437 ]],0.0,0.0,0.0
2014-04-01 09:00:00,0.0,0,0.154878124595,0.154878124595,[[ 0.21230942  0.19079764  0.22341111  0.22294894  0.19796637]],0.0,0.0,0.0
2014-04-01 09:05:00,0.0,0,0.159559160471,0.159559160471,[[ 0.12375481  0.10882603  0.13998568  0.13876857  0.1084254 ]],0.0,0.0,0.0
2014-04-01 09:10:00,0.0,0,0.180014058948,0.180014058948,[[ 0.07547667  0.06534988  0.09548599  0.09157236  0.05744282]],0.0,0.0,0.0
2014-04-01 09:15:00,0.0,0,0.184060648084,0.184060648084,[[ 0.04648997  0.04247279  0.06820226  0.06276762  0.02695466]],0.0,0.0,0.0
2014-04-01 09:20:00,0.0,0,0.344905674458,0.344905674458,[[ 0.61464834  0.57167816  0.59791481  0.5873974   0.56336677]],0.0,0.0,0.0
2014-04-01 09:25:00,0.0,0,0.057807546109,0.057807546109,[[ 0.24052641  0.22760653  0.25808597  0.25707039  0.21607058]],0.0,0.0,0.0
2014-04-01 09:30:00,0.0,0,0.0233711190522,0.0233711190522,[[ 0.15256894  0.14125718  0.17521402  0.16892654  0.11995248]],0.0,0.0,0.0
2014-04-01 09:35:00,0.0,0,0.00765423569828,0.00765423569828,[[ 0.0860424   0.07757297  0.11028084  0.10079344  0.05029048]],0.0,0.0,0.0
2014-04-01 09:40:00,0.0,0,0.00259593455121,0.00259593455121,[[ 0.04831819  0.04174951  0.07198501  0.06018775  0.00987913]],0.0,0.0,0.0
2014-04-01 09:45:00,0.0,0,0.000985808321275,0.000985808321275,[[ 0.02615389  0.02109576  0.04854906  0.0352992  -0.01403353]],0.0,0.0,0.0
2014-04-01 09:50:00,0.0,0,0.000486296223244,0.000486296223244,[[ 0.01287474  0.00905875  0.03332038  0.01987845 -0.02604343]],0.0,0.0,0.0
2014-04-01 09:55:00,0.0,0,0.000324603985064,0.000324603985064,[[ 0.00494851  0.00229555  0.02327872  0.01053175 -0.03066669]],0.0,0.0,0.0
2014-04-01 10:00:00,0.0,0,0.000252895639278,0.000252895639278,"[[  2.91317701e-05  -1.45782530e-03   1.64448395e-02   4.99253720e-03
   -3.10965255e-02]]",0.0,0.0,0.0
2014-04-01 10:05:00,0.0,0,0.000203075265745,0.000203075265745,[[-0.00346573 -0.00377821  0.01146996  0.00180184 -0.02922813]],0.0,0.0,0.0
2014-04-01 10:10:00,0.0,0,0.000163766133483,0.000163766133483,"[[ -5.93715906e-03  -5.12930006e-03   7.81485438e-03   1.27926469e-05
   -2.63855830e-02]]",0.0,0.0,0.0
2014-04-01 10:15:00,0.0,0,0.000132174420287,0.000132174420287,[[-0.00773168 -0.00588737  0.005069   -0.00093443 -0.02323498]],0.0,0.0,0.0
2014-04-01 10:20:00,0.0,0,0.000107410618511,0.000107410618511,[[-0.00901587 -0.00623735  0.002996   -0.00138238 -0.02014884]],0.0,0.0,0.0
2014-04-01 10:25:00,0.0,0,8.87474961928e-05,8.87474961928e-05,[[-0.00992512 -0.00632877  0.00142464 -0.0015482  -0.01734214]],0.0,0.0,0.0
2014-04-01 10:30:00,0.0,0,7.09626838216e-05,7.09626838216e-05,[[-0.01032153 -0.00597572  0.00051806 -0.00122207 -0.01451924]],0.0,0.0,0.0
2014-04-01 10:35:00,0.0,0,6.27797053312e-05,6.27797053312e-05,[[-0.01080639 -0.0059074  -0.00047589 -0.00130823 -0.01266038]],0.0,0.0,0.0
2014-04-01 10:40:00,0.0,0,5.63042231079e-05,5.63042231079e-05,[[-0.01106258 -0.00571053 -0.00120523 -0.00133146 -0.01110428]],0.0,0.0,0.0
2014-04-01 10:45:00,0.0,0,5.09228484589e-05,5.09228484589e-05,[[-0.01112306 -0.00540969 -0.00171772 -0.00132826 -0.0098444 ]],0.0,0.0,0.0
2014-04-01 10:50:00,0.0,0,4.61156196252e-05,4.61156196252e-05,[[-0.01100742 -0.00501338 -0.00204319 -0.00131176 -0.00885355]],0.0,0.0,0.0
2014-04-01 10:55:00,0.0,0,4.16148104705e-05,4.16148104705e-05,[[-0.01074031 -0.00453489 -0.00221093 -0.00128993 -0.00809953]],0.0,0.0,0.0
2014-04-01 11:00:00,0.0,0,2.14086612687e-05,2.14086612687e-05,"[[ -9.07465070e-03  -1.86070800e-03  -1.73007697e-03   2.93031335e-05
   -4.27056849e-03]]",0.0,0.0,0.0
2014-04-01 11:05:00,0.0,0,2.12769555219e-05,2.12769555219e-05,[[-0.00888425 -0.00175061 -0.00178012 -0.00022509 -0.00460117]],0.0,0.0,0.0
2014-04-01 11:10:00,0.0,0,2.08345027204e-05,2.08345027204e-05,[[-0.00860358 -0.0015604  -0.00176074 -0.0004523  -0.00494078]],0.0,0.0,0.0
2014-04-01 11:15:00,0.0,0,2.02033243113e-05,2.02033243113e-05,[[-0.00825319 -0.00130821 -0.00168517 -0.00065451 -0.00528411]],0.0,0.0,0.0
2014-04-01 11:20:00,0.0,0,1.94918138732e-05,1.94918138732e-05,[[-0.00785162 -0.00101037 -0.00156566 -0.00083349 -0.00562532]],0.0,0.0,0.0
2014-04-01 11:25:00,0.0,0,1.93050873349e-05,1.93050873349e-05,[[-0.00765519 -0.00089848 -0.00156529 -0.00097367 -0.00580673]],0.0,0.0,0.0
2014-04-01 11:30:00,0.0,0,1.94944768737e-05,1.94944768737e-05,[[-0.00763363 -0.00094658 -0.00166893 -0.00108701 -0.00585978]],0.0,0.0,0.0
2014-04-01 11:35:00,0.0,0,1.95738721231e-05,1.95738721231e-05,[[-0.00759704 -0.00098102 -0.00175609 -0.00118122 -0.00589176]],0.0,0.0,0.0
2014-04-01 11:40:00,0.0,0,1.95507127501e-05,1.95507127501e-05,[[-0.00754699 -0.00100306 -0.00182827 -0.00125802 -0.00590467]],0.0,0.0,0.0
2014-04-01 11:45:00,0.0,0,1.9432798581e-05,1.9432798581e-05,[[-0.00748484 -0.00101383 -0.00188681 -0.00131899 -0.0059003 ]],0.0,0.0,0.0
2014-04-01 11:50:00,0.0,0,1.92289298866e-05,1.92289298866e-05,[[-0.00741188 -0.00101438 -0.00193297 -0.00136558 -0.00588035]],0.0,0.0,0.0
2014-04-01 11:55:00,0.0,0,1.89485144801e-05,1.89485144801e-05,[[-0.00732937 -0.00100578 -0.00196795 -0.00139919 -0.00584643]],0.0,0.0,0.0
2014-04-01 12:00:00,0.0,0,1.86009474419e-05,1.86009474419e-05,[[-0.00723844 -0.00098901 -0.00199284 -0.00142111 -0.00580005]],0.0,0.0,0.0
2014-04-01 12:05:00,0.0,0,1.81948926183e-05,1.81948926183e-05,[[-0.00714007 -0.00096489 -0.0020086  -0.00143248 -0.00574251]],0.0,0.0,0.0
2014-04-01 12:10:00,0.0,0,1.77395704668e-05,1.77395704668e-05,[[-0.00703527 -0.00093434 -0.00201619 -0.00143444 -0.00567514]],0.0,0.0,0.0
2014-04-01 12:15:00,0.0,0,1.72430336534e-05,1.72430336534e-05,[[-0.00692486 -0.00089808 -0.00201645 -0.00142798 -0.00559908]],0.0,0.0,0.0
2014-04-01 12:20:00,0.0,0,1.67134039657e-05,1.67134039657e-05,[[-0.00680972 -0.0008569  -0.00201019 -0.00141408 -0.00551543]],0.0,0.0,0.0
2014-04-01 12:25:00,0.0,0,1.61578900588e-05,1.61578900588e-05,[[-0.00669055 -0.00081144 -0.00199811 -0.00139357 -0.00542523]],0.0,0.0,0.0
2014-04-01 12:30:00,0.0,0,1.55830857693e-05,1.55830857693e-05,[[-0.00656802 -0.00076233 -0.00198087 -0.00136726 -0.00532936]],0.0,0.0,0.0
2014-04-01 12:35:00,0.0,0,1.49952156789e-05,1.49952156789e-05,[[-0.00644279 -0.00071017 -0.00195912 -0.00133593 -0.00522871]],0.0,0.0,0.0
2014-04-01 12:40:00,0.0,0,1.43996630868e-05,1.43996630868e-05,[[-0.0063154  -0.0006555  -0.0019334  -0.00130022 -0.00512404]],0.0,0.0,0.0
2014-04-01 12:45:00,0.0,0,1.38013374453e-05,1.38013374453e-05,[[-0.00618638 -0.00059881 -0.00190423 -0.00126079 -0.00501609]],0.0,0.0,0.0
2014-04-01 12:50:00,0.0,0,1.3204352399e-05,1.3204352399e-05,[[-0.00605619 -0.00054053 -0.00187204 -0.00121816 -0.00490548]],0.0,0.0,0.0
2014-04-01 12:55:00,0.0,0,1.26126324176e-05,1.26126324176e-05,[[-0.00592528 -0.00048111 -0.00183731 -0.0011729  -0.00479284]],0.0,0.0,0.0
2014-04-01 13:00:00,0.0,0,1.20293798318e-05,1.20293798318e-05,[[-0.00579404 -0.00042091 -0.00180043 -0.00112548 -0.00467873]],0.0,0.0,0.0
2014-04-01 13:05:00,0.0,0,1.14573485916e-05,1.14573485916e-05,[[-0.00566283 -0.00036032 -0.00176177 -0.00107635 -0.00456365]],0.0,0.0,0.0
2014-04-01 13:10:00,0.0,0,1.08986087071e-05,1.08986087071e-05,[[-0.00553192 -0.00029957 -0.0017216  -0.00102585 -0.00444802]],0.0,0.0,0.0
2014-04-01 13:15:00,0.0,0,1.03551283246e-05,1.03551283246e-05,[[-0.00540163 -0.00023898 -0.00168024 -0.00097438 -0.00433224]],0.0,0.0,0.0
2014-04-01 13:20:00,0.0,0,9.82851179288e-06,9.82851179288e-06,[[-0.00527222 -0.00017884 -0.00163797 -0.00092228 -0.00421672]],0.0,0.0,0.0
2014-04-01 13:25:00,0.0,0,9.31990325626e-06,9.31990325626e-06,[[-0.00514392 -0.00011937 -0.00159505 -0.00086981 -0.00410178]],0.0,0.0,0.0
2014-04-01 13:30:00,0.0,0,8.83007851371e-06,8.83007851371e-06,"[[ -5.01691550e-03  -6.07222319e-05  -1.55165046e-03  -8.17246735e-04
   -3.98769975e-03]]",0.0,0.0,0.0
2014-04-01 13:35:00,0.0,0,8.35965056467e-06,8.35965056467e-06,"[[ -4.89138812e-03  -3.10689211e-06  -1.50799751e-03  -7.64816999e-04
   -3.87473404e-03]]",0.0,0.0,0.0
2014-04-01 13:40:00,0.0,0,7.90900776337e-06,7.90900776337e-06,"[[ -4.76749986e-03   5.33089042e-05  -1.46425515e-03  -7.12737441e-04
   -3.76312435e-03]]",0.0,0.0,0.0
2014-04-01 13:45:00,0.0,0,7.47839658288e-06,7.47839658288e-06,[[-0.0046454   0.00010836 -0.00142059 -0.00066122 -0.00365311]],0.0,0.0,0.0
2014-04-01 13:50:00,0.0,0,7.06764831193e-06,7.06764831193e-06,[[-0.00452518  0.000162   -0.00137714 -0.00061037 -0.00354481]],0.0,0.0,0.0
2014-04-01 13:55:00,0.0,0,6.67676340527e-06,6.67676340527e-06,[[-0.00440697  0.00021404 -0.00133403 -0.0005604  -0.00343844]],0.0,0.0,0.0
2014-04-01 14:00:00,0.0,0,6.30522617939e-06,6.30522617939e-06,[[-0.00429083  0.00026447 -0.00129135 -0.00051137 -0.00333405]],0.0,0.0,0.0
2014-04-01 14:05:00,0.0,0,5.95288020122e-06,5.95288020122e-06,[[-0.00417686  0.00031318 -0.00124922 -0.00046345 -0.00323185]],0.0,0.0,0.0
2014-04-01 14:10:00,0.0,0,5.61907700103e-06,5.61907700103e-06,[[-0.00406509  0.00036012 -0.0012077  -0.00041668 -0.00313187]],0.0,0.0,0.0
2014-04-01 14:15:00,0.0,0,5.3033390941e-06,5.3033390941e-06,[[-0.00395559  0.00040523 -0.0011669  -0.00037117 -0.0030342 ]],0.0,0.0,0.0
2014-04-01 14:20:00,0.0,0,5.00499072587e-06,5.00499072587e-06,[[-0.00384838  0.00044851 -0.00112683 -0.00032696 -0.0029389 ]],0.0,0.0,0.0
2014-04-01 14:25:00,0.0,0,4.72341071145e-06,4.72341071145e-06,[[-0.00374349  0.00048991 -0.00108757 -0.00028414 -0.00284601]],0.0,0.0,0.0
2014-04-01 14:30:00,0.0,0,4.45796558779e-06,4.45796558779e-06,[[-0.00364096  0.00052939 -0.00104918 -0.00024273 -0.0027556 ]],0.0,0.0,0.0
2014-04-01 14:35:00,0.0,0,4.20793276135e-06,4.20793276135e-06,[[-0.00354078  0.00056698 -0.00101168 -0.00020277 -0.00266767]],0.0,0.0,0.0
2014-04-01 14:40:00,0.0,0,3.97259736928e-06,3.97259736928e-06,[[-0.00344297  0.00060268 -0.00097509 -0.00016427 -0.00258223]],0.0,0.0,0.0
2014-04-01 14:45:00,0.0,0,3.75129752683e-06,3.75129752683e-06,[[-0.00334754  0.00063646 -0.00093947 -0.00012728 -0.00249932]],0.0,0.0,0.0
2014-04-01 14:50:00,0.0,0,3.54321969098e-06,3.54321969098e-06,"[[ -3.25442106e-03   6.68369234e-04  -9.04783607e-04  -9.17688012e-05
   -2.41889805e-03]]",0.0,0.0,0.0
2014-04-01 14:55:00,0.0,0,3.34769856636e-06,3.34769856636e-06,"[[ -3.16363573e-03   6.98447227e-04  -8.71069729e-04  -5.77494502e-05
   -2.34093517e-03]]",0.0,0.0,0.0
2014-04-01 15:00:00,0.0,0,3.16407454193e-06,3.16407454193e-06,"[[ -3.07516009e-03   7.26707280e-04  -8.38339329e-04  -2.52202153e-05
   -2.26543844e-03]]",0.0,0.0,0.0
2014-04-01 15:05:00,0.0,0,2.99174394058e-06,2.99174394058e-06,"[[ -2.98900902e-03   7.53112137e-04  -8.06607306e-04   5.81145287e-06
   -2.19242275e-03]]",0.0,0.0,0.0
2014-04-01 15:10:00,0.0,0,2.8299175483e-06,2.8299175483e-06,"[[ -2.90509313e-03   7.77781010e-04  -7.75836408e-04   3.53977084e-05
   -2.12176889e-03]]",0.0,0.0,0.0
2014-04-01 15:15:00,0.0,0,2.67810673904e-06,2.67810673904e-06,"[[ -2.82342732e-03   8.00713897e-04  -7.46078789e-04   6.35161996e-05
   -2.05352902e-03]]",0.0,0.0,0.0
2014-04-01 15:20:00,0.0,0,2.53560529018e-06,2.53560529018e-06,"[[ -2.74395198e-03   8.21962953e-04  -7.17267394e-04   9.02190804e-05
   -1.98759139e-03]]",0.0,0.0,0.0
2014-04-01 15:25:00,0.0,0,2.40189251599e-06,2.40189251599e-06,[[-0.00266664  0.00084154 -0.00068944  0.00011551 -0.00192396]],0.0,0.0,0.0
2014-04-01 15:30:00,0.0,0,2.27643317885e-06,2.27643317885e-06,[[-0.00259148  0.00085951 -0.00066256  0.00013942 -0.00186258]],0.0,0.0,0.0
2014-04-01 15:35:00,0.0,0,2.15863246922e-06,2.15863246922e-06,[[-0.00251839  0.00087593 -0.00063661  0.00016201 -0.00180336]],0.0,0.0,0.0
2014-04-01 15:40:00,0.0,0,2.04807520277e-06,2.04807520277e-06,[[-0.00244735  0.00089084 -0.0006116   0.00018327 -0.00174631]],0.0,0.0,0.0
2014-04-01 15:45:00,0.0,0,1.94425638256e-06,1.94425638256e-06,[[-0.00237832  0.00090427 -0.00058749  0.00020325 -0.00169136]],0.0,0.0,0.0
2014-04-01 15:50:00,0.0,0,1.84673024251e-06,1.84673024251e-06,[[-0.00231126  0.00091629 -0.00056425  0.000222   -0.00163843]],0.0,0.0,0.0
2014-04-01 15:55:00,0.0,0,1.75507864242e-06,1.75507864242e-06,[[-0.0022461   0.00092696 -0.00054189  0.00023954 -0.0015875 ]],0.0,0.0,0.0
2014-04-01 16:00:00,0.0,0,1.66896222709e-06,1.66896222709e-06,[[-0.00218286  0.00093628 -0.0005204   0.00025589 -0.00153851]],0.0,0.0,0.0
2014-04-01 16:05:00,0.0,0,1.58794466643e-06,1.58794466643e-06,[[-0.00212143  0.00094435 -0.00049973  0.00027112 -0.00149138]],0.0,0.0,0.0
2014-04-01 16:10:00,0.0,0,1.51169786022e-06,1.51169786022e-06,[[-0.0020618   0.0009512  -0.00047984  0.00028526 -0.00144605]],0.0,0.0,0.0
2014-04-01 16:15:00,0.0,0,1.439907237e-06,1.439907237e-06,[[-0.0020039   0.0009569  -0.00046074  0.00029836 -0.00140248]],0.0,0.0,0.0
2014-04-01 16:20:00,0.0,0,1.37225947583e-06,1.37225947583e-06,[[-0.00194769  0.00096149 -0.0004424   0.00031043 -0.0013606 ]],0.0,0.0,0.0
2014-04-01 16:25:00,0.0,0,1.30850060032e-06,1.30850060032e-06,[[-0.00189316  0.00096498 -0.00042482  0.00032151 -0.00132038]],0.0,0.0,0.0
2014-04-01 16:30:00,0.0,0,1.24834673443e-06,1.24834673443e-06,[[-0.00184023  0.00096748 -0.00040794  0.00033167 -0.00128173]],0.0,0.0,0.0
2014-04-01 16:35:00,0.0,0,1.19157027711e-06,1.19157027711e-06,[[-0.00178888  0.00096899 -0.00039177  0.00034092 -0.00124463]],0.0,0.0,0.0
2014-04-01 16:40:00,1.0,0,1.13793930723e-06,1.13793930723e-06,[[-0.00173906  0.00096959 -0.00037626  0.00034932 -0.00120899]],0.0,0.0,0.0
2014-04-01 16:45:00,0.0,0,0.200471013784,0.200471013784,[[-0.00169074  0.00096928 -0.00036142  0.00035686 -0.00117482]],0.0,0.0,0.0
2014-04-01 16:50:00,0.0,0,0.199613586068,0.199613586068,"[[ -1.41698122e-03   1.58011913e-03  -8.08015466e-05   9.69111919e-04
    8.15287232e-04]]",0.0,0.0,0.0
2014-04-01 16:55:00,0.0,0,0.199856474996,0.199856474996,[[-0.00101809  0.00256959  0.00037264  0.00315501  0.00315846]],0.0,0.0,0.0
2014-04-01 17:00:00,0.0,0,0.198536500335,0.198536500335,[[-0.00047947  0.00369722  0.00219426  0.0053001   0.00549364]],0.0,0.0,0.0
2014-04-01 17:05:00,0.0,0,0.199924662709,0.199924662709,[[ 0.00027782  0.00647912  0.00404788  0.00752189  0.00799774]],0.0,0.0,0.0
2014-04-01 17:10:00,1.0,0,0.286396831274,0.286396831274,[[ 0.5494535   0.51192266  0.53405762  0.53431082  0.54526567]],0.0,0.0,0.0
2014-04-01 17:15:00,0.0,0,0.158714920282,0.158714920282,[[ 0.21277617  0.19638062  0.22028115  0.22492342  0.21857737]],0.0,0.0,0.0
2014-04-01 17:20:00,0.0,0,0.159642666578,0.159642666578,[[ 0.13342461  0.11774607  0.14734066  0.14611526  0.12537391]],0.0,0.0,0.0
2014-04-01 17:25:00,0.0,0,0.170381441712,0.170381441712,[[ 0.07077888  0.05913609  0.08786459  0.08724702  0.06162326]],0.0,0.0,0.0
2014-04-01 17:30:00,0.0,0,0.190042421222,0.190042421222,[[ 0.03749266  0.02949391  0.05651263  0.05483478  0.02690417]],0.0,0.0,0.0
2014-04-01 17:35:00,0.0,0,0.192593082786,0.192593082786,[[ 0.02035557  0.0172561   0.03952801  0.03668474  0.00749573]],0.0,0.0,0.0
2014-04-01 17:40:00,0.0,0,0.193360418081,0.193360418081,[[ 0.45055103  0.42297268  0.44277304  0.44396925  0.43788505]],0.0,0.0,0.0
2014-04-01 17:45:00,0.0,0,0.0323763303459,0.0323763303459,[[ 0.17790055  0.16690026  0.19252196  0.19434336  0.16596174]],0.0,0.0,0.0
2014-04-01 17:50:00,0.0,0,0.0117367664352,0.0117367664352,[[ 0.10720295  0.09717315  0.12514755  0.12172775  0.0852595 ]],0.0,0.0,0.0
2014-04-01 17:55:00,0.0,0,0.00371630303562,0.00371630303562,[[ 0.05961964  0.05184053  0.07815277  0.07178807  0.03283582]],0.0,0.0,0.0
2014-04-01 18:00:00,0.0,0,0.0012710490264,0.0012710490264,[[ 0.03348204  0.02778327  0.05100325  0.0429619   0.00390274]],0.0,0.0,0.0
2014-04-01 18:05:00,0.0,0,0.000531425874215,0.000531425874215,[[ 0.01905818  0.01524118  0.03509012  0.02619864 -0.01199735]],0.0,0.0,0.0
2014-04-01 18:10:00,0.0,0,0.000292204320431,0.000292204320431,[[ 0.01103534  0.0088551   0.02516606  0.01641535 -0.01892183]],0.0,0.0,0.0
2014-04-01 18:15:00,0.0,0,0.0001936100889,0.0001936100889,[[ 0.00668103  0.00596208  0.01882     0.0109138  -0.02036086]],0.0,0.0,0.0
2014-04-01 18:20:00,0.0,0,0.000136351285619,0.000136351285619,[[ 0.00440329  0.00502063  0.01470079  0.00800686 -0.0188928 ]],0.0,0.0,0.0
2014-04-01 18:25:00,0.0,0,9.63603597484e-05,9.63603597484e-05,[[ 0.00327681  0.00511456  0.01197267  0.00663496 -0.01604799]],0.0,0.0,0.0
2014-04-01 18:30:00,0.0,0,6.84038241161e-05,6.84038241161e-05,[[ 0.00277398  0.00570961  0.01012316  0.00614339 -0.01270846]],0.0,0.0,0.0
2014-04-01 18:35:00,0.0,0,5.04611743963e-05,5.04611743963e-05,[[ 0.00259577  0.00649989  0.00883491  0.00613079 -0.0093636 ]],0.0,0.0,0.0
2014-04-01 18:40:00,0.0,0,4.03079975513e-05,4.03079975513e-05,[[ 0.0026343   0.00723169  0.00790484  0.0062192  -0.00641391]],0.0,0.0,0.0
2014-04-01 18:45:00,0.0,0,3.53738578269e-05,3.53738578269e-05,[[ 0.00276312  0.00786349  0.00721142  0.0063412  -0.00389674]],0.0,0.0,0.0
2014-04-01 18:50:00,0.0,0,3.43604551745e-05,3.43604551745e-05,[[ 0.00291459  0.00839304  0.00679626  0.00661643 -0.00170237]],0.0,0.0,0.0
2014-04-01 18:55:00,0.0,0,3.3895157685e-05,3.3895157685e-05,[[ 0.00303164  0.00875033  0.0063177   0.00661747 -0.00011134]],0.0,0.0,0.0
2014-04-01 19:00:00,0.0,0,3.42062412528e-05,3.42062412528e-05,[[ 0.00312771  0.00901088  0.00592247  0.00660243  0.00117686]],0.0,0.0,0.0
2014-04-01 19:05:00,0.0,0,3.47408276866e-05,3.47408276866e-05,[[ 0.00319422  0.00918497  0.005586    0.00656488  0.00219918]],0.0,0.0,0.0
2014-04-01 19:10:00,0.0,0,3.52476636181e-05,3.52476636181e-05,[[ 0.00323515  0.00929177  0.00529718  0.00650954  0.00300016]],0.0,0.0,0.0
2014-04-01 19:15:00,0.0,0,3.55993906851e-05,3.55993906851e-05,[[ 0.00325415  0.00934616  0.00504711  0.00644036  0.00362011]],0.0,0.0,0.0
2014-04-01 19:20:00,0.0,0,4.58893264295e-05,4.58893264295e-05,[[ 0.00382365  0.01012079  0.00478381  0.00686951  0.00650546]],0.0,0.0,0.0
2014-04-01 19:25:00,0.0,0,4.34957582911e-05,4.34957582911e-05,[[ 0.00367689  0.00991836  0.00458809  0.00666028  0.00633841]],0.0,0.0,0.0
2014-04-01 19:30:00,0.0,0,4.12170484196e-05,4.12170484196e-05,[[ 0.00353289  0.00971588  0.0044016   0.00645917  0.00617337]],0.0,0.0,0.0
2014-04-01 19:35:00,0.0,0,3.90481072827e-05,3.90481072827e-05,[[ 0.00339171  0.00951379  0.00422373  0.00626568  0.00601049]],0.0,0.0,0.0
2014-04-01 19:40:00,0.0,0,3.6984529288e-05,3.6984529288e-05,[[ 0.00325344  0.00931247  0.00405398  0.00607942  0.00584993]],0.0,0.0,0.0
2014-04-01 19:45:00,0.0,0,3.50220325345e-05,3.50220325345e-05,[[ 0.00311816  0.00911229  0.00389185  0.0059      0.00569183]],0.0,0.0,0.0
2014-04-01 19:50:00,0.0,0,3.31562987412e-05,3.31562987412e-05,[[ 0.00298591  0.00891358  0.00373687  0.00572708  0.00553628]],0.0,0.0,0.0
2014-04-01 19:55:00,0.0,0,3.13834825647e-05,3.13834825647e-05,[[ 0.00285676  0.00871662  0.00358866  0.00556032  0.00538342]],0.0,0.0,0.0
2014-04-01 20:00:00,0.0,0,2.96991383948e-05,2.96991383948e-05,[[ 0.00273068  0.00852162  0.00344681  0.00539939  0.00523327]],0.0,0.0,0.0
2014-04-01 20:05:00,0.0,0,2.80999774986e-05,2.80999774986e-05,[[ 0.00260776  0.00832887  0.00331097  0.00524405  0.00508594]],0.0,0.0,0.0
2014-04-01 20:10:00,0.0,0,2.65818871412e-05,2.65818871412e-05,[[ 0.00248797  0.00813849  0.00318081  0.005094    0.00494146]],0.0,0.0,0.0
2014-04-01 20:15:00,0.0,0,2.5141529477e-05,2.5141529477e-05,[[ 0.00237133  0.0079507   0.00305602  0.00494902  0.00479987]],0.0,0.0,0.0
2014-04-01 20:20:00,0.0,0,2.37753756664e-05,2.37753756664e-05,[[ 0.00225782  0.00776561  0.00293633  0.00480888  0.00466122]],0.0,0.0,0.0
2014-04-01 20:25:00,0.0,0,2.24799168791e-05,2.24799168791e-05,[[ 0.00214743  0.00758335  0.00282146  0.00467333  0.00452551]],0.0,0.0,0.0
2014-04-01 20:30:00,0.0,0,2.12519189517e-05,2.12519189517e-05,[[ 0.00204013  0.00740401  0.00271115  0.00454219  0.00439276]],0.0,0.0,0.0
2014-04-01 20:35:00,0.0,0,2.00885606318e-05,2.00885606318e-05,[[ 0.00193594  0.0072277   0.00260523  0.0044153   0.00426299]],0.0,0.0,0.0
2014-04-01 20:40:00,0.0,0,1.89862130355e-05,1.89862130355e-05,[[ 0.00183477  0.00705444  0.0025034   0.00429242  0.00413614]],0.0,0.0,0.0
2014-04-01 20:45:00,0.0,0,1.79425569513e-05,1.79425569513e-05,[[ 0.00173664  0.00688434  0.00240555  0.00417345  0.00401227]],0.0,0.0,0.0
2014-04-01 20:50:00,0.0,0,1.69544910023e-05,1.69544910023e-05,[[ 0.00164148  0.00671743  0.00231142  0.0040582   0.00389133]],0.0,0.0,0.0
2014-04-01 20:55:00,0.0,0,1.60193812917e-05,1.60193812917e-05,[[ 0.00154927  0.00655373  0.00222087  0.00394654  0.00377331]],0.0,0.0,0.0
2014-04-01 21:00:00,0.0,0,1.51345639097e-05,1.51345639097e-05,[[ 0.00145995  0.00639326  0.00213373  0.0038383   0.00365817]],0.0,0.0,0.0
2014-04-01 21:05:00,0.0,0,1.4297753296e-05,1.4297753296e-05,[[ 0.00137351  0.00623606  0.00204988  0.0037334   0.00354592]],0.0,0.0,0.0
2014-04-01 21:10:00,0.0,0,1.35063282869e-05,1.35063282869e-05,[[ 0.00128984  0.0060821   0.00196914  0.00363167  0.00343648]],0.0,0.0,0.0
2014-04-01 21:15:00,0.0,0,1.27581124616e-05,1.27581124616e-05,[[ 0.00120895  0.0059314   0.00189137  0.00353303  0.00332985]],0.0,0.0,0.0
2014-04-01 21:20:00,0.0,0,1.20509239423e-05,1.20509239423e-05,[[ 0.00113077  0.00578395  0.00181648  0.00343735  0.00322597]],0.0,0.0,0.0
2014-04-01 21:25:00,0.0,0,1.13824535219e-05,1.13824535219e-05,[[ 0.00105521  0.00563969  0.00174431  0.00334451  0.0031248 ]],0.0,0.0,0.0
2014-04-01 21:30:00,0.0,0,1.07511441456e-05,1.07511441456e-05,[[ 0.0009823   0.00549868  0.0016748   0.00325447  0.00302636]],0.0,0.0,0.0
2014-04-01 21:35:00,0.0,0,1.01547020677e-05,1.01547020677e-05,[[ 0.00091193  0.00536083  0.00160778  0.00316707  0.00293054]],0.0,0.0,0.0
2014-04-01 21:40:00,0.0,0,9.59147564572e-06,9.59147564572e-06,[[ 0.00084405  0.00522615  0.00154321  0.00308226  0.00283734]],0.0,0.0,0.0
2014-04-01 21:45:00,0.0,0,9.0594530775e-06,9.0594530775e-06,[[ 0.00077859  0.00509454  0.00148094  0.00299992  0.00274663]],0.0,0.0,0.0
2014-04-01 21:50:00,0.0,0,8.5572773969e-06,8.5572773969e-06,[[ 0.00071552  0.00496604  0.00142093  0.00291999  0.00265848]],0.0,0.0,0.0
2014-04-01 21:55:00,0.0,0,8.0832214735e-06,8.0832214735e-06,[[ 0.00065477  0.00484057  0.00136306  0.0028424   0.00257277]],0.0,0.0,0.0
2014-04-01 22:00:00,0.0,0,7.63574917073e-06,7.63574917073e-06,[[ 0.00059629  0.00471809  0.00130727  0.00276705  0.00248944]],0.0,0.0,0.0
2014-04-01 22:05:00,0.0,0,7.2135139817e-06,7.2135139817e-06,[[ 0.00054003  0.00459857  0.00125346  0.00269389  0.0024085 ]],0.0,0.0,0.0
2014-04-01 22:10:00,0.0,0,6.81505844113e-06,6.81505844113e-06,[[ 0.00048593  0.00448194  0.00120158  0.00262285  0.00232986]],0.0,0.0,0.0
2014-04-01 22:15:00,0.0,0,6.43915063847e-06,6.43915063847e-06,[[ 0.00043393  0.00436819  0.00115154  0.00255386  0.00225348]],0.0,0.0,0.0
2014-04-01 22:20:00,0.0,0,6.08449227002e-06,6.08449227002e-06,[[ 0.00038397  0.00425723  0.00110329  0.00248683  0.00217932]],0.0,0.0,0.0
2014-04-01 22:25:00,0.0,0,5.74990554014e-06,5.74990554014e-06,[[ 0.00033598  0.00414903  0.00105675  0.00242174  0.00210729]],0.0,0.0,0.0
2014-04-01 22:30:00,0.0,0,5.43428814126e-06,5.43428814126e-06,[[ 0.00028995  0.00404351  0.00101187  0.0023585   0.0020374 ]],0.0,0.0,0.0
2014-04-01 22:35:00,0.0,0,5.1365886975e-06,5.1365886975e-06,[[ 0.00024579  0.00394066  0.00096858  0.00229706  0.00196955]],0.0,0.0,0.0
2014-04-01 22:40:00,0.0,0,4.85586406285e-06,4.85586406285e-06,[[ 0.00020347  0.00384042  0.00092684  0.00223739  0.00190373]],0.0,0.0,0.0
2014-04-01 22:45:00,0.0,0,4.59115108242e-06,4.59115108242e-06,[[ 0.00016294  0.00374273  0.0008866   0.00217943  0.00183989]],0.0,0.0,0.0
2014-04-01 22:50:00,0.0,0,4.3414065658e-06,4.3414065658e-06,[[ 0.0001241   0.00364751  0.00084776  0.00212309  0.00177794]],0.0,0.0,0.0
2014-04-01 22:55:00,0.0,0,4.1059565774e-06,4.1059565774e-06,"[[  8.69631767e-05   3.55476886e-03   8.10347497e-04   2.06834823e-03
    1.71788037e-03]]",0.0,0.0,0.0
2014-04-01 23:00:00,0.0,0,3.88384796679e-06,3.88384796679e-06,"[[  5.14239073e-05   3.46438587e-03   7.74249434e-04   2.01515108e-03
    1.65961683e-03]]",0.0,0.0,0.0
2014-04-01 23:05:00,0.0,0,3.67440884474e-06,3.67440884474e-06,"[[  1.74790621e-05   3.37634236e-03   7.39447773e-04   1.96347386e-03
    1.60313398e-03]]",0.0,0.0,0.0
2014-04-01 23:10:00,0.0,0,3.47693162439e-06,3.47693162439e-06,"[[ -1.49384141e-05   3.29060107e-03   7.05905259e-04   1.91325694e-03
    1.54839456e-03]]",0.0,0.0,0.0
2014-04-01 23:15:00,0.0,0,3.29066324412e-06,3.29066324412e-06,"[[ -4.58806753e-05   3.20708007e-03   6.73562288e-04   1.86444819e-03
    1.49532408e-03]]",0.0,0.0,0.0
2014-04-01 23:20:00,0.0,0,3.11503572448e-06,3.11503572448e-06,"[[ -7.53775239e-05   3.12575698e-03   6.42396510e-04   1.81701779e-03
    1.44392252e-03]]",0.0,0.0,0.0
2014-04-01 23:25:00,0.0,0,2.9494096907e-06,2.9494096907e-06,[[-0.00010349  0.00304656  0.00061236  0.00177094  0.00139412]],0.0,0.0,0.0
2014-04-01 23:30:00,0.0,0,2.79316191154e-06,2.79316191154e-06,[[-0.00013026  0.00296944  0.00058341  0.00172614  0.00134586]],0.0,0.0,0.0
2014-04-01 23:35:00,0.0,0,2.6457862532e-06,2.6457862532e-06,[[-0.00015572  0.00289434  0.00055552  0.00168261  0.00129911]],0.0,0.0,0.0
2014-04-01 23:40:00,0.0,0,2.50676498581e-06,2.50676498581e-06,[[-0.00017995  0.00282124  0.00052863  0.00164028  0.00125383]],0.0,0.0,0.0
2014-04-01 23:45:00,0.0,0,2.37562449001e-06,2.37562449001e-06,[[-0.00020295  0.00275006  0.00050274  0.00159915  0.00120999]],0.0,0.0,0.0
2014-04-01 23:50:00,0.0,0,2.25189751291e-06,2.25189751291e-06,[[-0.00022476  0.00268077  0.0004778   0.00155917  0.00116754]],0.0,0.0,0.0
2014-04-01 23:55:00,0.0,0,2.13518569581e-06,2.13518569581e-06,[[-0.00024543  0.00261334  0.00045378  0.00152032  0.00112645]],0.0,0.0,0.0
2014-04-02 00:00:00,0.0,0,2.02499654733e-06,2.02499654733e-06,[[-0.00026502  0.00254767  0.00043064  0.00148252  0.00108665]],0.0,0.0,0.0
2014-04-02 00:05:00,0.0,0,1.92099787455e-06,1.92099787455e-06,[[-0.00028358  0.00248374  0.00040836  0.00144579  0.00104811]],0.0,0.0,0.0
2014-04-02 00:10:00,0.0,0,1.82290136763e-06,1.82290136763e-06,[[-0.00030106  0.00242155  0.00038692  0.0014101   0.00101087]],0.0,0.0,0.0
2014-04-02 00:15:00,0.0,0,1.73022669969e-06,1.73022669969e-06,[[-0.00031759  0.00236098  0.00036627  0.00137539  0.00097478]],0.0,0.0,0.0
2014-04-02 00:20:00,0.0,0,1.64277685144e-06,1.64277685144e-06,[[-0.00033315  0.00230206  0.00034641  0.00134165  0.0009399 ]],0.0,0.0,0.0
2014-04-02 00:25:00,0.0,0,1.56018245434e-06,1.56018245434e-06,[[-0.00034779  0.0022447   0.00032729  0.00130884  0.00090614]],0.0,0.0,0.0
2014-04-02 00:30:00,0.0,0,1.48219282892e-06,1.48219282892e-06,[[-0.00036155  0.00218889  0.00030892  0.00127695  0.00087348]],0.0,0.0,0.0
2014-04-02 00:35:00,0.0,0,1.40848044339e-06,1.40848044339e-06,[[-0.00037447  0.00213455  0.00029122  0.00124592  0.00084189]],0.0,0.0,0.0
2014-04-02 00:40:00,0.0,0,1.3388807929e-06,1.3388807929e-06,[[-0.00038654  0.00208168  0.00027422  0.00121577  0.00081135]],0.0,0.0,0.0
2014-04-02 00:45:00,0.0,0,1.27309237996e-06,1.27309237996e-06,[[-0.00039785  0.00203022  0.00025786  0.00118645  0.00078181]],0.0,0.0,0.0
2014-04-02 00:50:00,0.0,0,1.21090693028e-06,1.21090693028e-06,[[-0.00040839  0.00198014  0.00024213  0.00115792  0.00075325]],0.0,0.0,0.0
2014-04-02 00:55:00,0.0,0,1.15213720164e-06,1.15213720164e-06,[[-0.00041819  0.00193141  0.00022703  0.0011302   0.00072563]],0.0,0.0,0.0
2014-04-02 01:00:00,1.0,0,1.09654843072e-06,1.09654843072e-06,[[-0.00042731  0.00188398  0.00021251  0.00110324  0.00069892]],0.0,0.0,0.0
2014-04-02 01:05:00,0.0,0,0.19973179698,0.19973179698,[[-0.00043574  0.00183781  0.00019855  0.001077    0.00067312]],0.0,0.0,0.0
2014-04-02 01:10:00,0.0,0,0.199496105313,0.199496105313,[[-0.00017715  0.00209748  0.00036673  0.001265    0.0020708 ]],0.0,0.0,0.0
2014-04-02 01:15:00,0.0,0,0.199743673205,0.199743673205,[[ 0.00023995  0.0025387   0.00065407  0.00268491  0.00353327]],0.0,0.0,0.0
2014-04-02 01:20:00,0.0,0,0.198762446642,0.198762446642,[[ 0.0007814   0.00312243  0.00219896  0.00409081  0.00501533]],0.0,0.0,0.0
2014-04-02 01:25:00,0.0,0,0.199416443706,0.199416443706,[[ 0.00151791  0.00518424  0.00376882  0.00554832  0.0066229 ]],0.0,0.0,0.0
2014-04-02 01:30:00,1.0,0,0.205513551831,0.205513551831,[[ 0.45856857  0.42953986  0.44867885  0.45480835  0.47393543]],0.0,0.0,0.0
2014-04-02 01:35:00,0.0,0,0.15640515089,0.15640515089,[[ 0.18276906  0.16815719  0.19041781  0.19641279  0.19656523]],0.0,0.0,0.0
2014-04-02 01:40:00,0.0,0,0.16358114779,0.16358114779,[[ 0.11050726  0.09599623  0.1233578   0.12273983  0.10805579]],0.0,0.0,0.0
2014-04-02 01:45:00,0.0,0,0.174071952701,0.174071952701,[[ 0.05984163  0.04778104  0.0743171   0.07165702  0.04972126]],0.0,0.0,0.0
2014-04-02 01:50:00,0.0,0,0.191882967949,0.191882967949,[[ 0.03292897  0.02337713  0.04833667  0.04336005  0.01793635]],0.0,0.0,0.0
2014-04-02 01:55:00,0.0,0,0.193002507091,0.193002507091,[[ 0.01872483  0.01313052  0.03404844  0.02790184  0.00113877]],0.0,0.0,0.0
2014-04-02 02:00:00,0.0,0,0.138979315758,0.138979315758,[[ 0.37822214  0.35552436  0.37266892  0.37759858  0.3794525 ]],0.0,0.0,0.0
2014-04-02 02:05:00,0.0,0,0.0240941662341,0.0240941662341,[[ 0.15264326  0.14093179  0.16502181  0.16764295  0.14823204]],0.0,0.0,0.0
2014-04-02 02:10:00,0.0,0,0.00824868027121,0.00824868027121,[[ 0.08996511  0.07854444  0.10518944  0.10221947  0.07393788]],0.0,0.0,0.0
2014-04-02 02:15:00,0.0,0,0.00251797633246,0.00251797633246,[[ 0.04996816  0.04000976  0.06540765  0.05895228  0.02717997]],0.0,0.0,0.0
2014-04-02 02:20:00,0.0,0,0.000837968545966,0.000837968545966,[[ 0.02841554  0.02000673  0.04265355  0.03407214  0.00137656]],0.0,0.0,0.0
2014-04-02 02:25:00,0.0,0,0.000363501516404,0.000363501516404,[[ 0.01696523  0.01006449  0.02960169  0.01982012 -0.0126213 ]],0.0,0.0,0.0
2014-04-02 02:30:00,0.0,0,0.00021985177591,0.00021985177591,[[ 0.01094978  0.0054158   0.0216716   0.01169938 -0.01853366]],0.0,0.0,0.0
2014-04-02 02:35:00,0.0,0,0.000158062553965,0.000158062553965,[[ 0.00796911  0.00369088  0.01673527  0.00730449 -0.0194874 ]],0.0,0.0,0.0
2014-04-02 02:40:00,0.0,0,0.00011745064694,0.00011745064694,[[ 0.00666037  0.00355595  0.01364077  0.00515439 -0.0178216 ]],0.0,0.0,0.0
2014-04-02 02:45:00,0.0,0,8.69267241796e-05,8.69267241796e-05,[[ 0.00623798  0.00422226  0.011677    0.0043151  -0.01493055]],0.0,0.0,0.0
2014-04-02 02:50:00,0.0,0,6.53145398246e-05,6.53145398246e-05,[[ 0.00623549  0.00521293  0.01039341  0.00420611 -0.01161044]],0.0,0.0,0.0
2014-04-02 02:55:00,0.0,0,5.19926361449e-05,5.19926361449e-05,[[ 0.00640308  0.00626753  0.00952028  0.00447229 -0.00830932]],0.0,0.0,0.0
2014-04-02 03:00:00,0.0,0,4.58874092146e-05,4.58874092146e-05,[[ 0.00666247  0.00729808  0.00893367  0.00491293 -0.00527629]],0.0,0.0,0.0
2014-04-02 03:05:00,0.0,0,4.49112339993e-05,4.49112339993e-05,[[ 0.00693555  0.00822888  0.008527    0.00540372 -0.00261341]],0.0,0.0,0.0
2014-04-02 03:10:00,0.0,0,4.8349298595e-05,4.8349298595e-05,[[ 0.00725424  0.00907776  0.00840307  0.00599547 -0.00039943]],0.0,0.0,0.0
2014-04-02 03:15:00,0.0,0,5.13780105393e-05,5.13780105393e-05,[[ 0.00742963  0.00968592  0.00811648  0.00632834  0.00139584]],0.0,0.0,0.0
2014-04-02 03:20:00,0.0,0,5.49980104552e-05,5.49980104552e-05,[[ 0.00757091  0.01017556  0.00788634  0.00660982  0.00287147]],0.0,0.0,0.0
2014-04-02 03:25:00,0.0,0,5.84833796893e-05,5.84833796893e-05,[[ 0.00767212  0.01055072  0.00768963  0.00682919  0.00405829]],0.0,0.0,0.0
2014-04-02 03:30:00,0.0,0,6.15601456957e-05,6.15601456957e-05,[[ 0.00774307  0.01083364  0.00752129  0.00699381  0.00499946]],0.0,0.0,0.0
2014-04-02 03:35:00,0.0,0,6.4102045144e-05,6.4102045144e-05,[[ 0.00779118  0.01104283  0.0073762   0.00711053  0.00573546]],0.0,0.0,0.0
2014-04-02 03:40:00,0.0,0,8.67762209964e-05,8.67762209964e-05,[[ 0.00836981  0.01242788  0.00741827  0.00830763  0.0092373 ]],0.0,0.0,0.0
2014-04-02 03:45:00,0.0,0,8.40191059979e-05,8.40191059979e-05,[[ 0.00823434  0.01226834  0.00725441  0.00814456  0.00910048]],0.0,0.0,0.0
2014-04-02 03:50:00,0.0,0,8.11747377156e-05,8.11747377156e-05,[[ 0.00809398  0.01209625  0.00709151  0.00797667  0.00895127]],0.0,0.0,0.0
2014-04-02 03:55:00,0.0,0,7.81279231887e-05,7.81279231887e-05,[[ 0.00795487  0.01190349  0.00692819  0.0077893   0.0087746 ]],0.0,0.0,0.0
2014-04-02 04:00:00,0.0,0,7.48776074033e-05,7.48776074033e-05,[[ 0.00782038  0.01168913  0.00676461  0.00757852  0.00856737]],0.0,0.0,0.0
2014-04-02 04:05:00,0.0,0,7.16439972166e-05,7.16439972166e-05,[[ 0.00768249  0.01146828  0.0066028   0.00736748  0.0083547 ]],0.0,0.0,0.0
2014-04-02 04:10:00,0.0,0,6.84438637109e-05,6.84438637109e-05,[[ 0.00754184  0.01124217  0.0064429   0.00715674  0.00813778]],0.0,0.0,0.0
2014-04-02 04:15:00,0.0,0,6.52909366181e-05,6.52909366181e-05,[[ 0.007399    0.01101187  0.00628504  0.00694679  0.00791761]],0.0,0.0,0.0
2014-04-02 04:20:00,0.0,0,6.21973158559e-05,6.21973158559e-05,[[ 0.00725453  0.01077837  0.00612935  0.00673805  0.00769512]],0.0,0.0,0.0
2014-04-02 04:25:00,0.0,0,5.91722673562e-05,5.91722673562e-05,[[ 0.00710884  0.0105425   0.00597589  0.00653089  0.00747111]],0.0,0.0,0.0
2014-04-02 04:30:00,0.0,0,5.62245731999e-05,5.62245731999e-05,[[ 0.00696244  0.01030513  0.00582478  0.00632566  0.00724635]],0.0,0.0,0.0
2014-04-02 04:35:00,0.0,0,5.33594175067e-05,5.33594175067e-05,[[ 0.00681563  0.01006683  0.00567604  0.00612258  0.00702138]],0.0,0.0,0.0
2014-04-02 04:40:00,0.0,0,5.05834104843e-05,5.05834104843e-05,[[ 0.00666881  0.00982837  0.00552978  0.00592202  0.00679693]],0.0,0.0,0.0
2014-04-02 04:45:00,0.0,0,4.79006157548e-05,4.79006157548e-05,[[ 0.00652231  0.00959034  0.00538604  0.00572422  0.00657357]],0.0,0.0,0.0
2014-04-02 04:50:00,0.0,0,4.53139364254e-05,4.53139364254e-05,[[ 0.0063764   0.00935324  0.0052449   0.00552938  0.00635178]],0.0,0.0,0.0
2014-04-02 04:55:00,0.0,0,4.28258244938e-05,4.28258244938e-05,[[ 0.00623136  0.00911762  0.0051064   0.00533774  0.00613201]],0.0,0.0,0.0
2014-04-02 05:00:00,0.0,0,4.043662193e-05,4.043662193e-05,[[ 0.00608736  0.0088838   0.00497053  0.00514942  0.00591461]],0.0,0.0,0.0
2014-04-02 05:05:00,0.0,0,3.81474565074e-05,3.81474565074e-05,[[ 0.00594467  0.00865222  0.00483736  0.00496461  0.00569999]],0.0,0.0,0.0
2014-04-02 05:10:00,0.0,0,3.59577352356e-05,3.59577352356e-05,[[ 0.00580342  0.00842321  0.00470688  0.00478341  0.00548843]],0.0,0.0,0.0
2014-04-02 05:15:00,0.0,0,3.38670615747e-05,3.38670615747e-05,[[ 0.00566383  0.00819708  0.00457915  0.00460593  0.00528023]],0.0,0.0,0.0
2014-04-02 05:20:00,0.0,0,3.18737838825e-05,3.18737838825e-05,[[ 0.00552601  0.00797408  0.00445414  0.00443228  0.00507561]],0.0,0.0,0.0
2014-04-02 05:25:00,0.0,0,2.99761704809e-05,2.99761704809e-05,[[ 0.00539006  0.00775442  0.00433184  0.00426251  0.00487475]],0.0,0.0,0.0
2014-04-02 05:30:00,0.0,0,2.81723423541e-05,2.81723423541e-05,[[ 0.00525613  0.00753833  0.00421228  0.00409668  0.00467786]],0.0,0.0,0.0
2014-04-02 05:35:00,0.0,0,2.64597147179e-05,2.64597147179e-05,[[ 0.0051243   0.00732593  0.00409544  0.00393481  0.00448503]],0.0,0.0,0.0
2014-04-02 05:40:00,0.0,0,2.4835797376e-05,2.4835797376e-05,[[ 0.00499462  0.0071174   0.00398129  0.00377695  0.00429643]],0.0,0.0,0.0
2014-04-02 05:45:00,0.0,0,2.32978673012e-05,2.32978673012e-05,[[ 0.0048672   0.00691284  0.00386983  0.00362312  0.00411215]],0.0,0.0,0.0
2014-04-02 05:50:00,0.0,0,2.18433051486e-05,2.18433051486e-05,[[ 0.00474209  0.00671241  0.00376106  0.00347335  0.0039323 ]],0.0,0.0,0.0
2014-04-02 05:55:00,0.0,0,2.04690313694e-05,2.04690313694e-05,[[ 0.00461934  0.00651615  0.00365496  0.00332764  0.00375696]],0.0,0.0,0.0
2014-04-02 06:00:00,0.0,0,1.91717790585e-05,1.91717790585e-05,[[ 0.00449896  0.00632413  0.00355148  0.00318596  0.00358613]],0.0,0.0,0.0
2014-04-02 06:05:00,0.0,0,1.79486487468e-05,1.79486487468e-05,[[ 0.004381    0.0061364   0.00345062  0.00304832  0.00341988]],0.0,0.0,0.0
2014-04-02 06:10:00,0.0,0,1.67963735294e-05,1.67963735294e-05,[[ 0.00426549  0.00595301  0.00335232  0.00291467  0.0032582 ]],0.0,0.0,0.0
2014-04-02 06:15:00,0.0,0,1.57117610797e-05,1.57117610797e-05,[[ 0.00415241  0.00577393  0.00325656  0.00278497  0.00310109]],0.0,0.0,0.0
2014-04-02 06:20:00,0.0,0,1.46918373503e-05,1.46918373503e-05,[[ 0.00404178  0.00559922  0.00316331  0.00265921  0.00294857]],0.0,0.0,0.0
2014-04-02 06:25:00,0.0,0,1.37336201078e-05,1.37336201078e-05,[[ 0.00393364  0.00542886  0.00307254  0.00253735  0.00280062]],0.0,0.0,0.0
2014-04-02 06:30:00,0.0,0,1.28338988361e-05,1.28338988361e-05,[[ 0.00382794  0.00526282  0.0029842   0.00241931  0.00265718]],0.0,0.0,0.0
2014-04-02 06:35:00,0.0,0,1.19899286801e-05,1.19899286801e-05,[[ 0.00372469  0.00510112  0.00289826  0.00230506  0.00251826]],0.0,0.0,0.0
2014-04-02 06:40:00,0.0,0,1.11985946205e-05,1.11985946205e-05,[[ 0.00362387  0.00494368  0.00281467  0.00219452  0.00238375]],0.0,0.0,0.0
2014-04-02 06:45:00,0.0,0,1.04572882265e-05,1.04572882265e-05,[[ 0.00352546  0.0047905   0.00273338  0.00208766  0.00225367]],0.0,0.0,0.0
2014-04-02 06:50:00,0.0,0,9.76319643087e-06,9.76319643087e-06,[[ 0.00342942  0.0046415   0.00265437  0.0019844   0.00212792]],0.0,0.0,0.0
2014-04-02 06:55:00,0.0,0,9.11381175683e-06,9.11381175683e-06,[[ 0.00333577  0.00449666  0.00257758  0.00188468  0.00200643]],0.0,0.0,0.0
2014-04-02 07:00:00,0.0,0,8.5065530584e-06,8.5065530584e-06,[[ 0.00324444  0.00435592  0.00250298  0.00178842  0.00188916]],0.0,0.0,0.0
2014-04-02 07:05:00,0.0,0,7.93900289864e-06,7.93900289864e-06,[[ 0.00315543  0.0042192   0.00243051  0.00169556  0.00177602]],0.0,0.0,0.0
2014-04-02 07:10:00,0.0,0,7.40887708162e-06,7.40887708162e-06,[[ 0.00306869  0.00408647  0.00236014  0.00160602  0.00166694]],0.0,0.0,0.0
2014-04-02 07:15:00,0.0,0,6.91407194608e-06,6.91407194608e-06,[[ 0.00298423  0.00395767  0.00229184  0.00151975  0.00156188]],0.0,0.0,0.0
2014-04-02 07:20:00,0.0,0,6.45223781248e-06,6.45223781248e-06,[[ 0.00290194  0.00383268  0.00222552  0.00143666  0.00146069]],0.0,0.0,0.0
2014-04-02 07:25:00,0.0,0,6.02163072472e-06,6.02163072472e-06,[[ 0.00282187  0.00371149  0.00216118  0.00135669  0.00136334]],0.0,0.0,0.0
2014-04-02 07:30:00,0.0,0,5.61995329917e-06,5.61995329917e-06,[[ 0.00274388  0.00359394  0.00209873  0.00127971  0.0012697 ]],0.0,0.0,0.0
2014-04-02 07:35:00,0.0,0,5.24569486515e-06,5.24569486515e-06,[[ 0.00266801  0.00348004  0.00203816  0.00120571  0.0011797 ]],0.0,0.0,0.0
2014-04-02 07:40:00,0.0,0,4.89701506012e-06,4.89701506012e-06,[[ 0.00259419  0.00336967  0.00197941  0.00113459  0.00109328]],0.0,0.0,0.0
2014-04-02 07:45:00,0.0,0,4.57229089079e-06,4.57229089079e-06,[[ 0.00252239  0.00326276  0.00192243  0.00106625  0.00101033]],0.0,0.0,0.0
2014-04-02 07:50:00,0.0,0,4.26999213232e-06,4.26999213232e-06,[[ 0.00245257  0.00315924  0.0018672   0.00100066  0.00093077]],0.0,0.0,0.0
2014-04-02 07:55:00,0.0,0,3.98858310291e-06,3.98858310291e-06,[[ 0.00238467  0.00305901  0.00181365  0.0009377   0.00085448]],0.0,0.0,0.0
2014-04-02 08:00:00,0.0,0,3.72673775928e-06,3.72673775928e-06,[[ 0.00231867  0.002962    0.00176175  0.00087733  0.00078139]],0.0,0.0,0.0
2014-04-02 08:05:00,0.0,0,3.48316962118e-06,3.48316962118e-06,[[ 0.00225452  0.00286815  0.00171145  0.00081946  0.00071143]],0.0,0.0,0.0
2014-04-02 08:10:00,0.0,0,3.256565833e-06,3.256565833e-06,[[ 0.00219217  0.00277734  0.0016627   0.000764    0.00064448]],0.0,0.0,0.0
2014-04-02 08:15:00,0.0,0,3.04587342725e-06,3.04587342725e-06,[[ 0.0021316   0.00268953  0.00161549  0.0007109   0.00058046]],0.0,0.0,0.0
2014-04-02 08:20:00,0.0,0,2.84994030153e-06,2.84994030153e-06,[[ 0.00207273  0.00260461  0.00156976  0.00066008  0.00051929]],0.0,0.0,0.0
2014-04-02 08:25:00,0.0,0,2.66772030955e-06,2.66772030955e-06,[[ 0.00201553  0.0025225   0.00152544  0.00061146  0.00046086]],0.0,0.0,0.0
2014-04-02 08:30:00,0.0,0,2.49835170507e-06,2.49835170507e-06,[[ 0.00196     0.00244314  0.00148252  0.000565    0.00040513]],0.0,0.0,0.0
2014-04-02 08:35:00,0.0,0,2.34090248341e-06,2.34090248341e-06,[[ 0.00190607  0.00236647  0.00144095  0.0005206   0.00035197]],0.0,0.0,0.0
2014-04-02 08:40:00,0.0,0,2.19451044359e-06,2.19451044359e-06,[[ 0.00185368  0.00229237  0.0014007   0.00047821  0.00030132]],0.0,0.0,0.0
2014-04-02 08:45:00,0.0,0,2.05836977329e-06,2.05836977329e-06,[[ 0.0018028   0.00222077  0.00136171  0.00043774  0.00025308]],0.0,0.0,0.0
2014-04-02 08:50:00,0.0,0,1.93182722796e-06,1.93182722796e-06,[[ 0.0017534   0.00215164  0.00132398  0.00039915  0.00020719]],0.0,0.0,0.0
2014-04-02 08:55:00,0.0,0,1.81412030997e-06,1.81412030997e-06,[[ 0.00170543  0.00208484  0.00128744  0.00036234  0.00016354]],0.0,0.0,0.0
2014-04-02 09:00:00,0.0,0,1.7047223082e-06,1.7047223082e-06,[[ 0.00165889  0.00202038  0.00125208  0.00032731  0.00012211]],0.0,0.0,0.0
2014-04-02 09:05:00,0.0,0,1.60288857387e-06,1.60288857387e-06,"[[  1.61367655e-03   1.95810199e-03   1.21781975e-03   2.93932855e-04
    8.27386975e-05]]",0.0,0.0,0.0
2014-04-02 09:10:00,0.0,0,1.50819664668e-06,1.50819664668e-06,"[[  1.56980753e-03   1.89800560e-03   1.18467212e-03   2.62200832e-04
    4.54410911e-05]]",0.0,0.0,0.0
2014-04-02 09:15:00,0.0,0,1.42006922488e-06,1.42006922488e-06,"[[  1.52722746e-03   1.83998048e-03   1.15258992e-03   2.32011080e-04
    1.00731850e-05]]",0.0,0.0,0.0
2014-04-02 09:20:00,1.0,0,1.33804462621e-06,1.33804462621e-06,"[[  1.48589909e-03   1.78398192e-03   1.12153590e-03   2.03333795e-04
   -2.34022737e-05]]",0.0,0.0,0.0
2014-04-02 09:25:00,0.0,0,0.200023293495,0.200023293495,"[[  1.44578516e-03   1.72994286e-03   1.09147280e-03   1.76109374e-04
   -5.50597906e-05]]",0.0,0.0,0.0
2014-04-02 09:30:00,0.0,0,0.199737131596,0.199737131596,[[ 0.00159073  0.00218185  0.00128265  0.00066324  0.00164932]],0.0,0.0,0.0
2014-04-02 09:35:00,0.0,0,0.199358463287,0.199358463287,[[ 0.00183901  0.00295713  0.00162114  0.00255237  0.00365572]],0.0,0.0,0.0
2014-04-02 09:40:00,0.0,0,0.198476240039,0.198476240039,[[ 0.00220247  0.00384983  0.00315011  0.00440274  0.00564961]],0.0,0.0,0.0
2014-04-02 09:45:00,0.0,0,0.198945760727,0.198945760727,[[ 0.00272115  0.00620247  0.00471216  0.0064024   0.0078743 ]],0.0,0.0,0.0
2014-04-02 09:50:00,1.0,0,0.157919108868,0.157919108868,[[ 0.39146495  0.37076956  0.38751644  0.40337273  0.43127966]],0.0,0.0,0.0
2014-04-02 09:55:00,0.0,0,0.153591245413,0.153591245413,[[ 0.15789805  0.14722244  0.16749865  0.17905752  0.18683791]],0.0,0.0,0.0
2014-04-02 10:00:00,0.0,0,0.165782988071,0.165782988071,[[ 0.09281211  0.08138724  0.10647395  0.11010915  0.10214981]],0.0,0.0,0.0
2014-04-02 10:05:00,0.0,0,0.177289456129,0.177289456129,[[ 0.04951712  0.03956854  0.06407435  0.064478    0.04811918]],0.0,0.0,0.0
2014-04-02 10:10:00,0.0,0,0.193663686514,0.193663686514,[[ 0.02614999  0.01814844  0.04137909  0.03915635  0.01888419]],0.0,0.0,0.0
2014-04-02 10:15:00,0.0,0,0.194682314992,0.194682314992,[[ 0.01420099  0.00967395  0.02919323  0.02555816  0.00358942]],0.0,0.0,0.0
2014-04-02 10:20:00,0.0,0,0.106226876378,0.106226876378,[[ 0.3208794   0.30494797  0.32006425  0.33502099  0.34712726]],0.0,0.0,0.0
2014-04-02 10:25:00,0.0,0,0.0192936379462,0.0192936379462,[[ 0.13050219  0.12228797  0.1438508   0.1527935   0.1429829 ]],0.0,0.0,0.0
2014-04-02 10:30:00,0.0,0,0.00653846561909,0.00653846561909,[[ 0.07598344  0.06748284  0.09136745  0.09331627  0.0728627 ]],0.0,0.0,0.0
2014-04-02 10:35:00,0.0,0,0.00203880807385,0.00203880807385,[[ 0.04236723  0.03476833  0.05746492  0.05489714  0.02956872]],0.0,0.0,0.0
2014-04-02 10:40:00,0.0,0,0.00069853651803,0.00069853651803,[[ 0.02444956  0.01805236  0.03815215  0.03287375  0.00572221]],0.0,0.0,0.0
2014-04-02 10:45:00,0.0,0,0.000303053791868,0.000303053791868,[[ 0.01493043  0.00985429  0.02704487  0.02038033 -0.0069614 ]],0.0,0.0,0.0
2014-04-02 10:50:00,0.0,0,0.000174651533598,0.000174651533598,[[ 0.00996646  0.006159    0.02028144  0.01337994 -0.01206791]],0.0,0.0,0.0
2014-04-02 10:55:00,0.0,0,0.000119542004541,0.000119542004541,[[ 0.00763908  0.00502835  0.01613335  0.00972211 -0.01262005]],0.0,0.0,0.0
2014-04-02 11:00:00,0.0,0,8.87379865162e-05,8.87379865162e-05,[[ 0.00683068  0.00534527  0.01364455  0.0080755  -0.01081999]],0.0,0.0,0.0
2014-04-02 11:05:00,0.0,0,7.15755231795e-05,7.15755231795e-05,[[ 0.00685757  0.00641274  0.01219422  0.00759688 -0.00795717]],0.0,0.0,0.0
2014-04-02 11:10:00,0.0,0,6.53719907859e-05,6.53719907859e-05,[[ 0.00730792  0.00780501  0.01138411  0.00776249 -0.00476252]],0.0,0.0,0.0
2014-04-02 11:15:00,0.0,0,6.79280346958e-05,6.79280346958e-05,[[ 0.00793531  0.00926656  0.01095769  0.00824989 -0.00163411]],0.0,0.0,0.0
2014-04-02 11:20:00,0.0,0,7.67931269365e-05,7.67931269365e-05,[[ 0.00860666  0.01066446  0.0107649   0.00887495  0.00122979]],0.0,0.0,0.0
2014-04-02 11:25:00,0.0,0,8.86221605469e-05,8.86221605469e-05,[[ 0.00926173  0.01186343  0.01068296  0.00943799  0.00365908]],0.0,0.0,0.0
2014-04-02 11:30:00,0.0,0,0.00010187926091,0.00010187926091,[[ 0.00985777  0.01284306  0.01078237  0.01000284  0.00556417]],0.0,0.0,0.0
2014-04-02 11:35:00,0.0,0,0.000111510882562,0.000111510882562,[[ 0.01025672  0.01351229  0.01065537  0.01027448  0.00711828]],0.0,0.0,0.0
2014-04-02 11:40:00,0.0,0,0.00011979858391,0.00011979858391,[[ 0.0105731   0.01401875  0.01054121  0.01047153  0.00836104]],0.0,0.0,0.0
2014-04-02 11:45:00,0.0,0,0.00012629700359,0.00012629700359,[[ 0.01080079  0.01437724  0.01042267  0.01059852  0.00933608]],0.0,0.0,0.0
2014-04-02 11:50:00,0.0,0,0.000131028573378,0.000131028573378,[[ 0.01094475  0.0146123   0.01029556  0.01067193  0.01009689]],0.0,0.0,0.0
2014-04-02 11:55:00,0.0,0,0.000133608904434,0.000133608904434,[[ 0.01097462  0.01470913  0.01012591  0.01069125  0.01069612]],0.0,0.0,0.0
2014-04-02 12:00:00,0.0,0,0.000168221318745,0.000168221318745,[[ 0.01239043  0.01633403  0.01065098  0.01149914  0.01323291]],0.0,0.0,0.0
2014-04-02 12:05:00,0.0,0,0.000160617011716,0.000160617011716,[[ 0.01198528  0.01591945  0.01029568  0.011272    0.01315106]],0.0,0.0,0.0
2014-04-02 12:10:00,0.0,0,0.000152762426296,0.000152762426296,[[ 0.01154957  0.01547401  0.00992391  0.01103724  0.01306407]],0.0,0.0,0.0
2014-04-02 12:15:00,0.0,0,0.000144780176925,0.000144780176925,[[ 0.01108897  0.01500329  0.00953925  0.01079648  0.01297212]],0.0,0.0,0.0
2014-04-02 12:20:00,0.0,0,0.000136768838274,0.000136768838274,[[ 0.010608    0.0145117   0.0091445   0.01055095  0.01287559]],0.0,0.0,0.0
2014-04-02 12:25:00,0.0,0,0.000128822022816,0.000128822022816,[[ 0.01011138  0.01400393  0.00874268  0.01030207  0.0127747 ]],0.0,0.0,0.0
2014-04-02 12:30:00,0.0,0,0.000121009463328,0.000121009463328,[[ 0.00960275  0.01348351  0.00833594  0.01005076  0.0126698 ]],0.0,0.0,0.0
2014-04-02 12:35:00,0.0,0,0.000113397531095,0.000113397531095,[[ 0.00908604  0.01295429  0.00792685  0.00979823  0.01256096]],0.0,0.0,0.0
2014-04-02 12:40:00,0.0,0,0.000106038038211,0.000106038038211,[[ 0.00856464  0.01241963  0.00751754  0.0095454   0.01244836]],0.0,0.0,0.0
2014-04-02 12:45:00,0.0,0,9.89705586107e-05,9.89705586107e-05,[[ 0.00804156  0.01188245  0.00710987  0.00929312  0.01233213]],0.0,0.0,0.0
2014-04-02 12:50:00,0.0,0,9.22246035771e-05,9.22246035771e-05,[[ 0.00751939  0.01134529  0.00670543  0.00904208  0.01221246]],0.0,0.0,0.0
2014-04-02 12:55:00,0.0,0,8.58247076394e-05,8.58247076394e-05,[[ 0.00700086  0.01081083  0.00630602  0.00879311  0.01208936]],0.0,0.0,0.0
2014-04-02 13:00:00,0.0,0,7.97858156147e-05,7.97858156147e-05,[[ 0.00648826  0.01028133  0.00591309  0.00854686  0.01196296]],0.0,0.0,0.0
2014-04-02 13:05:00,0.0,0,7.41150142858e-05,7.41150142858e-05,[[ 0.00598361  0.00975873  0.00552785  0.00830388  0.0118333 ]],0.0,0.0,0.0
2014-04-02 13:10:00,0.0,0,6.88139480189e-05,6.88139480189e-05,[[ 0.00548864  0.00924481  0.00515147  0.00806467  0.01170049]],0.0,0.0,0.0
2014-04-02 13:15:00,0.0,0,6.38798883301e-05,6.38798883301e-05,[[ 0.00500503  0.00874116  0.00478493  0.00782972  0.01156466]],0.0,0.0,0.0
2014-04-02 13:20:00,0.0,0,5.93039367232e-05,5.93039367232e-05,[[ 0.00453398  0.00824899  0.00442895  0.00759933  0.01142591]],0.0,0.0,0.0
2014-04-02 13:25:00,0.0,0,5.50762633793e-05,5.50762633793e-05,[[ 0.00407679  0.0077696   0.00408435  0.00737392  0.0112844 ]],0.0,0.0,0.0
2014-04-02 13:30:00,0.0,0,5.11831676704e-05,5.11831676704e-05,[[ 0.00363453  0.00730404  0.00375178  0.00715376  0.01114023]],0.0,0.0,0.0
2014-04-02 13:35:00,0.0,0,4.76082714158e-05,4.76082714158e-05,[[ 0.00320801  0.00685311  0.00343173  0.00693911  0.0109935 ]],0.0,0.0,0.0
2014-04-02 13:40:00,0.0,0,4.43349235866e-05,4.43349235866e-05,[[ 0.002798    0.00641762  0.00312461  0.00673018  0.01084442]],0.0,0.0,0.0
2014-04-02 13:45:00,0.0,0,4.13447160099e-05,4.13447160099e-05,[[ 0.00240507  0.00599814  0.00283075  0.00652715  0.01069321]],0.0,0.0,0.0
2014-04-02 13:50:00,0.0,0,3.86182109651e-05,3.86182109651e-05,[[ 0.00202962  0.00559509  0.00255033  0.00633013  0.01054002]],0.0,0.0,0.0
2014-04-02 13:55:00,0.0,0,3.61363454431e-05,3.61363454431e-05,[[ 0.00167199  0.00520885  0.0022835   0.00613923  0.01038507]],0.0,0.0,0.0
2014-04-02 14:00:00,0.0,0,3.38792633556e-05,3.38792633556e-05,[[ 0.00133234  0.00483958  0.0020303   0.00595447  0.01022848]],0.0,0.0,0.0
2014-04-02 14:05:00,0.0,0,3.1828883948e-05,3.1828883948e-05,[[ 0.00101081  0.00448746  0.00179074  0.00577593  0.01007061]],0.0,0.0,0.0
2014-04-02 14:10:00,0.0,0,2.99664279737e-05,2.99664279737e-05,[[ 0.00070738  0.00415251  0.0015647   0.00560359  0.0099116 ]],0.0,0.0,0.0
2014-04-02 14:15:00,0.0,0,2.82743767457e-05,2.82743767457e-05,[[ 0.00042196  0.00383467  0.00135209  0.00543743  0.00975168]],0.0,0.0,0.0
2014-04-02 14:20:00,0.0,0,2.67360355792e-05,2.67360355792e-05,[[ 0.00015437  0.00353383  0.00115269  0.0052774   0.00959108]],0.0,0.0,0.0
2014-04-02 14:25:00,0.0,0,2.53355574387e-05,2.53355574387e-05,"[[ -9.56431031e-05   3.24976444e-03   9.66280699e-04   5.12341410e-03
    9.42998379e-03]]",0.0,0.0,0.0
2014-04-02 14:30:00,0.0,0,2.40586759901e-05,2.40586759901e-05,[[-0.00032834  0.00298224  0.00079258  0.00497546  0.00926868]],0.0,0.0,0.0
2014-04-02 14:35:00,0.0,0,2.28914868785e-05,2.28914868785e-05,[[-0.00054414  0.00273093  0.00063124  0.00483337  0.00910733]],0.0,0.0,0.0
2014-04-02 14:40:00,0.0,0,2.1821790142e-05,2.1821790142e-05,[[-0.00074343  0.00249546  0.00048196  0.00469706  0.00894619]],0.0,0.0,0.0
2014-04-02 14:45:00,0.0,0,2.08378442039e-05,2.08378442039e-05,[[-0.00092673  0.00227536  0.00034427  0.00456635  0.00878539]],0.0,0.0,0.0
2014-04-02 14:50:00,0.0,0,1.99296719074e-05,1.99296719074e-05,[[-0.00109451  0.00207022  0.00021783  0.00444113  0.00862516]],0.0,0.0,0.0
2014-04-02 14:55:00,0.0,0,1.90882383322e-05,1.90882383322e-05,[[-0.00124729  0.00187961  0.00010224  0.00432127  0.00846574]],0.0,0.0,0.0
2014-04-02 15:00:00,0.0,0,1.83049596671e-05,1.83049596671e-05,"[[ -1.38563663e-03   1.70294195e-03  -2.97278166e-06   4.20657545e-03
    8.30719620e-03]]",0.0,0.0,0.0
2014-04-02 15:05:00,0.0,0,1.75729037437e-05,1.75729037437e-05,"[[ -1.51013583e-03   1.53972954e-03  -9.82359052e-05   4.09691036e-03
    8.14978033e-03]]",0.0,0.0,0.0
2014-04-02 15:10:00,0.0,0,1.68856295204e-05,1.68856295204e-05,[[-0.00162138  0.00138943 -0.000184    0.00399209  0.00799363]],0.0,0.0,0.0
2014-04-02 15:15:00,0.0,0,1.62374635693e-05,1.62374635693e-05,[[-0.00172003  0.00125145 -0.00026076  0.00389192  0.00783885]],0.0,0.0,0.0
2014-04-02 15:20:00,0.0,0,1.56237565534e-05,1.56237565534e-05,[[-0.00180665  0.00112525 -0.00032898  0.00379624  0.00768563]],0.0,0.0,0.0
2014-04-02 15:25:00,0.0,0,1.50401992869e-05,1.50401992869e-05,[[-0.00188192  0.0010102  -0.00038913  0.00370485  0.00753403]],0.0,0.0,0.0
2014-04-02 15:30:00,0.0,0,1.4483567611e-05,1.4483567611e-05,[[-0.00194643  0.00090576 -0.00044163  0.00361758  0.00738423]],0.0,0.0,0.0
2014-04-02 15:35:00,0.0,0,1.39507710628e-05,1.39507710628e-05,[[-0.00200082  0.00081135 -0.00048698  0.00353426  0.00723631]],0.0,0.0,0.0
2014-04-02 15:40:00,0.0,0,1.34393249027e-05,1.34393249027e-05,[[-0.0020457   0.00072641 -0.00052562  0.00345468  0.00709035]],0.0,0.0,0.0
2014-04-02 15:45:00,0.0,0,1.29472146e-05,1.29472146e-05,[[-0.00208171  0.00065032 -0.00055802  0.00337867  0.00694643]],0.0,0.0,0.0
2014-04-02 15:50:00,0.0,0,1.24727130242e-05,1.24727130242e-05,[[-0.00210943  0.00058253 -0.00058459  0.00330604  0.00680462]],0.0,0.0,0.0
2014-04-02 15:55:00,0.0,0,1.20145477922e-05,1.20145477922e-05,[[-0.00212945  0.00052254 -0.00060577  0.00323663  0.00666501]],0.0,0.0,0.0
2014-04-02 16:00:00,0.0,0,1.15714847198e-05,1.15714847198e-05,[[-0.00214236  0.00046976 -0.00062197  0.00317025  0.00652761]],0.0,0.0,0.0
2014-04-02 16:05:00,0.0,0,1.11426943477e-05,1.11426943477e-05,[[-0.00214872  0.00042368 -0.00063359  0.00310674  0.00639247]],0.0,0.0,0.0
2014-04-02 16:10:00,0.0,0,1.07275163828e-05,1.07275163828e-05,[[-0.00214905  0.00038383 -0.00064101  0.00304594  0.00625965]],0.0,0.0,0.0
2014-04-02 16:15:00,0.0,0,1.03253469206e-05,1.03253469206e-05,[[-0.00214389  0.00034968 -0.00064461  0.00298768  0.00612915]],0.0,0.0,0.0
2014-04-02 16:20:00,0.0,0,9.93580579234e-06,9.93580579234e-06,[[-0.00213368  0.00032082 -0.00064471  0.00293185  0.00600101]],0.0,0.0,0.0
2014-04-02 16:25:00,0.0,0,9.55844461714e-06,9.55844461714e-06,[[-0.00211899  0.00029673 -0.00064169  0.00287823  0.00587521]],0.0,0.0,0.0
2014-04-02 16:30:00,0.0,0,9.19314516068e-06,9.19314516068e-06,[[-0.00210021  0.00027704 -0.00063585  0.00282674  0.00575181]],0.0,0.0,0.0
2014-04-02 16:35:00,0.0,0,8.83953998709e-06,8.83953998709e-06,[[-0.00207778  0.0002613  -0.0006275   0.00277723  0.00563076]],0.0,0.0,0.0
2014-04-02 16:40:00,0.0,0,8.49746265885e-06,8.49746265885e-06,[[-0.00205214  0.00024914 -0.00061692  0.00272956  0.00551207]],0.0,0.0,0.0
2014-04-02 16:45:00,0.0,0,8.16679403215e-06,8.16679403215e-06,[[-0.00202365  0.00024021 -0.00060439  0.0026836   0.00539575]],0.0,0.0,0.0
2014-04-02 16:50:00,0.0,0,7.84724761616e-06,7.84724761616e-06,[[-0.00199272  0.0002341  -0.00059018  0.00263924  0.00528172]],0.0,0.0,0.0
2014-04-02 16:55:00,0.0,0,7.53876793169e-06,7.53876793169e-06,[[-0.00195962  0.00023056 -0.00057448  0.00259637  0.00517005]],0.0,0.0,0.0
2014-04-02 17:00:00,0.0,0,7.2411758083e-06,7.2411758083e-06,[[-0.00192472  0.00022924 -0.00055756  0.00255491  0.00506067]],0.0,0.0,0.0
2014-04-02 17:05:00,0.0,0,6.9542293204e-06,6.9542293204e-06,[[-0.00188833  0.00022987 -0.00053962  0.00251471  0.00495354]],0.0,0.0,0.0
2014-04-02 17:10:00,0.0,0,6.67776203045e-06,6.67776203045e-06,[[-0.0018507   0.00023217 -0.00052082  0.00247571  0.00484865]],0.0,0.0,0.0
2014-04-02 17:15:00,0.0,0,6.41159294901e-06,6.41159294901e-06,[[-0.00181212  0.0002359  -0.00050136  0.00243782  0.00474597]],0.0,0.0,0.0
2014-04-02 17:20:00,0.0,0,6.15550970906e-06,6.15550970906e-06,[[-0.00177281  0.00024081 -0.00048143  0.00240095  0.00464547]],0.0,0.0,0.0
2014-04-02 17:25:00,0.0,0,5.9092817537e-06,5.9092817537e-06,[[-0.00173298  0.00024673 -0.00046113  0.00236505  0.00454711]],0.0,0.0,0.0
2014-04-02 17:30:00,0.0,0,5.67264305573e-06,5.67264305573e-06,[[-0.00169286  0.00025343 -0.00044063  0.00233001  0.00445086]],0.0,0.0,0.0
2014-04-02 17:35:00,0.0,0,5.44533622815e-06,5.44533622815e-06,[[-0.0016526   0.00026074 -0.00042004  0.00229578  0.00435667]],0.0,0.0,0.0
2014-04-02 17:40:00,1.0,0,5.22712934981e-06,5.22712934981e-06,[[-0.00161239  0.00026851 -0.00039949  0.00226232  0.00426451]],0.0,0.0,0.0
2014-04-02 17:45:00,0.0,0,0.198335275054,0.198335275054,[[-0.00157238  0.00027659 -0.00037905  0.00222956  0.00417434]],0.0,0.0,0.0
2014-04-02 17:50:00,0.0,0,0.199076443911,0.199076443911,[[-0.00154991  0.00032187 -0.00038314  0.00232808  0.00550185]],0.0,0.0,0.0
2014-04-02 17:55:00,0.0,0,0.200022891164,0.200022891164,"[[ -1.01988018e-03   8.65548849e-04  -2.63452530e-05   3.66821885e-03
    6.81614876e-03]]",0.0,0.0,0.0
2014-04-02 18:00:00,0.0,0,0.199080184102,0.199080184102,[[ 0.00050591  0.00234997  0.00211515  0.00518245  0.00798196]],0.0,0.0,0.0
2014-04-02 18:05:00,0.0,0,0.198861807585,0.198861807585,[[ 0.00294372  0.00584827  0.00478125  0.00689405  0.0091231 ]],0.0,0.0,0.0
2014-04-02 18:10:00,1.0,0,0.125601798296,0.125601798296,[[ 0.34123242  0.32569078  0.34069991  0.36308488  0.39697343]],0.0,0.0,0.0
2014-04-02 18:15:00,0.0,0,0.152846887708,0.152846887708,[[ 0.14206308  0.13367373  0.15160942  0.16576222  0.17797735]],0.0,0.0,0.0
2014-04-02 18:20:00,0.0,0,0.167662456632,0.167662456632,[[ 0.0844999   0.0747543   0.09699338  0.10181156  0.09712671]],0.0,0.0,0.0
2014-04-02 18:25:00,0.0,0,0.178527578712,0.178527578712,[[ 0.04765688  0.03850382  0.0602796   0.06052616  0.04632899]],0.0,0.0,0.0
2014-04-02 18:30:00,0.0,0,0.192988425493,0.192988425493,[[ 0.02775861  0.01980113  0.04056945  0.03732222  0.01851695]],0.0,0.0,0.0
2014-04-02 18:35:00,0.0,0,0.193280905485,0.193280905485,[[ 0.01780391  0.01262897  0.03009163  0.02481152  0.00383577]],0.0,0.0,0.0
2014-04-02 18:40:00,0.0,0,0.085316516459,0.085316516459,[[ 0.28211698  0.26979423  0.28291702  0.30264997  0.32025716]],0.0,0.0,0.0
2014-04-02 18:45:00,0.0,0,0.0165062323213,0.0165062323213,[[ 0.11929231  0.11200481  0.1309514   0.14125192  0.13658351]],0.0,0.0,0.0
2014-04-02 18:50:00,0.0,0,0.00572593789548,0.00572593789548,[[ 0.07167809  0.06329946  0.08458091  0.08644766  0.06969927]],0.0,0.0,0.0
2014-04-02 18:55:00,0.0,0,0.00191575067583,0.00191575067583,[[ 0.04304765  0.03481401  0.05517221  0.05143536  0.02870662]],0.0,0.0,0.0
2014-04-02 19:00:00,0.0,0,0.000743884418625,0.000743884418625,[[ 0.02818977  0.02055199  0.03860698  0.03127546  0.00580697]],0.0,0.0,0.0
2014-04-02 19:05:00,0.0,0,0.000380370940547,0.000380370940547,[[ 0.02057491  0.01378865  0.02920685  0.01981737 -0.00652935]],0.0,0.0,0.0
2014-04-02 19:10:00,0.0,0,0.000257538195001,0.000257538195001,[[ 0.01691137  0.01102842  0.02366578  0.0134344  -0.01181179]],0.0,0.0,0.0
2014-04-02 19:15:00,0.0,0,0.000205719916266,0.000205719916266,[[ 0.01548141  0.01050594  0.0203796   0.0101385  -0.01266623]],0.0,0.0,0.0
2014-04-02 19:20:00,0.0,0,0.000180949937203,0.000180949937203,[[ 0.01531833  0.01123157  0.01851378  0.00870549 -0.01119843]],0.0,0.0,0.0
2014-04-02 19:25:00,0.0,0,0.000172183761606,0.000172183761606,[[ 0.01582775  0.01258818  0.01752938  0.00835826 -0.00864866]],0.0,0.0,0.0
2014-04-02 19:30:00,0.0,0,0.000172387401108,0.000172387401108,[[ 0.01647806  0.01404428  0.01695585  0.00858473 -0.00565422]],0.0,0.0,0.0
2014-04-02 19:35:00,0.0,0,0.000179166876478,0.000179166876478,[[ 0.01710857  0.01541805  0.01660816  0.00908922 -0.00264006]],0.0,0.0,0.0
2014-04-02 19:40:00,0.0,0,0.000190376318642,0.000190376318642,[[ 0.01767091  0.01664131  0.01639274  0.00969242  0.00014957]],0.0,0.0,0.0
2014-04-02 19:45:00,0.0,0,0.000203739153221,0.000203739153221,[[ 0.01814236  0.01768444  0.01625002  0.01029357  0.00260588]],0.0,0.0,0.0
2014-04-02 19:50:00,0.0,0,0.00021875409584,0.00021875409584,[[ 0.01855929  0.01855117  0.01628667  0.01091383  0.00456177]],0.0,0.0,0.0
2014-04-02 19:55:00,0.0,0,0.000229445489822,0.000229445489822,[[ 0.01880027  0.01917104  0.01612722  0.01129358  0.00621421]],0.0,0.0,0.0
2014-04-02 20:00:00,0.0,0,0.000238519671257,0.000238519671257,[[ 0.01896609  0.01964245  0.01598049  0.01159856  0.00756024]],0.0,0.0,0.0
2014-04-02 20:05:00,0.0,0,0.000245644536335,0.000245644536335,[[ 0.01906717  0.01998462  0.01584022  0.01182788  0.00862956]],0.0,0.0,0.0
2014-04-02 20:10:00,0.0,0,0.000250580225838,0.000250580225838,[[ 0.01911009  0.02021032  0.01569614  0.01197983  0.00945324]],0.0,0.0,0.0
2014-04-02 20:15:00,0.0,0,0.000253695296124,0.000253695296124,[[ 0.01911014  0.02034806  0.01555064  0.01207174  0.01008398]],0.0,0.0,0.0
2014-04-02 20:20:00,0.0,0,0.00029359079781,0.00029359079781,[[ 0.01957754  0.02174728  0.01564662  0.01344894  0.01363962]],0.0,0.0,0.0
2014-04-02 20:25:00,0.0,0,0.000285808200715,0.000285808200715,[[ 0.01939941  0.0214796   0.01544158  0.01318694  0.01337882]],0.0,0.0,0.0
2014-04-02 20:30:00,0.0,0,0.000277704501059,0.000277704501059,[[ 0.01920599  0.02119339  0.01522998  0.01291692  0.01310318]],0.0,0.0,0.0
2014-04-02 20:35:00,0.0,0,0.000269354786724,0.000269354786724,[[ 0.01899908  0.02089103  0.01501273  0.01264019  0.01281473]],0.0,0.0,0.0
2014-04-02 20:40:00,0.0,0,0.000260828470346,0.000260828470346,[[ 0.01878037  0.02057469  0.01479077  0.01235799  0.01251543]],0.0,0.0,0.0
2014-04-02 20:45:00,0.0,0,0.000252187834121,0.000252187834121,[[ 0.01855135  0.02024643  0.01456491  0.01207145  0.01220705]],0.0,0.0,0.0
2014-04-02 20:50:00,0.0,0,0.000243487695116,0.000243487695116,[[ 0.01831346  0.01990806  0.01433592  0.01178156  0.01189121]],0.0,0.0,0.0
2014-04-02 20:55:00,0.0,0,0.000234776030993,0.000234776030993,[[ 0.01806793  0.01956123  0.01410447  0.01148926  0.01156933]],0.0,0.0,0.0
2014-04-02 21:00:00,0.0,0,0.000226096133702,0.000226096133702,[[ 0.01781592  0.01920747  0.01387118  0.01119539  0.01124279]],0.0,0.0,0.0
2014-04-02 21:05:00,0.0,0,0.000217484775931,0.000217484775931,[[ 0.01755846  0.01884814  0.0136366   0.01090074  0.01091278]],0.0,0.0,0.0
2014-04-02 21:10:00,0.0,0,0.000208973113331,0.000208973113331,[[ 0.0172965   0.01848446  0.01340123  0.0106059   0.01058033]],0.0,0.0,0.0
2014-04-02 21:15:00,0.0,0,0.000200589958695,0.000200589958695,[[ 0.01703092  0.01811758  0.01316554  0.01031157  0.0102465 ]],0.0,0.0,0.0
2014-04-02 21:20:00,0.0,0,0.000192360050278,0.000192360050278,[[ 0.01676252  0.01774859  0.01292999  0.01001839  0.00991225]],0.0,0.0,0.0
2014-04-02 21:25:00,0.0,0,0.000184302800335,0.000184302800335,[[ 0.016492    0.0173784   0.01269495  0.00972684  0.0095784 ]],0.0,0.0,0.0
2014-04-02 21:30:00,0.0,0,0.000176435161848,0.000176435161848,[[ 0.01622003  0.01700788  0.01246075  0.00943743  0.00924571]],0.0,0.0,0.0
2014-04-02 21:35:00,0.0,0,0.000168771060999,0.000168771060999,[[ 0.01594718  0.01663783  0.01222773  0.00915057  0.00891488]],0.0,0.0,0.0
2014-04-02 21:40:00,0.0,0,0.000161321295309,0.000161321295309,[[ 0.015674    0.01626894  0.01199617  0.00886667  0.0085865 ]],0.0,0.0,0.0
2014-04-02 21:45:00,0.0,0,0.000154093606398,0.000154093606398,[[ 0.01540093  0.0159018   0.0117663   0.00858603  0.00826112]],0.0,0.0,0.0
2014-04-02 21:50:00,0.0,0,0.000147095473949,0.000147095473949,[[ 0.01512848  0.01553705  0.01153839  0.00830902  0.0079393 ]],0.0,0.0,0.0
2014-04-02 21:55:00,0.0,0,0.000140329633723,0.000140329633723,[[ 0.01485696  0.0151751   0.01131259  0.00803586  0.00762139]],0.0,0.0,0.0
2014-04-02 22:00:00,0.0,0,0.000133800698677,0.000133800698677,[[ 0.01458681  0.01481653  0.01108916  0.00776687  0.00730788]],0.0,0.0,0.0
2014-04-02 22:05:00,0.0,0,0.000127507693833,0.000127507693833,[[ 0.01431827  0.01446164  0.01086819  0.00750215  0.00699904]],0.0,0.0,0.0
2014-04-02 22:10:00,0.0,0,0.000121452045278,0.000121452045278,[[ 0.0140517   0.01411089  0.01064988  0.00724201  0.00669524]],0.0,0.0,0.0
2014-04-02 22:15:00,0.0,0,0.000115631359222,0.000115631359222,[[ 0.0137873   0.01376452  0.01043432  0.00698655  0.00639674]],0.0,0.0,0.0
2014-04-02 22:20:00,0.0,0,0.000110043285531,0.000110043285531,[[ 0.01352532  0.01342283  0.01022162  0.00673591  0.00610375]],0.0,0.0,0.0
2014-04-02 22:25:00,0.0,0,0.000104684746475,0.000104684746475,[[ 0.01326596  0.01308609  0.0100119   0.00649021  0.00581648]],0.0,0.0,0.0
2014-04-02 22:30:00,0.0,0,9.9551070889e-05,9.9551070889e-05,[[ 0.01300938  0.01275445  0.00980521  0.0062495   0.00553506]],0.0,0.0,0.0
2014-04-02 22:35:00,0.0,0,9.46386135183e-05,9.46386135183e-05,[[ 0.01275579  0.01242816  0.00960165  0.00601394  0.00525971]],0.0,0.0,0.0
2014-04-02 22:40:00,0.0,0,8.99416190805e-05,8.99416190805e-05,[[ 0.01250527  0.01210736  0.00940126  0.00578355  0.0049905 ]],0.0,0.0,0.0
2014-04-02 22:45:00,0.0,0,8.54554964462e-05,8.54554964462e-05,[[ 0.01225801  0.01179223  0.00920413  0.00555841  0.00472759]],0.0,0.0,0.0
2014-04-02 22:50:00,0.0,0,8.11738646007e-05,8.11738646007e-05,[[ 0.01201408  0.01148285  0.00901027  0.00533857  0.00447103]],0.0,0.0,0.0
2014-04-02 22:55:00,0.0,0,7.7090531704e-05,7.7090531704e-05,[[ 0.01177356  0.01117931  0.00881972  0.00512402  0.00422089]],0.0,0.0,0.0
2014-04-02 23:00:00,0.0,0,7.31994005037e-05,7.31994005037e-05,[[ 0.01153656  0.0108817   0.0086325   0.00491478  0.0039772 ]],0.0,0.0,0.0
2014-04-02 23:05:00,0.0,0,6.94937407388e-05,6.94937407388e-05,[[ 0.01130312  0.01059005  0.00844862  0.00471086  0.00373999]],0.0,0.0,0.0
2014-04-02 23:10:00,0.0,0,6.59673314658e-05,6.59673314658e-05,[[ 0.01107331  0.01030444  0.00826812  0.00451226  0.00350926]],0.0,0.0,0.0
2014-04-02 23:15:00,0.0,0,6.26133478363e-05,6.26133478363e-05,[[ 0.01084715  0.01002485  0.00809098  0.00431892  0.00328501]],0.0,0.0,0.0
2014-04-02 23:20:00,0.0,0,5.94254706812e-05,5.94254706812e-05,[[ 0.01062471  0.00975133  0.0079172   0.00413087  0.00306726]],0.0,0.0,0.0
2014-04-02 23:25:00,0.0,0,5.63968424103e-05,5.63968424103e-05,[[ 0.01040599  0.00948387  0.00774678  0.00394804  0.00285593]],0.0,0.0,0.0
2014-04-02 23:30:00,0.0,0,5.35211402166e-05,5.35211402166e-05,[[ 0.01019101  0.00922244  0.00757971  0.0037704   0.00265101]],0.0,0.0,0.0
2014-04-02 23:35:00,0.0,0,5.07920703967e-05,5.07920703967e-05,[[ 0.0099798   0.00896706  0.00741596  0.0035979   0.00245246]],0.0,0.0,0.0
2014-04-02 23:40:00,0.0,0,4.82033574372e-05,4.82033574372e-05,[[ 0.00977235  0.00871769  0.00725555  0.00343052  0.00226022]],0.0,0.0,0.0
2014-04-02 23:45:00,0.0,0,4.57482638012e-05,4.57482638012e-05,[[ 0.00956862  0.00847423  0.0070984   0.00326813  0.00207418]],0.0,0.0,0.0
2014-04-02 23:50:00,0.0,0,4.3421103328e-05,4.3421103328e-05,[[ 0.00936864  0.00823668  0.00694451  0.00311071  0.0018943 ]],0.0,0.0,0.0
2014-04-02 23:55:00,0.0,0,4.12161534769e-05,4.12161534769e-05,[[ 0.0091724   0.00800501  0.00679386  0.00295819  0.00172053]],0.0,0.0,0.0
2014-04-03 00:00:00,0.0,0,3.91273315472e-05,3.91273315472e-05,[[ 0.00897986  0.0077791   0.00664639  0.0028105   0.00155273]],0.0,0.0,0.0
2014-04-03 00:05:00,0.0,0,3.71494461433e-05,3.71494461433e-05,[[ 0.00879101  0.00755893  0.00650211  0.00266757  0.00139086]],0.0,0.0,0.0
2014-04-03 00:10:00,0.0,0,3.52768693119e-05,3.52768693119e-05,[[ 0.00860582  0.00734443  0.00636093  0.00252931  0.0012348 ]],0.0,0.0,0.0
2014-04-03 00:15:00,0.0,0,3.35045369866e-05,3.35045369866e-05,[[ 0.00842425  0.00713551  0.00622286  0.00239565  0.00108445]],0.0,0.0,0.0
2014-04-03 00:20:00,0.0,0,3.18274178426e-05,3.18274178426e-05,[[ 0.0082463   0.00693209  0.00608782  0.00226651  0.00093972]],0.0,0.0,0.0
2014-04-03 00:25:00,0.0,0,3.0240518754e-05,3.0240518754e-05,[[ 0.00807188  0.00673408  0.00595579  0.00214179  0.0008005 ]],0.0,0.0,0.0
2014-04-03 00:30:00,0.0,0,2.87394850602e-05,2.87394850602e-05,[[ 0.00790101  0.00654142  0.00582673  0.00202142  0.00066667]],0.0,0.0,0.0
2014-04-03 00:35:00,0.0,0,2.73196255876e-05,2.73196255876e-05,[[ 0.00773361  0.00635399  0.00570057  0.00190527  0.00053815]],0.0,0.0,0.0
2014-04-03 00:40:00,0.0,0,2.59768567048e-05,2.59768567048e-05,[[ 0.00756966  0.00617173  0.00557729  0.00179332  0.0004148 ]],0.0,0.0,0.0
2014-04-03 00:45:00,0.0,0,2.47070274781e-05,2.47070274781e-05,[[ 0.00740912  0.00599454  0.00545683  0.00168543  0.00029653]],0.0,0.0,0.0
2014-04-03 00:50:00,0.0,0,2.35061415879e-05,2.35061415879e-05,[[ 0.0072519   0.00582231  0.00533915  0.00158152  0.0001832 ]],0.0,0.0,0.0
2014-04-03 00:55:00,0.0,0,2.23704664677e-05,2.23704664677e-05,"[[  7.09798932e-03   5.65493107e-03   5.22419810e-03   1.48148835e-03
    7.47069716e-05]]",0.0,0.0,0.0
2014-04-03 01:00:00,0.0,0,2.12965715036e-05,2.12965715036e-05,"[[  6.94733858e-03   5.49234450e-03   5.11191785e-03   1.38526410e-03
   -2.90796161e-05]]",0.0,0.0,0.0
2014-04-03 01:05:00,0.0,0,2.02808696486e-05,2.02808696486e-05,[[ 0.00679987  0.00533441  0.00500226  0.00129274 -0.00012828]],0.0,0.0,0.0
2014-04-03 01:10:00,0.0,0,1.93203923118e-05,1.93203923118e-05,[[ 0.00665557  0.00518107  0.0048952   0.00120384 -0.00022297]],0.0,0.0,0.0
2014-04-03 01:15:00,0.0,0,1.8411930796e-05,1.8411930796e-05,[[ 0.00651438  0.0050322   0.00479066  0.00111844 -0.0003133 ]],0.0,0.0,0.0
2014-04-03 01:20:00,0.0,0,1.75525165105e-05,1.75525165105e-05,[[ 0.00637621  0.0048877   0.00468861  0.00103649 -0.0003994 ]],0.0,0.0,0.0
2014-04-03 01:25:00,0.0,0,1.6739446437e-05,1.6739446437e-05,[[ 0.00624105  0.00474748  0.00458898  0.00095786 -0.00048136]],0.0,0.0,0.0
2014-04-03 01:30:00,0.0,0,1.59701739904e-05,1.59701739904e-05,[[ 0.00610884  0.00461145  0.00449175  0.00088249 -0.0005593 ]],0.0,0.0,0.0
2014-04-03 01:35:00,0.0,0,1.52420416271e-05,1.52420416271e-05,[[ 0.00597952  0.00447948  0.00439683  0.00081027 -0.00063336]],0.0,0.0,0.0
2014-04-03 01:40:00,0.0,0,1.45527328641e-05,1.45527328641e-05,[[ 0.00585302  0.00435148  0.00430419  0.00074112 -0.00070363]],0.0,0.0,0.0
2014-04-03 01:45:00,0.0,0,1.39000676427e-05,1.39000676427e-05,[[ 0.0057293   0.00422736  0.0042138   0.00067494 -0.00077025]],0.0,0.0,0.0
2014-04-03 01:50:00,0.0,0,1.3282027794e-05,1.3282027794e-05,[[ 0.00560834  0.00410704  0.00412557  0.00061167 -0.00083327]],0.0,0.0,0.0
2014-04-03 01:55:00,0.0,0,1.26963441289e-05,1.26963441289e-05,[[ 0.00549001  0.00399038  0.00403947  0.00055116 -0.0008929 ]],0.0,0.0,0.0
2014-04-03 02:00:00,1.0,0,1.21414241221e-05,1.21414241221e-05,[[ 0.00537433  0.00387731  0.00395547  0.00049339 -0.00094917]],0.0,0.0,0.0
2014-04-03 02:05:00,0.0,0,0.200412482023,0.200412482023,[[ 0.00526122  0.00376774  0.0038735   0.00043824 -0.00100222]],0.0,0.0,0.0
2014-04-03 02:10:00,0.0,0,0.199649021029,0.199649021029,[[ 0.00532429  0.00415855  0.00401094  0.00090897  0.0006836 ]],0.0,0.0,0.0
2014-04-03 02:15:00,0.0,0,0.198299571872,0.198299571872,[[ 0.0054857   0.00486686  0.00429452  0.00275367  0.00267467]],0.0,0.0,0.0
2014-04-03 02:20:00,0.0,0,0.197755068541,0.197755068541,[[ 0.0057507   0.00568248  0.00571186  0.00455411  0.00464248]],0.0,0.0,0.0
2014-04-03 02:25:00,0.0,0,0.197583690286,0.197583690286,[[ 0.00616061  0.0078638   0.00715551  0.0064906   0.00682154]],0.0,0.0,0.0
2014-04-03 02:30:00,1.0,0,0.102356299758,0.102356299758,[[ 0.30084735  0.29007176  0.30365866  0.33091307  0.36799279]],0.0,0.0,0.0
2014-04-03 02:35:00,0.0,0,0.152117222548,0.152117222548,[[ 0.12534074  0.11958968  0.13637432  0.15387455  0.17036222]],0.0,0.0,0.0
2014-04-03 02:40:00,0.0,0,0.169398918748,0.169398918748,[[ 0.07245964  0.06471195  0.08601829  0.09362688  0.09297925]],0.0,0.0,0.0
2014-04-03 02:45:00,0.0,0,0.180901512504,0.180901512504,[[ 0.03947506  0.03170369  0.05297717  0.05549531  0.04485844]],0.0,0.0,0.0
2014-04-03 02:50:00,0.0,0,0.194553524256,0.194553524256,[[ 0.02247328  0.01537045  0.03586202  0.03407199  0.01789326]],0.0,0.0,0.0
2014-04-03 02:55:00,0.0,0,0.194595307112,0.194595307112,[[ 0.01428676  0.00959443  0.02699681  0.02263454  0.00358095]],0.0,0.0,0.0
2014-04-03 03:00:00,0.0,0,0.067524984479,0.067524984479,[[ 0.24170616  0.2343781   0.24659468  0.27388307  0.29740384]],0.0,0.0,0.0
2014-04-03 03:05:00,0.0,0,0.0133728533983,0.0133728533983,[[ 0.1006954   0.09651451  0.11433357  0.13009977  0.13195278]],0.0,0.0,0.0
2014-04-03 03:10:00,0.0,0,0.00451758876443,0.00451758876443,[[ 0.05872225  0.0528349   0.07321576  0.07954083  0.06827021]],0.0,0.0,0.0
2014-04-03 03:15:00,0.0,0,0.00146701466292,0.00146701466292,[[ 0.03414759  0.02785439  0.04763113  0.0475486   0.0293863 ]],0.0,0.0,0.0
2014-04-03 03:20:00,0.0,0,0.000546523486264,0.000546523486264,[[ 0.02170473  0.01561168  0.03337537  0.02911709  0.00748852]],0.0,0.0,0.0
2014-04-03 03:25:00,0.0,0,0.000266111746896,0.000266111746896,[[ 0.01528145  0.00980548  0.02520485  0.01864523 -0.00423784]],0.0,0.0,0.0
2014-04-03 03:30:00,0.0,0,0.000170807703398,0.000170807703398,[[ 0.01202961  0.00734232  0.02021537  0.01281783 -0.00908072]],0.0,0.0,0.0
2014-04-03 03:35:00,0.0,0,0.000128992745886,0.000128992745886,[[ 0.01064591  0.00681369  0.01715577  0.00983563 -0.00970268]],0.0,0.0,0.0
2014-04-03 03:40:00,0.0,0,0.000107611180283,0.000107611180283,[[ 0.010368    0.00740936  0.015363    0.00858971 -0.00811522]],0.0,0.0,0.0
2014-04-03 03:45:00,0.0,0,9.90630214801e-05,9.90630214801e-05,[[ 0.0107027   0.00859396  0.01437774  0.00835784 -0.00550804]],0.0,0.0,0.0
2014-04-03 03:50:00,0.0,0,0.000100811557786,0.000100811557786,[[ 0.01133984  0.01002613  0.01389191  0.00868292 -0.00256209]],0.0,0.0,0.0
2014-04-03 03:55:00,0.0,0,0.000110525405034,0.000110525405034,[[ 0.0120922   0.01149964  0.01370642  0.00928319  0.00034706]],0.0,0.0,0.0
2014-04-03 04:00:00,0.0,0,0.000125409147586,0.000125409147586,[[ 0.01284348  0.01288662  0.0136845   0.00998136  0.00302202]],0.0,0.0,0.0
2014-04-03 04:05:00,0.0,0,0.000142751348903,0.000142751348903,[[ 0.0135263   0.01411654  0.01373832  0.01067305  0.00537252]],0.0,0.0,0.0
2014-04-03 04:10:00,0.0,0,0.000160952477017,0.000160952477017,[[ 0.01413087  0.01514493  0.01394825  0.01136307  0.00721381]],0.0,0.0,0.0
2014-04-03 04:15:00,0.0,0,0.000174680637429,0.000174680637429,[[ 0.0145099   0.0158892   0.01391332  0.011803    0.00880387]],0.0,0.0,0.0
2014-04-03 04:20:00,0.0,0,0.000186217497685,0.000186217497685,[[ 0.01477718  0.01645365  0.0138588   0.01215645  0.01010714]],0.0,0.0,0.0
2014-04-03 04:25:00,0.0,0,0.000195182889001,0.000195182889001,[[ 0.01494028  0.01685547  0.01377769  0.01242375  0.01115442]],0.0,0.0,0.0
2014-04-03 04:30:00,0.0,0,0.000201418719371,0.000201418719371,[[ 0.0150071   0.01711003  0.0136629   0.01260749  0.0119793 ]],0.0,0.0,0.0
2014-04-03 04:35:00,0.0,0,0.000205313466722,0.000205313466722,[[ 0.01499657  0.01724782  0.01351928  0.01272421  0.01262959]],0.0,0.0,0.0
2014-04-03 04:40:00,0.0,0,0.000268400122877,0.000268400122877,[[ 0.01656147  0.01968767  0.01439425  0.01447714  0.0162275 ]],0.0,0.0,0.0
2014-04-03 04:45:00,0.0,0,0.000256761035416,0.000256761035416,[[ 0.01612952  0.01920524  0.01401378  0.01417942  0.01604246]],0.0,0.0,0.0
2014-04-03 04:50:00,0.0,0,0.000244686671067,0.000244686671067,[[ 0.01567008  0.01869096  0.01361703  0.01386622  0.01583775]],0.0,0.0,0.0
2014-04-03 04:55:00,0.0,0,0.00023234510445,0.00023234510445,[[ 0.01518783  0.01815011  0.01320703  0.01354016  0.01561625]],0.0,0.0,0.0
2014-04-03 05:00:00,0.0,0,0.00021987373475,0.00021987373475,[[ 0.01468671  0.01758706  0.01278634  0.01320335  0.01538005]],0.0,0.0,0.0
2014-04-03 05:05:00,0.0,0,0.000207398508792,0.000207398508792,[[ 0.01417046  0.01700602  0.01235743  0.01285785  0.01513127]],0.0,0.0,0.0
2014-04-03 05:10:00,0.0,0,0.000195019325474,0.000195019325474,[[ 0.01364218  0.01641048  0.01192231  0.0125053   0.01487143]],0.0,0.0,0.0
2014-04-03 05:15:00,0.0,0,0.000182831936399,0.000182831936399,[[ 0.01310505  0.01580397  0.01148307  0.01214749  0.01460239]],0.0,0.0,0.0
2014-04-03 05:20:00,0.0,0,0.000170919665834,0.000170919665834,[[ 0.01256207  0.01518989  0.01104168  0.01178607  0.01432585]],0.0,0.0,0.0
2014-04-03 05:25:00,0.0,0,0.000159347822773,0.000159347822773,[[ 0.01201583  0.01457116  0.01059986  0.01142245  0.01404318]],0.0,0.0,0.0
2014-04-03 05:30:00,0.0,0,0.000148171820911,0.000148171820911,[[ 0.01146875  0.0139505   0.01015922  0.011058    0.01375577]],0.0,0.0,0.0
2014-04-03 05:35:00,0.0,0,0.000137433715281,0.000137433715281,[[ 0.01092298  0.01333032  0.00972115  0.0106939   0.01346475]],0.0,0.0,0.0
2014-04-03 05:40:00,0.0,0,0.000127166626044,0.000127166626044,[[ 0.0103805   0.01271283  0.00928695  0.01033121  0.01317122]],0.0,0.0,0.0
2014-04-03 05:45:00,0.0,0,0.000117391617096,0.000117391617096,[[ 0.00984293  0.01209986  0.00885773  0.00997082  0.012876  ]],0.0,0.0,0.0
2014-04-03 05:50:00,0.0,0,0.00010812387336,0.00010812387336,[[ 0.0093118   0.01149315  0.00843446  0.0096136   0.01257997]],0.0,0.0,0.0
2014-04-03 05:55:00,0.0,0,9.93770518107e-05,9.93770518107e-05,[[ 0.00878876  0.0108946   0.00801824  0.00926053  0.01228417]],0.0,0.0,0.0
2014-04-03 06:00:00,0.0,0,9.11526367418e-05,9.11526367418e-05,[[ 0.00827505  0.01030559  0.00760989  0.00891226  0.01198928]],0.0,0.0,0.0
2014-04-03 06:05:00,0.0,0,8.34483798826e-05,8.34483798826e-05,[[ 0.0077718   0.00972743  0.00721017  0.00856947  0.01169597]],0.0,0.0,0.0
2014-04-03 06:10:00,0.0,0,7.62572453823e-05,7.62572453823e-05,[[ 0.00728004  0.00916129  0.00681973  0.00823274  0.01140487]],0.0,0.0,0.0
2014-04-03 06:15:00,0.0,0,6.95678318152e-05,6.95678318152e-05,[[ 0.00680065  0.00860816  0.00643916  0.00790258  0.01111649]],0.0,0.0,0.0
2014-04-03 06:20:00,0.0,0,6.33648087387e-05,6.33648087387e-05,[[ 0.00633431  0.00806884  0.00606889  0.00757936  0.01083126]],0.0,0.0,0.0
2014-04-03 06:25:00,0.0,0,5.76318634558e-05,5.76318634558e-05,[[ 0.00588171  0.00754414  0.00570938  0.00726352  0.01054964]],0.0,0.0,0.0
2014-04-03 06:30:00,0.0,0,5.23505041201e-05,5.23505041201e-05,[[ 0.00544346  0.00703476  0.00536101  0.00695542  0.01027206]],0.0,0.0,0.0
2014-04-03 06:35:00,0.0,0,4.74991466035e-05,4.74991466035e-05,[[ 0.00501991  0.00654116  0.00502402  0.00665528  0.0099988 ]],0.0,0.0,0.0
2014-04-03 06:40:00,0.0,0,4.30569125456e-05,4.30569125456e-05,[[ 0.00461151  0.00606387  0.00469869  0.00636342  0.00973022]],0.0,0.0,0.0
2014-04-03 06:45:00,0.0,0,3.90005516238e-05,3.90005516238e-05,[[ 0.00421851  0.00560319  0.00438516  0.00607998  0.00946654]],0.0,0.0,0.0
2014-04-03 06:50:00,0.0,0,3.53071336576e-05,3.53071336576e-05,[[ 0.00384111  0.0051594   0.00408357  0.00580511  0.009208  ]],0.0,0.0,0.0
2014-04-03 06:55:00,0.0,0,3.19531609421e-05,3.19531609421e-05,[[ 0.00347944  0.00473265  0.00379395  0.00553893  0.00895476]],0.0,0.0,0.0
2014-04-03 07:00:00,0.0,0,2.89160470857e-05,2.89160470857e-05,[[ 0.00313358  0.00432311  0.00351639  0.00528152  0.00870702]],0.0,0.0,0.0
2014-04-03 07:05:00,0.0,0,2.61712302745e-05,2.61712302745e-05,[[ 0.00280337  0.00393061  0.0032507   0.00503281  0.00846472]],0.0,0.0,0.0
2014-04-03 07:10:00,0.0,0,2.36982268689e-05,2.36982268689e-05,[[ 0.00248891  0.0035553   0.00299696  0.00479293  0.00822815]],0.0,0.0,0.0
2014-04-03 07:15:00,0.0,0,2.14754072658e-05,2.14754072658e-05,[[ 0.00219009  0.00319713  0.00275508  0.00456186  0.00799737]],0.0,0.0,0.0
2014-04-03 07:20:00,0.0,0,1.94816784642e-05,1.94816784642e-05,[[ 0.00190671  0.00285591  0.00252489  0.00433951  0.0077724 ]],0.0,0.0,0.0
2014-04-03 07:25:00,0.0,0,1.76977519004e-05,1.76977519004e-05,[[ 0.00163866  0.00253155  0.0023063   0.00412588  0.00755334]],0.0,0.0,0.0
2014-04-03 07:30:00,0.0,0,1.61044099514e-05,1.61044099514e-05,[[ 0.00138564  0.00222377  0.00209907  0.00392085  0.00734015]],0.0,0.0,0.0
2014-04-03 07:35:00,0.0,0,1.46838283399e-05,1.46838283399e-05,[[ 0.00114739  0.00193229  0.00190303  0.00372429  0.00713281]],0.0,0.0,0.0
2014-04-03 07:40:00,0.0,0,1.34194688144e-05,1.34194688144e-05,[[ 0.00092364  0.00165685  0.00171793  0.00353611  0.00693136]],0.0,0.0,0.0
2014-04-03 07:45:00,0.0,0,1.22955407278e-05,1.22955407278e-05,[[ 0.00071403  0.00139709  0.00154354  0.00335614  0.00673571]],0.0,0.0,0.0
2014-04-03 07:50:00,0.0,0,1.12974339572e-05,1.12974339572e-05,[[ 0.00051817  0.00115263  0.00137956  0.00318421  0.00654582]],0.0,0.0,0.0
2014-04-03 07:55:00,0.0,0,1.04118862509e-05,1.04118862509e-05,[[ 0.00033575  0.00092313  0.00122572  0.00302017  0.00636166]],0.0,0.0,0.0
2014-04-03 08:00:00,0.0,0,9.62632748269e-06,9.62632748269e-06,[[ 0.00016632  0.00070816  0.00108173  0.00286382  0.00618311]],0.0,0.0,0.0
2014-04-03 08:05:00,0.0,0,8.92939169717e-06,8.92939169717e-06,"[[  9.45478678e-06   5.07265329e-04   9.47289169e-04   2.71495432e-03
    6.01009279e-03]]",0.0,0.0,0.0
2014-04-03 08:10:00,0.0,0,8.31075158203e-06,8.31075158203e-06,[[-0.00013525  0.00031999  0.00082205  0.00257337  0.00584252]],0.0,0.0,0.0
2014-04-03 08:15:00,0.0,0,7.7610666267e-06,7.7610666267e-06,[[-0.00026824  0.00014593  0.00070573  0.00243888  0.00568031]],0.0,0.0,0.0
2014-04-03 08:20:00,0.0,0,7.27175347492e-06,7.27175347492e-06,"[[ -3.89978290e-04  -1.54525042e-05   5.97931445e-04   2.31123716e-03
    5.52332401e-03]]",0.0,0.0,0.0
2014-04-03 08:25:00,0.0,0,6.83526377543e-06,6.83526377543e-06,[[-0.00050091 -0.00016461  0.00049837  0.00219022  0.00537149]],0.0,0.0,0.0
2014-04-03 08:30:00,0.0,0,6.44458623356e-06,6.44458623356e-06,[[-0.00060153 -0.00030205  0.00040668  0.0020756   0.00522459]],0.0,0.0,0.0
2014-04-03 08:35:00,0.0,0,6.09385915595e-06,6.09385915595e-06,[[-0.00069225 -0.00042821  0.00032254  0.00196716  0.00508261]],0.0,0.0,0.0
2014-04-03 08:40:00,0.0,0,5.77753189646e-06,5.77753189646e-06,[[-0.00077359 -0.00054367  0.00024556  0.00186463  0.00494535]],0.0,0.0,0.0
2014-04-03 08:45:00,0.0,0,5.49093647351e-06,5.49093647351e-06,[[-0.00084597 -0.00064885  0.00017546  0.00176782  0.0048127 ]],0.0,0.0,0.0
2014-04-03 08:50:00,0.0,0,5.22997879671e-06,5.22997879671e-06,[[-0.00090986 -0.00074425  0.00011188  0.00167648  0.00468455]],0.0,0.0,0.0
2014-04-03 08:55:00,0.0,0,4.99094312545e-06,4.99094312545e-06,"[[ -9.65714455e-04  -8.30374658e-04   5.44711947e-05   1.59039348e-03
    4.56073135e-03]]",0.0,0.0,0.0
2014-04-03 09:00:00,0.0,0,4.77071625937e-06,4.77071625937e-06,"[[ -1.01400167e-03  -9.07704234e-04   2.89827585e-06   1.50929391e-03
    4.44111228e-03]]",0.0,0.0,0.0
2014-04-03 09:05:00,0.0,0,4.5665997277e-06,4.5665997277e-06,"[[ -1.05515867e-03  -9.76718962e-04  -4.31388617e-05   1.43296272e-03
    4.32555377e-03]]",0.0,0.0,0.0
2014-04-03 09:10:00,0.0,0,4.3763143367e-06,4.3763143367e-06,"[[ -1.08958781e-03  -1.03785098e-03  -8.39605927e-05   1.36119872e-03
    4.21394408e-03]]",0.0,0.0,0.0
2014-04-03 09:15:00,0.0,0,4.19788739237e-06,4.19788739237e-06,[[-0.0011177  -0.00109155 -0.00011988  0.00129378  0.00410615]],0.0,0.0,0.0
2014-04-03 09:20:00,0.0,0,4.02961541113e-06,4.02961541113e-06,[[-0.00113997 -0.00113834 -0.00015122  0.00123045  0.00400198]],0.0,0.0,0.0
2014-04-03 09:25:00,0.0,0,3.87015506931e-06,3.87015506931e-06,[[-0.00115674 -0.00117856 -0.00017826  0.00117103  0.00390136]],0.0,0.0,0.0
2014-04-03 09:30:00,0.0,0,3.71830765289e-06,3.71830765289e-06,[[-0.00116846 -0.00121272 -0.00020131  0.00111529  0.0038041 ]],0.0,0.0,0.0
2014-04-03 09:35:00,0.0,0,3.57322960554e-06,3.57322960554e-06,[[-0.00117542 -0.00124115 -0.00022059  0.00106306  0.00371017]],0.0,0.0,0.0
2014-04-03 09:40:00,0.0,0,3.43402030012e-06,3.43402030012e-06,[[-0.00117806 -0.0012643  -0.00023643  0.00101412  0.00361932]],0.0,0.0,0.0
2014-04-03 09:45:00,0.0,0,3.30011971528e-06,3.30011971528e-06,[[-0.00117669 -0.0012825  -0.00024906  0.00096828  0.00353152]],0.0,0.0,0.0
2014-04-03 09:50:00,0.0,0,3.17102899317e-06,3.17102899317e-06,[[-0.00117161 -0.00129613 -0.00025871  0.0009254   0.00344662]],0.0,0.0,0.0
2014-04-03 09:55:00,0.0,0,3.04631748804e-06,3.04631748804e-06,[[-0.00116321 -0.00130557 -0.00026565  0.00088525  0.00336449]],0.0,0.0,0.0
2014-04-03 10:00:00,0.0,0,2.92569461635e-06,2.92569461635e-06,[[-0.00115176 -0.00131112 -0.00027009  0.00084769  0.00328502]],0.0,0.0,0.0
2014-04-03 10:05:00,0.0,0,2.80892163573e-06,2.80892163573e-06,[[-0.00113755 -0.00131314 -0.00027224  0.00081255  0.0032081 ]],0.0,0.0,0.0
2014-04-03 10:10:00,0.0,0,2.69583642876e-06,2.69583642876e-06,[[-0.00112087 -0.0013119  -0.00027233  0.00077968  0.00313364]],0.0,0.0,0.0
2014-04-03 10:15:00,0.0,0,2.5862620987e-06,2.5862620987e-06,[[-0.00110198 -0.00130775 -0.00027055  0.0007489   0.00306149]],0.0,0.0,0.0
2014-04-03 10:20:00,1.0,0,2.48015567195e-06,2.48015567195e-06,[[-0.0010811  -0.00130086 -0.00026705  0.00072012  0.00299163]],0.0,0.0,0.0
2014-04-03 10:25:00,0.0,0,0.198832809925,0.198832809925,[[-0.00105852 -0.00129161 -0.00026206  0.00069315  0.00292388]],0.0,0.0,0.0
2014-04-03 10:30:00,0.0,0,0.199558794498,0.199558794498,"[[ -9.06765461e-04  -8.74973834e-04  -9.24766064e-05   1.11480057e-03
    4.54614311e-03]]",0.0,0.0,0.0
2014-04-03 10:35:00,0.0,0,0.199832633138,0.199832633138,[[-0.0003301   0.00013826  0.00044361  0.00297578  0.00641213]],0.0,0.0,0.0
2014-04-03 10:40:00,0.0,0,0.199273854494,0.199273854494,[[ 0.00099367  0.00186709  0.00256883  0.00498545  0.00821258]],0.0,0.0,0.0
2014-04-03 10:45:00,0.0,0,0.198796436191,0.198796436191,[[ 0.00312085  0.00555333  0.00517702  0.00730453  0.01015716]],0.0,0.0,0.0
2014-04-03 10:50:00,1.0,0,0.0831051021814,0.0831051021814,[[ 0.25901225  0.2540904   0.26677039  0.30334201  0.34740955]],0.0,0.0,0.0
2014-04-03 10:55:00,0.0,0,0.150800794363,0.150800794363,[[ 0.11064874  0.10823593  0.1229063   0.14522237  0.16702324]],0.0,0.0,0.0
2014-04-03 11:00:00,0.0,0,0.170455142856,0.170455142856,[[ 0.0661961   0.06085507  0.07911221  0.08937387  0.09323019]],0.0,0.0,0.0
2014-04-03 11:05:00,0.0,0,0.181827396154,0.181827396154,[[ 0.03824874  0.03223443  0.05057478  0.05468241  0.04729157]],0.0,0.0,0.0
2014-04-03 11:10:00,0.0,0,0.193690061569,0.193690061569,[[ 0.02339053  0.01768706  0.0355335   0.03508606  0.02170049]],0.0,0.0,0.0
2014-04-03 11:15:00,0.0,0,0.193782314658,0.193782314658,[[ 0.01648999  0.01287518  0.02790803  0.02468577  0.00810076]],0.0,0.0,0.0
2014-04-03 11:20:00,0.0,0,0.0566367320716,0.0566367320716,[[ 0.21241985  0.20977956  0.22049053  0.25466692  0.28387088]],0.0,0.0,0.0
2014-04-03 11:25:00,0.0,0,0.0122641818598,0.0122641818598,[[ 0.09279129  0.09135935  0.10646453  0.12550789  0.13144286]],0.0,0.0,0.0
2014-04-03 11:30:00,0.0,0,0.00448284391314,0.00448284391314,[[ 0.05764974  0.05374941  0.07097421  0.07888342  0.07029792]],0.0,0.0,0.0
2014-04-03 11:35:00,0.0,0,0.00167759379838,0.00167759379838,[[ 0.0373884   0.03250151  0.0489944   0.0494239   0.03302355]],0.0,0.0,0.0
2014-04-03 11:40:00,0.0,0,0.000747940619476,0.000747940619476,[[ 0.02705552  0.02200297  0.03656602  0.03230015  0.01196651]],0.0,0.0,0.0
2014-04-03 11:45:00,0.0,0,0.000432139117038,0.000432139117038,[[ 0.02196006  0.01724181  0.02954559  0.02253804  0.00051586]],0.0,0.0,0.0
2014-04-03 11:50:00,0.0,0,0.000316506047966,0.000316506047966,[[ 0.01965988  0.01549883  0.0253736   0.01711296 -0.00437404]],0.0,0.0,0.0
2014-04-03 11:55:00,0.0,0,0.000270981196081,0.000270981196081,[[ 0.01894479  0.01545471  0.02289397  0.0143574  -0.00518503]],0.0,0.0,0.0
2014-04-03 12:00:00,0.0,0,0.000258021987975,0.000258021987975,[[ 0.01916765  0.01639931  0.02153436  0.01323958 -0.00384172]],0.0,0.0,0.0
2014-04-03 12:05:00,0.0,0,0.000264856586,0.000264856586,[[ 0.01989869  0.01785199  0.02088779  0.01308119 -0.00148801]],0.0,0.0,0.0
2014-04-03 12:10:00,0.0,0,0.000284936075332,0.000284936075332,[[ 0.02085616  0.01949536  0.02067187  0.01344712  0.0012168 ]],0.0,0.0,0.0
2014-04-03 12:15:00,0.0,0,0.000313348718919,0.000313348718919,[[ 0.02186943  0.02113593  0.02070307  0.0140671   0.00390431]],0.0,0.0,0.0
2014-04-03 12:20:00,0.0,0,0.00034569442505,0.00034569442505,[[ 0.02283359  0.02265485  0.02085663  0.01477095  0.00637785]],0.0,0.0,0.0
2014-04-03 12:25:00,0.0,0,0.000377197080525,0.000377197080525,[[ 0.0236408   0.02394531  0.02101749  0.0154487   0.00856289]],0.0,0.0,0.0
2014-04-03 12:30:00,0.0,0,0.000406079867389,0.000406079867389,[[ 0.02429733  0.0249678   0.02128052  0.01609565  0.01023316]],0.0,0.0,0.0
2014-04-03 12:35:00,0.0,0,0.000425516220275,0.000425516220275,[[ 0.02465928  0.02566165  0.02124612  0.01649635  0.01172405]],0.0,0.0,0.0
2014-04-03 12:40:00,0.0,0,0.000440512259956,0.000440512259956,[[ 0.0248932   0.02616526  0.02117857  0.01680584  0.01293448]],0.0,0.0,0.0
2014-04-03 12:45:00,0.0,0,0.000451657921076,0.000451657921076,[[ 0.02503827  0.02652287  0.02109355  0.01703246  0.01388776]],0.0,0.0,0.0
2014-04-03 12:50:00,0.0,0,0.000459210306872,0.000459210306872,[[ 0.02511165  0.02675807  0.02099112  0.01718147  0.01461615]],0.0,0.0,0.0
2014-04-03 12:55:00,0.0,0,0.000463588687126,0.000463588687126,[[ 0.02512193  0.02689127  0.02086883  0.01726636  0.0151676 ]],0.0,0.0,0.0
2014-04-03 13:00:00,0.0,0,0.000520676490851,0.000520676490851,[[ 0.025677    0.02834931  0.02104063  0.01870159  0.01865297]],0.0,0.0,0.0
2014-04-03 13:05:00,0.0,0,0.000508592929691,0.000508592929691,[[ 0.02542772  0.02802192  0.02078485  0.01846364  0.01839161]],0.0,0.0,0.0
2014-04-03 13:10:00,0.0,0,0.000495392712764,0.000495392712764,[[ 0.02513477  0.02764891  0.02049713  0.0182277   0.0181208 ]],0.0,0.0,0.0
2014-04-03 13:15:00,0.0,0,0.000481253344333,0.000481253344333,[[ 0.02480263  0.02723496  0.02018078  0.0179937   0.01784141]],0.0,0.0,0.0
2014-04-03 13:20:00,0.0,0,0.00046634543105,0.00046634543105,[[ 0.0244355   0.02678448  0.01983888  0.01776181  0.01755454]],0.0,0.0,0.0
2014-04-03 13:25:00,0.0,0,0.000450830062618,0.000450830062618,[[ 0.02403732  0.02630168  0.01947442  0.01753208  0.01726128]],0.0,0.0,0.0
2014-04-03 13:30:00,0.0,0,0.000434860994574,0.000434860994574,[[ 0.0236119   0.02579068  0.01909024  0.01730461  0.01696281]],0.0,0.0,0.0
2014-04-03 13:35:00,0.0,0,0.000418567942688,0.000418567942688,[[ 0.02316261  0.02525496  0.01868889  0.01707926  0.01665965]],0.0,0.0,0.0
2014-04-03 13:40:00,0.0,0,0.000402090430725,0.000402090430725,[[ 0.02269306  0.02469853  0.01827313  0.01685609  0.01635313]],0.0,0.0,0.0
2014-04-03 13:45:00,0.0,0,0.000385533407098,0.000385533407098,[[ 0.02220614  0.02412433  0.01784515  0.01663496  0.01604368]],0.0,0.0,0.0
2014-04-03 13:50:00,0.0,0,0.000369007757399,0.000369007757399,[[ 0.0217049   0.02353576  0.01740728  0.0164159   0.01573242]],0.0,0.0,0.0
2014-04-03 13:55:00,0.0,0,0.00035258763819,0.00035258763819,[[ 0.02119171  0.02293506  0.01696131  0.0161986   0.01541922]],0.0,0.0,0.0
2014-04-03 14:00:00,0.0,0,0.000336365716066,0.000336365716066,[[ 0.02066919  0.02232528  0.01650928  0.01598325  0.01510543]],0.0,0.0,0.0
2014-04-03 14:05:00,0.0,0,0.000320404302329,0.000320404302329,[[ 0.02013953  0.02170864  0.01605286  0.01576962  0.01479122]],0.0,0.0,0.0
2014-04-03 14:10:00,0.0,0,0.000304752320517,0.000304752320517,[[ 0.0196046   0.02108696  0.01559346  0.01555746  0.01447655]],0.0,0.0,0.0
2014-04-03 14:15:00,0.0,0,0.000289467105176,0.000289467105176,[[ 0.01906634  0.02046248  0.01513261  0.01534688  0.01416242]],0.0,0.0,0.0
2014-04-03 14:20:00,0.0,0,0.000274587742751,0.000274587742751,[[ 0.01852646  0.01983697  0.01467159  0.01513777  0.01384906]],0.0,0.0,0.0
2014-04-03 14:25:00,0.0,0,0.000260145723587,0.000260145723587,[[ 0.01798646  0.01921199  0.01421157  0.01492998  0.01353671]],0.0,0.0,0.0
2014-04-03 14:30:00,0.0,0,0.000246158102527,0.000246158102527,[[ 0.01744762  0.01858866  0.01375353  0.0147232   0.013225  ]],0.0,0.0,0.0
2014-04-03 14:35:00,0.0,0,0.000232653372223,0.000232653372223,[[ 0.01691128  0.01796864  0.01329851  0.0145176   0.01291481]],0.0,0.0,0.0
2014-04-03 14:40:00,0.0,0,0.000219645182369,0.000219645182369,[[ 0.01637857  0.01735308  0.01284737  0.0143131   0.01260631]],0.0,0.0,0.0
2014-04-03 14:45:00,0.0,0,0.000207142904401,0.000207142904401,[[ 0.01585052  0.01674303  0.01240092  0.01410963  0.01229967]],0.0,0.0,0.0
2014-04-03 14:50:00,0.0,0,0.000195152388187,0.000195152388187,[[ 0.01532807  0.01613953  0.01195987  0.0139071   0.01199506]],0.0,0.0,0.0
2014-04-03 14:55:00,0.0,0,0.000183674521395,0.000183674521395,[[ 0.01481204  0.01554338  0.01152487  0.01370548  0.01169258]],0.0,0.0,0.0
2014-04-03 15:00:00,0.0,0,0.000172704676515,0.000172704676515,[[ 0.01430312  0.01495526  0.01109644  0.01350456  0.01139212]],0.0,0.0,0.0
2014-04-03 15:05:00,0.0,0,0.000162237876793,0.000162237876793,[[ 0.01380191  0.01437578  0.01067504  0.01330433  0.01109377]],0.0,0.0,0.0
2014-04-03 15:10:00,0.0,0,0.000152271590196,0.000152271590196,[[ 0.01330908  0.01380576  0.01026118  0.01310492  0.01079798]],0.0,0.0,0.0
2014-04-03 15:15:00,0.0,0,0.000142795775901,0.000142795775901,[[ 0.01282509  0.01324568  0.00985523  0.01290627  0.01050479]],0.0,0.0,0.0
2014-04-03 15:20:00,0.0,0,0.000133800174808,0.000133800174808,[[ 0.01235043  0.01269601  0.00945753  0.01270834  0.01021431]],0.0,0.0,0.0
2014-04-03 15:25:00,0.0,0,0.000125006074086,0.000125006074086,[[ 0.0118629   0.01213729  0.0090526   0.01250631  0.0099313 ]],0.0,0.0,0.0
2014-04-03 15:30:00,0.0,0,0.000116197021271,0.000116197021271,[[ 0.01134369  0.01155182  0.00862701  0.01229549  0.00965696]],0.0,0.0,0.0
2014-04-03 15:35:00,0.0,0,0.000107677689812,0.000107677689812,[[ 0.01081675  0.01096086  0.00819756  0.0120808   0.00938616]],0.0,0.0,0.0
2014-04-03 15:40:00,0.0,0,9.94910587906e-05,9.94910587906e-05,[[ 0.01028501  0.01036717  0.00776638  0.01186284  0.00911877]],0.0,0.0,0.0
2014-04-03 15:45:00,0.0,0,9.16705903364e-05,9.16705903364e-05,[[ 0.0097511   0.00977325  0.00733539  0.01164211  0.00885471]],0.0,0.0,0.0
2014-04-03 15:50:00,0.0,0,8.42457011458e-05,8.42457011458e-05,[[ 0.0092178   0.0091818   0.00690658  0.01141921  0.00859395]],0.0,0.0,0.0
2014-04-03 15:55:00,0.0,0,7.72350394982e-05,7.72350394982e-05,[[ 0.00868744  0.00859503  0.00648167  0.01119465  0.00833647]],0.0,0.0,0.0
2014-04-03 16:00:00,0.0,0,7.06536884536e-05,7.06536884536e-05,[[ 0.00816248  0.0080153   0.00606242  0.01096901  0.0080824 ]],0.0,0.0,0.0
2014-04-03 16:05:00,0.0,0,6.4500112785e-05,6.4500112785e-05,[[ 0.00764443  0.00744399  0.00564991  0.01074245  0.00783126]],0.0,0.0,0.0
2014-04-03 16:10:00,0.0,0,5.87808899581e-05,5.87808899581e-05,[[ 0.00713558  0.00688337  0.0052458   0.01051565  0.00758353]],0.0,0.0,0.0
2014-04-03 16:15:00,0.0,0,5.34923565283e-05,5.34923565283e-05,[[ 0.00663772  0.00633519  0.00485135  0.01028913  0.00733934]],0.0,0.0,0.0
2014-04-03 16:20:00,0.0,0,4.86224307679e-05,4.86224307679e-05,[[ 0.00615216  0.00580072  0.00446753  0.01006311  0.00709857]],0.0,0.0,0.0
2014-04-03 16:25:00,0.0,0,4.41588417743e-05,4.41588417743e-05,[[ 0.00568031  0.0052813   0.00409533  0.00983799  0.00686137]],0.0,0.0,0.0
2014-04-03 16:30:00,0.0,0,4.00863427785e-05,4.00863427785e-05,[[ 0.00522343  0.00477821  0.00373567  0.00961416  0.00662789]],0.0,0.0,0.0
2014-04-03 16:35:00,0.0,0,3.63866784028e-05,3.63866784028e-05,[[ 0.00478265  0.00429253  0.00338933  0.00939196  0.00639824]],0.0,0.0,0.0
2014-04-03 16:40:00,0.0,0,3.3039272239e-05,3.3039272239e-05,[[ 0.00435888  0.00382515  0.00305695  0.00917167  0.00617254]],0.0,0.0,0.0
2014-04-03 16:45:00,0.0,0,3.00220508507e-05,3.00220508507e-05,[[ 0.00395288  0.00337684  0.00273905  0.00895358  0.00595088]],0.0,0.0,0.0
2014-04-03 16:50:00,0.0,0,2.73103760264e-05,2.73103760264e-05,[[ 0.00356506  0.00294793  0.00243592  0.0087378   0.00573316]],0.0,0.0,0.0
2014-04-03 16:55:00,0.0,0,2.48819451372e-05,2.48819451372e-05,[[ 0.00319599  0.00253903  0.00214794  0.0085246   0.00551961]],0.0,0.0,0.0
2014-04-03 17:00:00,0.0,0,2.27140226343e-05,2.27140226343e-05,[[ 0.00284613  0.0021506   0.0018754   0.00831427  0.00531039]],0.0,0.0,0.0
2014-04-03 17:05:00,0.0,0,2.07833909371e-05,2.07833909371e-05,[[ 0.00251568  0.00178284  0.00161844  0.008107    0.00510558]],0.0,0.0,0.0
2014-04-03 17:10:00,0.0,0,1.9067319954e-05,1.9067319954e-05,[[ 0.00220478  0.00143588  0.00137708  0.00790291  0.00490525]],0.0,0.0,0.0
2014-04-03 17:15:00,0.0,0,1.75444311026e-05,1.75444311026e-05,[[ 0.00191343  0.00110974  0.00115132  0.00770223  0.00470951]],0.0,0.0,0.0
2014-04-03 17:20:00,0.0,0,1.61937095982e-05,1.61937095982e-05,[[ 0.00164155  0.00080433  0.00094105  0.00750502  0.0045184 ]],0.0,0.0,0.0
2014-04-03 17:25:00,0.0,0,1.49958405018e-05,1.49958405018e-05,[[ 0.00138894  0.00051942  0.00074608  0.00731145  0.00433201]],0.0,0.0,0.0
2014-04-03 17:30:00,0.0,0,1.39324311021e-05,1.39324311021e-05,[[ 0.0011553   0.00025475  0.00056613  0.00712156  0.00415035]],0.0,0.0,0.0
2014-04-03 17:35:00,0.0,0,1.2987043192e-05,1.2987043192e-05,"[[  9.40330327e-04   9.99122858e-06   4.00960445e-04   6.93550706e-03
    3.97352129e-03]]",0.0,0.0,0.0
2014-04-03 17:40:00,0.0,0,1.21440698422e-05,1.21440698422e-05,[[ 0.00074352 -0.00021535  0.00025013  0.0067533   0.00380151]],0.0,0.0,0.0
2014-04-03 17:45:00,0.0,0,1.13899614007e-05,1.13899614007e-05,[[ 0.00056447 -0.00042168  0.00011331  0.00657507  0.00363442]],0.0,0.0,0.0
2014-04-03 17:50:00,0.0,0,1.07120340544e-05,1.07120340544e-05,"[[  4.02532518e-04  -6.09636307e-04  -1.00284815e-05   6.40080869e-03
    3.47217917e-03]]",0.0,0.0,0.0
2014-04-03 17:55:00,0.0,0,1.00994438981e-05,1.00994438981e-05,[[ 0.00025714 -0.0007798  -0.00012031  0.00623059  0.00331485]],0.0,0.0,0.0
2014-04-03 18:00:00,0.0,0,9.54232200456e-06,9.54232200456e-06,[[ 0.00012758 -0.00093289 -0.00021817  0.00606438  0.0031624 ]],0.0,0.0,0.0
2014-04-03 18:05:00,0.0,0,9.03223281057e-06,9.03223281057e-06,"[[  1.31279230e-05  -1.06966496e-03  -3.04147601e-04   5.90217859e-03
    3.01472843e-03]]",0.0,0.0,0.0
2014-04-03 18:10:00,0.0,0,8.56214137457e-06,8.56214137457e-06,"[[ -8.68588686e-05  -1.19074434e-03  -3.78787518e-04   5.74401766e-03
    2.87194550e-03]]",0.0,0.0,0.0
2014-04-03 18:15:00,0.0,0,8.12592770671e-06,8.12592770671e-06,[[-0.00017316 -0.00129692 -0.00044266  0.00558992  0.00273396]],0.0,0.0,0.0
2014-04-03 18:20:00,0.0,0,7.71831491875e-06,7.71831491875e-06,[[-0.00024656 -0.001389   -0.00049645  0.00543979  0.00260071]],0.0,0.0,0.0
2014-04-03 18:25:00,0.0,0,7.33515025786e-06,7.33515025786e-06,[[-0.00030778 -0.00146771 -0.0005407   0.00529365  0.00247219]],0.0,0.0,0.0
2014-04-03 18:30:00,0.0,0,6.97293580743e-06,6.97293580743e-06,[[-0.00035767 -0.00153393 -0.00057608  0.00515145  0.0023483 ]],0.0,0.0,0.0
2014-04-03 18:35:00,0.0,0,6.62889578962e-06,6.62889578962e-06,[[-0.00039699 -0.00158844 -0.0006032   0.00501314  0.00222898]],0.0,0.0,0.0
2014-04-03 18:40:00,1.0,0,6.30082786302e-06,6.30082786302e-06,[[-0.00042652 -0.00163203 -0.00062266  0.00487867  0.00211413]],0.0,0.0,0.0
2014-04-03 18:45:00,0.0,0,0.199204519391,0.199204519391,[[-0.00044705 -0.00166552 -0.00063509  0.00474797  0.00200367]],0.0,0.0,0.0
2014-04-03 18:50:00,0.0,0,0.197949573398,0.197949573398,[[-0.00049406 -0.00144007 -0.00062611  0.0051475   0.00370634]],0.0,0.0,0.0
2014-04-03 18:55:00,0.0,0,0.200237080455,0.200237080455,[[-0.00047402 -0.00097156 -0.00055031  0.00711526  0.0057116 ]],0.0,0.0,0.0
2014-04-03 19:00:00,0.0,0,0.199722439051,0.199722439051,[[ 0.0008611   0.0007638   0.00166     0.00889961  0.00751416]],0.0,0.0,0.0
2014-04-03 19:05:00,0.0,0,0.198708444834,0.198708444834,[[ 0.00335851  0.00483134  0.00466439  0.01073734  0.00935632]],0.0,0.0,0.0
2014-04-03 19:10:00,1.0,0,0.0698840767145,0.0698840767145,[[ 0.22898887  0.22809222  0.23857185  0.28358552  0.32805663]],0.0,0.0,0.0
2014-04-03 19:15:00,0.0,0,0.151349082589,0.151349082589,[[ 0.09955046  0.09931882  0.11274973  0.1377887   0.16019489]],0.0,0.0,0.0
2014-04-03 19:20:00,0.0,0,0.171706408262,0.171706408262,[[ 0.06020731  0.05645215  0.07371955  0.08441554  0.08939186]],0.0,0.0,0.0
2014-04-03 19:25:00,0.0,0,0.182345181704,0.182345181704,[[ 0.03648643  0.03139433  0.04884546  0.05148013  0.04543062]],0.0,0.0,0.0
2014-04-03 19:30:00,0.0,0,0.193253055215,0.193253055215,[[ 0.0239755   0.01873831  0.03573632  0.03327387  0.02077736]],0.0,0.0,0.0
2014-04-03 19:35:00,0.0,0,0.193125158548,0.193125158548,[[ 0.01818868  0.01466047  0.02901645  0.02361885  0.0075848 ]],0.0,0.0,0.0
2014-04-03 19:40:00,0.0,0,0.0474934875965,0.0474934875965,[[ 0.18792152  0.18861456  0.19839633  0.23553427  0.26784325]],0.0,0.0,0.0
2014-04-03 19:45:00,0.0,0,0.0107244970277,0.0107244970277,[[ 0.0837422   0.08424351  0.09856926  0.11737813  0.12656713]],0.0,0.0,0.0
2014-04-03 19:50:00,0.0,0,0.00397756090388,0.00397756090388,[[ 0.05304977  0.05052848  0.06701915  0.07337126  0.06815784]],0.0,0.0,0.0
2014-04-03 19:55:00,0.0,0,0.0015366084408,0.0015366084408,[[ 0.03564034  0.03168239  0.04762278  0.04565667  0.03250499]],0.0,0.0,0.0
2014-04-03 20:00:00,0.0,0,0.000725884456187,0.000725884456187,[[ 0.02717542  0.02268422  0.03685783  0.02952962  0.01207671]],0.0,0.0,0.0
2014-04-03 20:05:00,0.0,0,0.000459777744254,0.000459777744254,[[ 0.02354733  0.01906323  0.03106716  0.0203798   0.00070744]],0.0,0.0,0.0
2014-04-03 20:10:00,0.0,0,0.000369263609173,0.000369263609173,[[ 0.02228788  0.01810011  0.02773627  0.01531748 -0.00424598]],0.0,0.0,0.0
2014-04-03 20:15:00,0.0,0,0.000338106707204,0.000338106707204,[[ 0.02220939  0.01851024  0.02578205  0.01277423 -0.00517226]],0.0,0.0,0.0
2014-04-03 20:20:00,0.0,0,0.000331591378199,0.000331591378199,[[ 0.02266577  0.01958144  0.02463967  0.01176834 -0.00389614]],0.0,0.0,0.0
2014-04-03 20:25:00,0.0,0,0.000339241320034,0.000339241320034,[[ 0.0233413   0.02092612  0.02399346  0.01163445 -0.00156251]],0.0,0.0,0.0
2014-04-03 20:30:00,0.0,0,0.000355929631041,0.000355929631041,[[ 0.02405471  0.02231047  0.02363655  0.01196782  0.00116032]],0.0,0.0,0.0
2014-04-03 20:35:00,0.0,0,0.000377965916414,0.000377965916414,[[ 0.02471585  0.02360836  0.02344477  0.01252242  0.00389015]],0.0,0.0,0.0
2014-04-03 20:40:00,0.0,0,0.000401750847232,0.000401750847232,[[ 0.02526472  0.02473915  0.02332363  0.01315736  0.00642765]],0.0,0.0,0.0
2014-04-03 20:45:00,0.0,0,0.000425138889113,0.000425138889113,[[ 0.02570444  0.02569078  0.02323998  0.01377669  0.00866409]],0.0,0.0,0.0
2014-04-03 20:50:00,0.0,0,0.000445928046247,0.000445928046247,[[ 0.02603683  0.02640331  0.02329103  0.01435088  0.01030386]],0.0,0.0,0.0
2014-04-03 20:55:00,0.0,0,0.000461723800981,0.000461723800981,[[ 0.02624413  0.02695832  0.0231582   0.01474407  0.01180778]],0.0,0.0,0.0
2014-04-03 21:00:00,0.0,0,0.000474220927572,0.000474220927572,[[ 0.02637062  0.02736886  0.02302344  0.01505944  0.01302978]],0.0,0.0,0.0
2014-04-03 21:05:00,0.0,0,0.000483426207211,0.000483426207211,[[ 0.02642997  0.02765606  0.02288489  0.01529919  0.01399811]],0.0,0.0,0.0
2014-04-03 21:10:00,0.0,0,0.000489180791192,0.000489180791192,[[ 0.02642838  0.02782967  0.02273442  0.01545939  0.01473457]],0.0,0.0,0.0
2014-04-03 21:15:00,0.0,0,0.000492152641527,0.000492152641527,[[ 0.02638007  0.02791647  0.02257432  0.01555887  0.01529207]],0.0,0.0,0.0
2014-04-03 21:20:00,0.0,0,0.000540041131899,0.000540041131899,[[ 0.02668933  0.02911066  0.02258179  0.01685654  0.01861115]],0.0,0.0,0.0
2014-04-03 21:25:00,0.0,0,0.000529527314939,0.000529527314939,[[ 0.02648427  0.02884188  0.02236716  0.01663433  0.01836777]],0.0,0.0,0.0
2014-04-03 21:30:00,0.0,0,0.000518269138411,0.000518269138411,[[ 0.02625836  0.02854837  0.0221404   0.01639847  0.01810323]],0.0,0.0,0.0
2014-04-03 21:35:00,0.0,0,0.000506395066623,0.000506395066623,[[ 0.026014    0.02823304  0.021903    0.01615068  0.01782013]],0.0,0.0,0.0
2014-04-03 21:40:00,0.0,0,0.000494019011967,0.000494019011967,[[ 0.02575327  0.02789844  0.02165627  0.01589248  0.01752073]],0.0,0.0,0.0
2014-04-03 21:45:00,0.0,0,0.000481247494463,0.000481247494463,[[ 0.02547816  0.02754702  0.02140146  0.01562534  0.01720723]],0.0,0.0,0.0
2014-04-03 21:50:00,0.0,0,0.000468175305286,0.000468175305286,[[ 0.02519049  0.02718095  0.02113969  0.01535057  0.01688151]],0.0,0.0,0.0
2014-04-03 21:55:00,0.0,0,0.000454887747765,0.000454887747765,[[ 0.02489183  0.02680224  0.02087196  0.01506937  0.01654541]],0.0,0.0,0.0
2014-04-03 22:00:00,0.0,0,0.000441461743321,0.000441461743321,[[ 0.02458371  0.02641273  0.02059922  0.01478282  0.01620054]],0.0,0.0,0.0
2014-04-03 22:05:00,0.0,0,0.000427965162089,0.000427965162089,[[ 0.02426747  0.02601406  0.02032231  0.01449194  0.01584841]],0.0,0.0,0.0
2014-04-03 22:10:00,0.0,0,0.000414458947489,0.000414458947489,[[ 0.02394435  0.02560776  0.020042    0.01419763  0.01549034]],0.0,0.0,0.0
2014-04-03 22:15:00,0.0,0,0.000400997378165,0.000400997378165,[[ 0.02361549  0.02519523  0.01975901  0.01390076  0.01512765]],0.0,0.0,0.0
2014-04-03 22:20:00,0.0,0,0.000387627922464,0.000387627922464,[[ 0.02328192  0.02477776  0.019474    0.01360211  0.01476146]],0.0,0.0,0.0
2014-04-03 22:25:00,0.0,0,0.000374390830984,0.000374390830984,[[ 0.02294454  0.02435644  0.01918752  0.01330234  0.0143928 ]],0.0,0.0,0.0
2014-04-03 22:30:00,0.0,0,0.000361322803656,0.000361322803656,[[ 0.02260423  0.02393237  0.01890013  0.01300212  0.01402263]],0.0,0.0,0.0
2014-04-03 22:35:00,0.0,0,0.000348454865161,0.000348454865161,[[ 0.02226177  0.02350652  0.01861232  0.01270203  0.0136518 ]],0.0,0.0,0.0
2014-04-03 22:40:00,0.0,0,0.00033581306343,0.00033581306343,[[ 0.02191783  0.02307972  0.01832452  0.01240257  0.01328112]],0.0,0.0,0.0
2014-04-03 22:45:00,0.0,0,0.00032341943006,0.00032341943006,[[ 0.02157307  0.02265277  0.01803713  0.01210424  0.01291128]],0.0,0.0,0.0
2014-04-03 22:50:00,0.0,0,0.000311293406412,0.000311293406412,[[ 0.02122808  0.02222639  0.01775052  0.01180749  0.01254294]],0.0,0.0,0.0
2014-04-03 22:55:00,0.0,0,0.000299449078739,0.000299449078739,[[ 0.02088334  0.02180121  0.017465    0.01151267  0.01217665]],0.0,0.0,0.0
2014-04-03 23:00:00,0.0,0,0.000287900096737,0.000287900096737,[[ 0.02053938  0.02137785  0.0171809   0.01122017  0.01181298]],0.0,0.0,0.0
2014-04-03 23:05:00,0.0,0,0.000276655890048,0.000276655890048,[[ 0.02019662  0.02095682  0.01689848  0.01093031  0.0114524 ]],0.0,0.0,0.0
2014-04-03 23:10:00,0.0,0,0.000265722861513,0.000265722861513,[[ 0.01985541  0.02053858  0.01661795  0.01064336  0.01109532]],0.0,0.0,0.0
2014-04-03 23:15:00,0.0,0,0.000255106744589,0.000255106744589,[[ 0.01951613  0.02012359  0.01633957  0.01035959  0.01074213]],0.0,0.0,0.0
2014-04-03 23:20:00,0.0,0,0.000244810624281,0.000244810624281,[[ 0.01917909  0.0197122   0.01606351  0.01007921  0.01039317]],0.0,0.0,0.0
2014-04-03 23:25:00,0.0,0,0.00023483633413,0.00023483633413,[[ 0.01884458  0.0193048   0.01578997  0.00980243  0.01004875]],0.0,0.0,0.0
2014-04-03 23:30:00,0.0,0,0.000225183248403,0.000225183248403,[[ 0.01851283  0.01890164  0.01551908  0.00952944  0.00970914]],0.0,0.0,0.0
2014-04-03 23:35:00,0.0,0,0.000215851148823,0.000215851148823,[[ 0.01818413  0.01850303  0.01525099  0.00926042  0.0093746 ]],0.0,0.0,0.0
2014-04-03 23:40:00,0.0,0,0.000206836819416,0.000206836819416,[[ 0.01785859  0.01810921  0.01498582  0.00899547  0.00904532]],0.0,0.0,0.0
2014-04-03 23:45:00,0.0,0,0.00019813743711,0.00019813743711,[[ 0.01753647  0.01772039  0.0147237   0.00873473  0.00872149]],0.0,0.0,0.0
2014-04-03 23:50:00,0.0,0,0.000189747748664,0.000189747748664,[[ 0.01721786  0.01733673  0.01446466  0.00847828  0.00840323]],0.0,0.0,0.0
2014-04-03 23:55:00,0.0,0,0.000181664727279,0.000181664727279,[[ 0.01690297  0.01695846  0.01420888  0.00822628  0.00809073]],0.0,0.0,0.0
2014-04-04 00:00:00,0.0,0,0.000173880980583,0.000173880980583,[[ 0.01659186  0.01658563  0.01395636  0.00797872  0.00778408]],0.0,0.0,0.0
2014-04-04 00:05:00,0.0,0,0.000166391750099,0.000166391750099,[[ 0.0162847   0.01621845  0.01370719  0.00773571  0.00748339]],0.0,0.0,0.0
2014-04-04 00:10:00,0.0,0,0.000159189206897,0.000159189206897,[[ 0.0159815   0.01585693  0.01346139  0.00749727  0.00718869]],0.0,0.0,0.0
2014-04-04 00:15:00,0.0,0,0.00015226737014,0.00015226737014,[[ 0.01568239  0.01550122  0.01321903  0.00726346  0.00690009]],0.0,0.0,0.0
2014-04-04 00:20:00,0.0,0,0.000145619356772,0.000145619356772,[[ 0.01538745  0.01515138  0.01298016  0.00703431  0.00661763]],0.0,0.0,0.0
2014-04-04 00:25:00,0.0,0,0.000139237235999,0.000139237235999,[[ 0.0150967   0.01480744  0.01274478  0.00680982  0.00634133]],0.0,0.0,0.0
2014-04-04 00:30:00,0.0,0,0.000133112785988,0.000133112785988,[[ 0.01481016  0.01446941  0.01251288  0.00659     0.00607117]],0.0,0.0,0.0
2014-04-04 00:35:00,0.0,0,0.000127239880385,0.000127239880385,[[ 0.01452792  0.01413739  0.01228455  0.00637487  0.00580723]],0.0,0.0,0.0
2014-04-04 00:40:00,0.0,0,0.000121609933558,0.000121609933558,[[ 0.01424999  0.01381136  0.01205974  0.00616441  0.00554947]],0.0,0.0,0.0
2014-04-04 00:45:00,0.0,0,0.000116215611342,0.000116215611342,[[ 0.01397639  0.01349133  0.01183849  0.00595862  0.00529788]],0.0,0.0,0.0
2014-04-04 00:50:00,0.0,0,0.000111048881081,0.000111048881081,[[ 0.01370711  0.0131773   0.01162078  0.00575748  0.00505245]],0.0,0.0,0.0
2014-04-04 00:55:00,0.0,0,0.000106101950223,0.000106101950223,[[ 0.01344217  0.01286924  0.01140659  0.00556095  0.00481311]],0.0,0.0,0.0
2014-04-04 01:00:00,0.0,0,0.000101367782918,0.000101367782918,[[ 0.01318157  0.01256717  0.01119596  0.00536902  0.00457989]],0.0,0.0,0.0
2014-04-04 01:05:00,0.0,0,9.68378371908e-05,9.68378371908e-05,[[ 0.01292528  0.012271    0.0109888   0.00518163  0.00435267]],0.0,0.0,0.0
2014-04-04 01:10:00,0.0,0,9.25057247514e-05,9.25057247514e-05,[[ 0.01267332  0.01198076  0.01078518  0.00499878  0.00413147]],0.0,0.0,0.0
2014-04-04 01:15:00,0.0,0,8.83633765625e-05,8.83633765625e-05,[[ 0.01242564  0.01169638  0.01058501  0.0048204   0.00391617]],0.0,0.0,0.0
2014-04-04 01:20:00,0.0,0,8.44039750518e-05,8.44039750518e-05,[[ 0.01218223  0.01141784  0.01038829  0.00464645  0.00370676]],0.0,0.0,0.0
2014-04-04 01:25:00,0.0,0,8.06199313956e-05,8.06199313956e-05,[[ 0.01194304  0.01114503  0.01019499  0.00447686  0.00350311]],0.0,0.0,0.0
2014-04-04 01:30:00,0.0,0,7.70051701693e-05,7.70051701693e-05,[[ 0.0117081   0.01087795  0.0100051   0.00431161  0.00330522]],0.0,0.0,0.0
2014-04-04 01:35:00,0.0,0,7.35526045901e-05,7.35526045901e-05,[[ 0.01147732  0.01061654  0.00981858  0.00415064  0.00311299]],0.0,0.0,0.0
2014-04-04 01:40:00,0.0,0,7.02554025338e-05,7.02554025338e-05,[[ 0.01125069  0.0103607   0.00963538  0.00399389  0.0029263 ]],0.0,0.0,0.0
2014-04-04 01:45:00,0.0,0,6.71075977152e-05,6.71075977152e-05,[[ 0.01102816  0.01011039  0.00945549  0.0038413   0.00274514]],0.0,0.0,0.0
2014-04-04 01:50:00,0.0,0,6.41031656414e-05,6.41031656414e-05,[[ 0.01080973  0.00986557  0.00927887  0.00369281  0.00256939]],0.0,0.0,0.0
2014-04-04 01:55:00,0.0,0,6.12358126091e-05,6.12358126091e-05,[[ 0.01059531  0.00962614  0.00910548  0.00354836  0.00239898]],0.0,0.0,0.0
2014-04-04 02:00:00,0.0,0,5.84995359532e-05,5.84995359532e-05,[[ 0.01038487  0.00939201  0.00893527  0.00340787  0.00223377]],0.0,0.0,0.0
2014-04-04 02:05:00,0.0,0,5.58892861591e-05,5.58892861591e-05,[[ 0.01017837  0.00916315  0.00876824  0.0032713   0.00207376]],0.0,0.0,0.0
2014-04-04 02:10:00,0.0,0,5.33992897545e-05,5.33992897545e-05,[[ 0.00997575  0.00893947  0.00860432  0.00313857  0.00191879]],0.0,0.0,0.0
2014-04-04 02:15:00,0.0,0,5.10239551659e-05,5.10239551659e-05,[[ 0.00977696  0.00872082  0.00844344  0.0030096   0.00176877]],0.0,0.0,0.0
2014-04-04 02:20:00,0.0,0,4.87589968543e-05,4.87589968543e-05,[[ 0.00958199  0.00850724  0.00828563  0.00288436  0.00162365]],0.0,0.0,0.0
2014-04-04 02:25:00,0.0,0,4.65990706289e-05,4.65990706289e-05,[[ 0.00939075  0.00829858  0.0081308   0.00276276  0.00148329]],0.0,0.0,0.0
2014-04-04 02:30:00,0.0,0,4.45394180133e-05,4.45394180133e-05,[[ 0.00920318  0.00809476  0.0079789   0.00264471  0.00134762]],0.0,0.0,0.0
2014-04-04 02:35:00,0.0,0,4.25759935752e-05,4.25759935752e-05,[[ 0.00901928  0.00789575  0.00782993  0.00253019  0.00121658]],0.0,0.0,0.0
2014-04-04 02:40:00,0.0,0,4.07038496633e-05,4.07038496633e-05,[[ 0.00883893  0.00770139  0.00768382  0.00241908  0.00109001]],0.0,0.0,0.0
2014-04-04 02:45:00,0.0,0,3.89191118302e-05,3.89191118302e-05,[[ 0.00866213  0.00751165  0.00754051  0.00231135  0.00096783]],0.0,0.0,0.0
2014-04-04 02:50:00,0.0,0,3.72177564714e-05,3.72177564714e-05,[[ 0.00848879  0.00732643  0.00739998  0.00220691  0.00084997]],0.0,0.0,0.0
2014-04-04 02:55:00,0.0,0,3.55959273293e-05,3.55959273293e-05,[[ 0.00831888  0.00714566  0.00726219  0.0021057   0.00073633]],0.0,0.0,0.0
2014-04-04 03:00:00,1.0,0,3.40499027516e-05,3.40499027516e-05,[[ 0.00815234  0.00696924  0.00712708  0.00200764  0.00062678]],0.0,0.0,0.0
2014-04-04 03:05:00,0.0,0,0.199824079871,0.199824079871,[[ 0.0079891   0.00679708  0.0069946   0.00191266  0.00052126]],0.0,0.0,0.0
2014-04-04 03:10:00,0.0,0,0.199153453112,0.199153453112,[[ 0.00798444  0.00700168  0.00702499  0.00220177  0.00198809]],0.0,0.0,0.0
2014-04-04 03:15:00,0.0,0,0.197173729539,0.197173729539,[[ 0.00806813  0.00744436  0.00716531  0.00374378  0.00366452]],0.0,0.0,0.0
2014-04-04 03:20:00,0.0,0,0.196857899427,0.196857899427,[[ 0.00825114  0.00798413  0.00839516  0.00523648  0.00530704]],0.0,0.0,0.0
2014-04-04 03:25:00,0.0,0,0.196642816067,0.196642816067,[[ 0.00857262  0.00979001  0.00963911  0.0068212   0.00710937]],0.0,0.0,0.0
2014-04-04 03:30:00,1.0,0,0.0602885968983,0.0602885968983,[[ 0.21007663  0.21053615  0.22220638  0.26154354  0.30855247]],0.0,0.0,0.0
2014-04-04 03:35:00,0.0,0,0.152243986726,0.152243986726,[[ 0.0905368   0.09185761  0.10619444  0.13038048  0.15364969]],0.0,0.0,0.0
2014-04-04 03:40:00,0.0,0,0.172561407089,0.172561407089,[[ 0.05323326  0.05111964  0.06879266  0.08067438  0.08641835]],0.0,0.0,0.0
2014-04-04 03:45:00,0.0,0,0.183637171984,0.183637171984,[[ 0.03101267  0.0273251   0.04501323  0.0498173   0.04467568]],0.0,0.0,0.0
2014-04-04 03:50:00,0.0,0,0.194418057799,0.194418057799,[[ 0.01984209  0.01553161  0.03283946  0.03198775  0.02041884]],0.0,0.0,0.0
2014-04-04 03:55:00,0.0,0,0.194385960698,0.194385960698,[[ 0.01484009  0.01174141  0.02664767  0.02220277  0.00698425]],0.0,0.0,0.0
2014-04-04 04:00:00,0.0,0,0.0389744266868,0.0389744266868,[[ 0.16273871  0.16595112  0.17617747  0.21592838  0.25136611]],0.0,0.0,0.0
2014-04-04 04:05:00,0.0,0,0.00893939845264,0.00893939845264,[[ 0.07043913  0.07301265  0.08739857  0.10993405  0.12116298]],0.0,0.0,0.0
2014-04-04 04:10:00,0.0,0,0.00324837374501,0.00324837374501,[[ 0.04328747  0.0423675   0.05879854  0.0691618   0.06582125]],0.0,0.0,0.0
2014-04-04 04:15:00,0.0,0,0.00120802409947,0.00120802409947,[[ 0.02814812  0.02529683  0.04135882  0.04343186  0.03179615]],0.0,0.0,0.0
2014-04-04 04:20:00,0.0,0,0.00053772481624,0.00053772481624,[[ 0.02098276  0.01717642  0.03173263  0.02832033  0.01201319]],0.0,0.0,0.0
2014-04-04 04:25:00,0.0,0,0.000324018648826,0.000324018648826,[[ 0.01812202  0.01397962  0.02662377  0.0196663   0.00081671]],0.0,0.0,0.0
2014-04-04 04:30:00,0.0,0,0.000253384991083,0.000253384991083,[[ 0.01727328  0.01316129  0.02364562  0.0148294  -0.00403893]],0.0,0.0,0.0
2014-04-04 04:35:00,0.0,0,0.000229665107327,0.000229665107327,[[ 0.01743279  0.0136142   0.02191644  0.01239493 -0.00501117]],0.0,0.0,0.0
2014-04-04 04:40:00,0.0,0,0.000225049981964,0.000225049981964,[[ 0.01804717  0.01469526  0.02093562  0.01142164 -0.00385293]],0.0,0.0,0.0
2014-04-04 04:45:00,0.0,0,0.000231431054999,0.000231431054999,[[ 0.01881599  0.01602417  0.02039522  0.01129935 -0.00164294]],0.0,0.0,0.0
2014-04-04 04:50:00,0.0,0,0.000245299161179,0.000245299161179,[[ 0.01958409  0.01738366  0.02010795  0.01164016  0.00097203]],0.0,0.0,0.0
2014-04-04 04:55:00,0.0,0,0.000263928959612,0.000263928959612,[[ 0.02027791  0.01865578  0.01996169  0.01220143  0.00361515]],0.0,0.0,0.0
2014-04-04 05:00:00,0.0,0,0.000284874171484,0.000284874171484,[[ 0.02087008  0.01978439  0.01989152  0.01283669  0.00607745]],0.0,0.0,0.0
2014-04-04 05:05:00,0.0,0,0.000306011148496,0.000306011148496,[[ 0.02135378  0.02074672  0.01985496  0.01345997  0.00826167]],0.0,0.0,0.0
2014-04-04 05:10:00,0.0,0,0.000324982393067,0.000324982393067,[[ 0.0217355   0.02147255  0.01995952  0.01402695  0.00981183]],0.0,0.0,0.0
2014-04-04 05:15:00,0.0,0,0.000339942343999,0.000339942343999,[[ 0.02198706  0.02205049  0.01986701  0.0144243   0.01128266]],0.0,0.0,0.0
2014-04-04 05:20:00,0.0,0,0.000352199596819,0.000352199596819,[[ 0.02215943  0.02249045  0.01977149  0.01474566  0.01248163]],0.0,0.0,0.0
2014-04-04 05:25:00,0.0,0,0.000361526181223,0.000361526181223,[[ 0.02226328  0.02280731  0.01966815  0.01498757  0.01342908]],0.0,0.0,0.0
2014-04-04 05:30:00,0.0,0,0.000368179928046,0.000368179928046,[[ 0.02231275  0.02302411  0.01955773  0.01516025  0.01416309]],0.0,0.0,0.0
2014-04-04 05:35:00,0.0,0,0.00037252396578,0.00037252396578,[[ 0.02231804  0.02316049  0.01943858  0.01527594  0.01472767]],0.0,0.0,0.0
2014-04-04 05:40:00,0.0,0,0.000419185089413,0.000419185089413,[[ 0.02268388  0.02443151  0.01950497  0.01662717  0.01809866]],0.0,0.0,0.0
2014-04-04 05:45:00,0.0,0,0.00041147871525,0.00041147871525,[[ 0.02253579  0.02422014  0.0193294   0.01642312  0.01787658]],0.0,0.0,0.0
2014-04-04 05:50:00,0.0,0,0.000403097772505,0.000403097772505,[[ 0.02236659  0.02398474  0.01914166  0.01620528  0.01763356]],0.0,0.0,0.0
2014-04-04 05:55:00,0.0,0,0.000394152710214,0.000394152710214,[[ 0.02217866  0.02372808  0.01894322  0.01597538  0.01737212]],0.0,0.0,0.0
2014-04-04 06:00:00,0.0,0,0.000384741520975,0.000384741520975,[[ 0.02197408  0.02345262  0.01873536  0.0157349   0.01709448]],0.0,0.0,0.0
2014-04-04 06:05:00,0.0,0,0.000374955416191,0.000374955416191,[[ 0.02175478  0.02316065  0.01851929  0.0154853   0.01680274]],0.0,0.0,0.0
2014-04-04 06:10:00,0.0,0,0.000364876410458,0.000364876410458,[[ 0.02152254  0.02285427  0.01829609  0.01522785  0.0164988 ]],0.0,0.0,0.0
2014-04-04 06:15:00,0.0,0,0.000354578194674,0.000354578194674,[[ 0.02127893  0.02253536  0.01806675  0.01496373  0.0161844 ]],0.0,0.0,0.0
2014-04-04 06:20:00,0.0,0,0.000344127765857,0.000344127765857,[[ 0.02102545  0.02220568  0.01783218  0.01469404  0.01586113]],0.0,0.0,0.0
2014-04-04 06:25:00,0.0,0,0.000333583622705,0.000333583622705,[[ 0.02076337  0.02186678  0.0175932   0.01441974  0.01553043]],0.0,0.0,0.0
2014-04-04 06:30:00,0.0,0,0.000323001033394,0.000323001033394,[[ 0.020494    0.02152019  0.01735061  0.01414181  0.01519369]],0.0,0.0,0.0
2014-04-04 06:35:00,0.0,0,0.000312405114528,0.000312405114528,[[ 0.0202169   0.02116597  0.01710381  0.01386195  0.01485295]],0.0,0.0,0.0
2014-04-04 06:40:00,0.0,0,0.000301683263388,0.000301683263388,[[ 0.01992168  0.0207959   0.01684377  0.01358852  0.01451596]],0.0,0.0,0.0
2014-04-04 06:45:00,0.0,0,0.000290899217362,0.000290899217362,[[ 0.01961175  0.02041253  0.016573    0.01332036  0.01418125]],0.0,0.0,0.0
2014-04-04 06:50:00,0.0,0,0.000280101638054,0.000280101638054,[[ 0.0192892   0.02001766  0.01629308  0.01305708  0.01384834]],0.0,0.0,0.0
2014-04-04 06:55:00,0.0,0,0.000269340729574,0.000269340729574,[[ 0.0189561   0.01961329  0.01600561  0.01279826  0.01351716]],0.0,0.0,0.0
2014-04-04 07:00:00,0.0,0,0.000258659565588,0.000258659565588,[[ 0.01861413  0.01920106  0.01571185  0.0125438   0.01318797]],0.0,0.0,0.0
2014-04-04 07:05:00,0.0,0,0.000248095049756,0.000248095049756,[[ 0.01826469  0.01878243  0.0154129   0.01229363  0.01286103]],0.0,0.0,0.0
2014-04-04 07:10:00,0.0,0,0.000237681248109,0.000237681248109,[[ 0.01790927  0.01835888  0.01510987  0.0120476   0.01253647]],0.0,0.0,0.0
2014-04-04 07:15:00,0.0,0,0.000227451557294,0.000227451557294,[[ 0.01754917  0.01793183  0.01480374  0.01180572  0.01221506]],0.0,0.0,0.0
2014-04-04 07:20:00,0.0,0,0.000217423352296,0.000217423352296,[[ 0.01718535  0.01750216  0.01449528  0.0115679   0.01189645]],0.0,0.0,0.0
2014-04-04 07:25:00,0.0,0,0.000207628036151,0.000207628036151,[[ 0.0168191   0.01707139  0.01418541  0.01133421  0.0115817 ]],0.0,0.0,0.0
2014-04-04 07:30:00,0.0,0,0.000198075867957,0.000198075867957,[[ 0.01645131  0.01664019  0.01387484  0.01110442  0.01127023]],0.0,0.0,0.0
2014-04-04 07:35:00,0.0,0,0.000188786056242,0.000188786056242,[[ 0.01608286  0.01620968  0.01356425  0.01087864  0.01096287]],0.0,0.0,0.0
2014-04-04 07:40:00,0.0,0,0.000179772570846,0.000179772570846,[[ 0.01571464  0.01578078  0.0132543   0.01065686  0.01065996]],0.0,0.0,0.0
2014-04-04 07:45:00,0.0,0,0.000171036503161,0.000171036503161,[[ 0.0153473   0.01535393  0.01294552  0.01043878  0.01036075]],0.0,0.0,0.0
2014-04-04 07:50:00,0.0,0,0.000162590600667,0.000162590600667,[[ 0.01498154  0.01493005  0.01263839  0.01022459  0.01006623]],0.0,0.0,0.0
2014-04-04 07:55:00,0.0,0,0.000154439476319,0.000154439476319,[[ 0.01461797  0.0145098   0.01233341  0.01001426  0.00977648]],0.0,0.0,0.0
2014-04-04 08:00:00,0.0,0,0.000146584658069,0.000146584658069,[[ 0.01425714  0.01409368  0.01203097  0.0098077   0.00949158]],0.0,0.0,0.0
2014-04-04 08:05:00,0.0,0,0.000139022435178,0.000139022435178,[[ 0.0138995   0.01368199  0.01173143  0.00960469  0.009211  ]],0.0,0.0,0.0
2014-04-04 08:10:00,0.0,0,0.00013175670756,0.00013175670756,[[ 0.01354551  0.01327538  0.01143515  0.00940541  0.00893547]],0.0,0.0,0.0
2014-04-04 08:15:00,0.0,0,0.000124784986838,0.000124784986838,[[ 0.01319555  0.01287425  0.0111424   0.00920977  0.00866504]],0.0,0.0,0.0
2014-04-04 08:20:00,0.0,0,0.00011810423166,0.00011810423166,[[ 0.01285002  0.01247895  0.01085349  0.00901774  0.00839978]],0.0,0.0,0.0
2014-04-04 08:25:00,0.0,0,0.000111709756311,0.000111709756311,[[ 0.0125092   0.01208978  0.01056863  0.00882926  0.00813966]],0.0,0.0,0.0
2014-04-04 08:30:00,0.0,0,0.000105594357592,0.000105594357592,[[ 0.01217335  0.0117069   0.01028804  0.00864416  0.00788444]],0.0,0.0,0.0
2014-04-04 08:35:00,0.0,0,9.97526658466e-05,9.97526658466e-05,[[ 0.01184272  0.01133057  0.01001187  0.00846247  0.00763416]],0.0,0.0,0.0
2014-04-04 08:40:00,0.0,0,9.41796824918e-05,9.41796824918e-05,[[ 0.01151751  0.01096107  0.00974029  0.0082842   0.00738913]],0.0,0.0,0.0
2014-04-04 08:45:00,0.0,0,8.88680806383e-05,8.88680806383e-05,[[ 0.01119787  0.01059853  0.00947341  0.0081093   0.00714932]],0.0,0.0,0.0
2014-04-04 08:50:00,0.0,0,8.38106716401e-05,8.38106716401e-05,[[ 0.01088398  0.01024313  0.00921135  0.00793774  0.00691475]],0.0,0.0,0.0
2014-04-04 08:55:00,0.0,0,7.90003614384e-05,7.90003614384e-05,[[ 0.010576    0.00989502  0.00895425  0.0077695   0.00668542]],0.0,0.0,0.0
2014-04-04 09:00:00,0.0,0,7.44280114304e-05,7.44280114304e-05,[[ 0.01027396  0.00955421  0.00870213  0.00760449  0.00646123]],0.0,0.0,0.0
2014-04-04 09:05:00,0.0,0,7.00866949046e-05,7.00866949046e-05,[[ 0.00997803  0.00922085  0.00845509  0.00744272  0.00624224]],0.0,0.0,0.0
2014-04-04 09:10:00,0.0,0,6.59670258756e-05,6.59670258756e-05,[[ 0.00968818  0.00889492  0.00821315  0.00728409  0.00602834]],0.0,0.0,0.0
2014-04-04 09:15:00,0.0,0,6.20594801148e-05,6.20594801148e-05,[[ 0.0094045   0.00857635  0.00797633  0.00712842  0.00581916]],0.0,0.0,0.0
2014-04-04 09:20:00,0.0,0,5.83578876103e-05,5.83578876103e-05,[[ 0.00912702  0.00826529  0.00774468  0.00697589  0.00561504]],0.0,0.0,0.0
2014-04-04 09:25:00,0.0,0,5.48535390408e-05,5.48535390408e-05,[[ 0.00885574  0.00796171  0.00751819  0.00682638  0.00541592]],0.0,0.0,0.0
2014-04-04 09:30:00,0.0,0,5.15386054758e-05,5.15386054758e-05,[[ 0.00859066  0.00766562  0.00729684  0.0066799   0.00522178]],0.0,0.0,0.0
2014-04-04 09:35:00,0.0,0,4.84045049234e-05,4.84045049234e-05,[[ 0.00833175  0.00737693  0.00708061  0.00653636  0.00503252]],0.0,0.0,0.0
2014-04-04 09:40:00,0.0,0,4.54440159956e-05,4.54440159956e-05,[[ 0.00807903  0.00709569  0.00686952  0.00639576  0.00484814]],0.0,0.0,0.0
2014-04-04 09:45:00,0.0,0,4.26492297265e-05,4.26492297265e-05,[[ 0.00783246  0.00682183  0.00666352  0.00625805  0.00466859]],0.0,0.0,0.0
2014-04-04 09:50:00,0.0,0,4.0012269892e-05,4.0012269892e-05,[[ 0.00759197  0.00655524  0.00646258  0.00612319  0.00449374]],0.0,0.0,0.0
2014-04-04 09:55:00,0.0,0,3.75258132408e-05,3.75258132408e-05,[[ 0.00735752  0.00629589  0.00626665  0.00599112  0.00432357]],0.0,0.0,0.0
2014-04-04 10:00:00,0.0,0,3.5183129512e-05,3.5183129512e-05,[[ 0.00712911  0.00604374  0.0060757   0.00586184  0.00415805]],0.0,0.0,0.0
2014-04-04 10:05:00,0.0,0,3.29765571223e-05,3.29765571223e-05,[[ 0.00690661  0.00579863  0.00588965  0.00573526  0.00399702]],0.0,0.0,0.0
2014-04-04 10:10:00,0.0,0,3.08999078698e-05,3.08999078698e-05,[[ 0.00669001  0.00556053  0.0057085   0.00561136  0.0038405 ]],0.0,0.0,0.0
2014-04-04 10:15:00,0.0,0,2.89462132059e-05,2.89462132059e-05,[[ 0.00647918  0.00532931  0.00553212  0.00549011  0.00368837]],0.0,0.0,0.0
2014-04-04 10:20:00,0.0,0,2.71092376352e-05,2.71092376352e-05,[[ 0.00627405  0.00510488  0.00536046  0.00537145  0.00354056]],0.0,0.0,0.0
2014-04-04 10:25:00,0.0,0,2.53831240116e-05,2.53831240116e-05,[[ 0.00607458  0.00488716  0.00519349  0.00525536  0.00339701]],0.0,0.0,0.0
2014-04-04 10:30:00,0.0,0,2.37619187828e-05,2.37619187828e-05,[[ 0.00588065  0.00467603  0.00503112  0.00514178  0.00325765]],0.0,0.0,0.0
2014-04-04 10:35:00,0.0,0,2.22398994083e-05,2.22398994083e-05,[[ 0.00569217  0.00447135  0.00487325  0.00503068  0.00312239]],0.0,0.0,0.0
2014-04-04 10:40:00,0.0,0,2.08110759559e-05,2.08110759559e-05,[[ 0.00550903  0.00427295  0.00471981  0.00492194  0.00299095]],0.0,0.0,0.0
2014-04-04 10:45:00,0.0,0,1.94711428776e-05,1.94711428776e-05,[[ 0.00533117  0.00408082  0.00457074  0.0048156   0.00286348]],0.0,0.0,0.0
2014-04-04 10:50:00,0.0,0,1.82148360182e-05,1.82148360182e-05,[[ 0.00515845  0.00389478  0.00442594  0.00471161  0.0027399 ]],0.0,0.0,0.0
2014-04-04 10:55:00,0.0,0,1.70375678863e-05,1.70375678863e-05,[[ 0.00499081  0.00371472  0.00428532  0.00460995  0.0026201 ]],0.0,0.0,0.0
2014-04-04 11:00:00,0.0,0,1.59350129252e-05,1.59350129252e-05,[[ 0.00482813  0.00354057  0.00414884  0.00451058  0.00250407]],0.0,0.0,0.0
2014-04-04 11:05:00,0.0,0,1.49026618601e-05,1.49026618601e-05,[[ 0.00467032  0.00337214  0.00401639  0.00441345  0.00239168]],0.0,0.0,0.0
2014-04-04 11:10:00,0.0,0,1.39363892231e-05,1.39363892231e-05,[[ 0.00451725  0.00320933  0.00388788  0.00431851  0.00228285]],0.0,0.0,0.0
2014-04-04 11:15:00,0.0,0,1.30324606289e-05,1.30324606289e-05,[[ 0.00436886  0.00305203  0.00376325  0.00422573  0.00217753]],0.0,0.0,0.0
2014-04-04 11:20:00,1.0,0,1.2187183529e-05,1.2187183529e-05,[[ 0.00422503  0.00290014  0.00364239  0.00413509  0.00207563]],0.0,0.0,0.0
2014-04-04 11:25:00,0.0,0,0.199220567942,0.199220567942,[[ 0.00408562  0.00275345  0.00352522  0.00404651  0.00197706]],0.0,0.0,0.0
2014-04-04 11:30:00,0.0,0,0.19825412333,0.19825412333,[[ 0.00401287  0.0029027   0.00349239  0.00439894  0.00351866]],0.0,0.0,0.0
2014-04-04 11:35:00,0.0,0,0.198644936085,0.198644936085,[[ 0.00387583  0.00314849  0.0034388   0.00610675  0.00531815]],0.0,0.0,0.0
2014-04-04 11:40:00,0.0,0,0.19852116704,0.19852116704,[[ 0.00414151  0.00377742  0.00475155  0.00760223  0.0069905 ]],0.0,0.0,0.0
2014-04-04 11:45:00,0.0,0,0.198124840856,0.198124840856,[[ 0.00481609  0.00593579  0.00630752  0.00904261  0.00873942]],0.0,0.0,0.0
2014-04-04 11:50:00,1.0,0,0.0501544587314,0.0501544587314,[[ 0.17966136  0.18407759  0.19471562  0.24427873  0.29499704]],0.0,0.0,0.0
2014-04-04 11:55:00,0.0,0,0.151541382074,0.151541382074,[[ 0.07758597  0.08145962  0.09413048  0.12401873  0.15099439]],0.0,0.0,0.0
2014-04-04 12:00:00,0.0,0,0.173438966274,0.173438966274,[[ 0.04585152  0.04567908  0.06158543  0.07706184  0.08601304]],0.0,0.0,0.0
2014-04-04 12:05:00,0.0,0,0.18505962193,0.18505962193,[[ 0.02726891  0.02484255  0.04106902  0.04812682  0.04552463]],0.0,0.0,0.0
2014-04-04 12:10:00,0.0,0,0.194729328156,0.194729328156,[[ 0.01819578  0.01465084  0.03080883  0.03131277  0.02174563]],0.0,0.0,0.0
2014-04-04 12:15:00,0.0,0,0.194552198052,0.194552198052,[[ 0.0144018   0.01174169  0.02574069  0.02203612  0.00843103]],0.0,0.0,0.0
2014-04-04 12:20:00,0.0,0,0.0324863083661,0.0324863083661,[[ 0.13840096  0.14503393  0.15461683  0.20069544  0.24094988]],0.0,0.0,0.0
2014-04-04 12:25:00,0.0,0,0.0079004149884,0.0079004149884,[[ 0.06061674  0.06612554  0.07820406  0.10406968  0.12045219]],0.0,0.0,0.0
2014-04-04 12:30:00,0.0,0,0.00293561443686,0.00293561443686,[[ 0.03809828  0.0392599   0.05365241  0.06605379  0.06666011]],0.0,0.0,0.0
2014-04-04 12:35:00,0.0,0,0.00113288802095,0.00113288802095,[[ 0.02588192  0.02446305  0.03880907  0.04207099  0.0334666 ]],0.0,0.0,0.0
2014-04-04 12:40:00,0.0,0,0.000527931551915,0.000527931551915,[[ 0.0204006   0.01753502  0.03069412  0.02791626  0.01394812]],0.0,0.0,0.0
2014-04-04 12:45:00,0.0,0,0.000333521020366,0.000333521020366,[[ 0.01851933  0.0149568   0.02648343  0.01979606  0.00277086]],0.0,0.0,0.0
2014-04-04 12:50:00,0.0,0,0.0002707602398,0.0002707602398,[[ 0.01821451  0.01442762  0.02401349  0.01526644 -0.00204076]],0.0,0.0,0.0
2014-04-04 12:55:00,0.0,0,0.000252937054029,0.000252937054029,[[ 0.0186884   0.01502395  0.02260391  0.01301984 -0.00304261]],0.0,0.0,0.0
2014-04-04 13:00:00,0.0,0,0.000253163685557,0.000253163685557,[[ 0.01944486  0.0161389   0.02179442  0.01219033 -0.00191063]],0.0,0.0,0.0
2014-04-04 13:05:00,0.0,0,0.000263069785433,0.000263069785433,[[ 0.02022035  0.01741417  0.02130664  0.01221332  0.00030796]],0.0,0.0,0.0
2014-04-04 13:10:00,0.0,0,0.000279765896266,0.000279765896266,[[ 0.02093463  0.01868716  0.02101469  0.0126911   0.00294612]],0.0,0.0,0.0
2014-04-04 13:15:00,0.0,0,0.000300773070194,0.000300773070194,[[ 0.02155218  0.01986595  0.02083854  0.01337641  0.00561602]],0.0,0.0,0.0
2014-04-04 13:20:00,0.0,0,0.000323760003084,0.000323760003084,[[ 0.02206761  0.02090809  0.02073322  0.01411603  0.00809588]],0.0,0.0,0.0
2014-04-04 13:25:00,0.0,0,0.000346500775777,0.000346500775777,[[ 0.02248089  0.02179142  0.0206624   0.01482117  0.01027841]],0.0,0.0,0.0
2014-04-04 13:30:00,0.0,0,0.000366252032109,0.000366252032109,[[ 0.02282611  0.02245153  0.02076229  0.01541122  0.01172942]],0.0,0.0,0.0
2014-04-04 13:35:00,0.0,0,0.000381539488444,0.000381539488444,[[ 0.02300999  0.02295663  0.02062749  0.01586289  0.01319493]],0.0,0.0,0.0
2014-04-04 13:40:00,0.0,0,0.00039378166548,0.00039378166548,[[ 0.02311826  0.02332844  0.02048991  0.01623087  0.01438613]],0.0,0.0,0.0
2014-04-04 13:45:00,0.0,0,0.000402874400606,0.000402874400606,[[ 0.02316224  0.02358351  0.02034558  0.01651613  0.01532891]],0.0,0.0,0.0
2014-04-04 13:50:00,0.0,0,0.00040908306255,0.00040908306255,[[ 0.02315485  0.02374294  0.02019525  0.01672751  0.01605876]],0.0,0.0,0.0
2014-04-04 13:55:00,0.0,0,0.000412817054894,0.000412817054894,[[ 0.0231047   0.02382502  0.02003579  0.01687896  0.0166221 ]],0.0,0.0,0.0
2014-04-04 14:00:00,0.0,0,0.00046239310177,0.00046239310177,[[ 0.02341241  0.02504937  0.02007381  0.01826751  0.01999235]],0.0,0.0,0.0
2014-04-04 14:05:00,0.0,0,0.000453211978311,0.000453211978311,[[ 0.02321044  0.02478851  0.01985406  0.0180946   0.01978046]],0.0,0.0,0.0
2014-04-04 14:10:00,0.0,0,0.00044318055734,0.00044318055734,[[ 0.02298091  0.02449743  0.01961645  0.01790913  0.01954773]],0.0,0.0,0.0
2014-04-04 14:15:00,0.0,0,0.000432440137956,0.000432440137956,[[ 0.02272696  0.0241797   0.01936313  0.01771261  0.01929665]],0.0,0.0,0.0
2014-04-04 14:20:00,0.0,0,0.000421116419602,0.000421116419602,[[ 0.02245142  0.02383845  0.019096    0.01750632  0.01902934]],0.0,0.0,0.0
2014-04-04 14:25:00,0.0,0,0.000409325992223,0.000409325992223,[[ 0.02215689  0.02347657  0.01881686  0.01729151  0.01874787]],0.0,0.0,0.0
2014-04-04 14:30:00,0.0,0,0.000397173746023,0.000397173746023,[[ 0.02184574  0.02309675  0.01852731  0.01706927  0.01845403]],0.0,0.0,0.0
2014-04-04 14:35:00,0.0,0,0.000384751823731,0.000384751823731,[[ 0.0215202   0.02270135  0.01822891  0.0168405   0.01814919]],0.0,0.0,0.0
2014-04-04 14:40:00,0.0,0,0.000372146692825,0.000372146692825,[[ 0.02118225  0.02229257  0.01792296  0.0166062   0.01783504]],0.0,0.0,0.0
2014-04-04 14:45:00,0.0,0,0.0003594365553,0.0003594365553,[[ 0.02083364  0.02187253  0.01761069  0.01636729  0.01751314]],0.0,0.0,0.0
2014-04-04 14:50:00,0.0,0,0.000346690707374,0.000346690707374,[[ 0.0204761   0.02144311  0.01729328  0.01612452  0.01718484]],0.0,0.0,0.0
2014-04-04 14:55:00,0.0,0,0.000333969073836,0.000333969073836,[[ 0.02011113  0.02100599  0.01697177  0.01587861  0.01685127]],0.0,0.0,0.0
2014-04-04 15:00:00,0.0,0,0.000321325002005,0.000321325002005,[[ 0.01974013  0.02056275  0.0166471   0.01563022  0.0165135 ]],0.0,0.0,0.0
2014-04-04 15:05:00,0.0,0,0.000308804708766,0.000308804708766,[[ 0.01936437  0.0201148   0.01632015  0.01537988  0.01617254]],0.0,0.0,0.0
2014-04-04 15:10:00,0.0,0,0.000296449084999,0.000296449084999,[[ 0.01898503  0.01966347  0.01599173  0.01512817  0.01582924]],0.0,0.0,0.0
2014-04-04 15:15:00,0.0,0,0.000284286623355,0.000284286623355,[[ 0.01860306  0.01920972  0.01566251  0.01487541  0.01548398]],0.0,0.0,0.0
2014-04-04 15:20:00,0.0,0,0.000272354227491,0.000272354227491,[[ 0.01821952  0.01875484  0.0153332   0.01462224  0.01513802]],0.0,0.0,0.0
2014-04-04 15:25:00,0.0,0,0.000260675238678,0.000260675238678,[[ 0.01783521  0.01829973  0.01500434  0.01436903  0.01479197]],0.0,0.0,0.0
2014-04-04 15:30:00,0.0,0,0.000249271979555,0.000249271979555,[[ 0.01745096  0.01784535  0.01467653  0.01411617  0.01444648]],0.0,0.0,0.0
2014-04-04 15:35:00,0.0,0,0.000238160922891,0.000238160922891,[[ 0.01706746  0.01739246  0.01435024  0.01386397  0.01410212]],0.0,0.0,0.0
2014-04-04 15:40:00,0.0,0,0.000227356416872,0.000227356416872,[[ 0.01668538  0.01694185  0.0140259   0.01361276  0.01375938]],0.0,0.0,0.0
2014-04-04 15:45:00,0.0,0,0.000216868793359,0.000216868793359,[[ 0.01630529  0.01649413  0.01370393  0.01336282  0.01341874]],0.0,0.0,0.0
2014-04-04 15:50:00,0.0,0,0.000206706783501,0.000206706783501,[[ 0.01592776  0.01604994  0.01338471  0.01311439  0.01308061]],0.0,0.0,0.0
2014-04-04 15:55:00,0.0,0,0.000196874680114,0.000196874680114,[[ 0.0155532   0.01560975  0.01306852  0.01286768  0.01274534]],0.0,0.0,0.0
2014-04-04 16:00:00,0.0,0,0.000187377183465,0.000187377183465,[[ 0.01518208  0.0151741   0.0127557   0.01262295  0.01241332]],0.0,0.0,0.0
2014-04-04 16:05:00,0.0,0,0.000178214773769,0.000178214773769,[[ 0.01481476  0.01474337  0.01244649  0.01238031  0.0120848 ]],0.0,0.0,0.0
2014-04-04 16:10:00,0.0,0,0.000169385806657,0.000169385806657,[[ 0.01445162  0.01431794  0.01214114  0.01213987  0.0117598 ]],0.0,0.0,0.0
2014-04-04 16:15:00,0.0,0,0.000160889932886,0.000160889932886,[[ 0.01409289  0.01389814  0.01183981  0.01190189  0.01143879]],0.0,0.0,0.0
2014-04-04 16:20:00,0.0,0,0.000152725348016,0.000152725348016,[[ 0.01373889  0.01348433  0.01154272  0.01166649  0.01112211]],0.0,0.0,0.0
2014-04-04 16:25:00,0.0,0,0.000144886944327,0.000144886944327,[[ 0.0133898   0.01307672  0.01124998  0.01143381  0.01080986]],0.0,0.0,0.0
2014-04-04 16:30:00,0.0,0,0.000137371200253,0.000137371200253,[[ 0.01304591  0.01267564  0.01096179  0.01120397  0.01050229]],0.0,0.0,0.0
2014-04-04 16:35:00,0.0,0,0.000130171101773,0.000130171101773,[[ 0.01270734  0.01228123  0.01067825  0.01097705  0.0101995 ]],0.0,0.0,0.0
2014-04-04 16:40:00,0.0,0,0.000123280260595,0.000123280260595,[[ 0.01237425  0.01189365  0.01039942  0.01075313  0.00990164]],0.0,0.0,0.0
2014-04-04 16:45:00,0.0,0,0.000116691437142,0.000116691437142,[[ 0.01204678  0.01151307  0.01012543  0.01053226  0.00960878]],0.0,0.0,0.0
2014-04-04 16:50:00,0.0,0,0.000110397828394,0.000110397828394,[[ 0.01172507  0.01113965  0.00985636  0.01031455  0.00932107]],0.0,0.0,0.0
2014-04-04 16:55:00,0.0,0,0.000104390921479,0.000104390921479,[[ 0.01140919  0.01077346  0.00959224  0.01010004  0.00903858]],0.0,0.0,0.0
2014-04-04 17:00:00,0.0,0,9.86624145298e-05,9.86624145298e-05,[[ 0.01109921  0.01041458  0.00933313  0.00988875  0.00876136]],0.0,0.0,0.0
2014-04-04 17:05:00,0.0,0,9.32040129555e-05,9.32040129555e-05,[[ 0.01079521  0.01006309  0.00907906  0.00968077  0.00848947]],0.0,0.0,0.0
2014-04-04 17:10:00,0.0,0,8.80070292624e-05,8.80070292624e-05,[[ 0.01049723  0.00971904  0.00883007  0.0094761   0.00822297]],0.0,0.0,0.0
2014-04-04 17:15:00,0.0,0,8.3062084741e-05,8.3062084741e-05,[[ 0.01020526  0.00938242  0.00858615  0.00927474  0.00796182]],0.0,0.0,0.0
2014-04-04 17:20:00,0.0,0,7.83615250839e-05,7.83615250839e-05,[[ 0.0099194   0.00905333  0.00834734  0.00907677  0.00770614]],0.0,0.0,0.0
2014-04-04 17:25:00,0.0,0,7.38950475352e-05,7.38950475352e-05,[[ 0.00963956  0.00873166  0.00811359  0.00888213  0.00745585]],0.0,0.0,0.0
2014-04-04 17:30:00,0.0,0,6.96550341672e-05,6.96550341672e-05,[[ 0.00936581  0.0084175   0.00788492  0.00869089  0.00721102]],0.0,0.0,0.0
2014-04-04 17:35:00,0.0,0,6.56321062706e-05,6.56321062706e-05,[[ 0.00909809  0.0081108   0.0076613   0.00850303  0.00697161]],0.0,0.0,0.0
2014-04-04 17:40:00,0.0,0,6.18180420133e-05,6.18180420133e-05,[[ 0.00883643  0.00781152  0.00744272  0.00831855  0.00673763]],0.0,0.0,0.0
2014-04-04 17:45:00,0.0,0,5.82038592256e-05,5.82038592256e-05,[[ 0.00858074  0.00751962  0.00722913  0.00813743  0.00650901]],0.0,0.0,0.0
2014-04-04 17:50:00,0.0,0,5.47815216123e-05,5.47815216123e-05,[[ 0.00833104  0.00723505  0.00702051  0.00795971  0.00628577]],0.0,0.0,0.0
2014-04-04 17:55:00,0.0,0,5.1542516303e-05,5.1542516303e-05,[[ 0.00808723  0.00695775  0.00681682  0.00778532  0.00606785]],0.0,0.0,0.0
2014-04-04 18:00:00,0.0,0,4.84789852635e-05,4.84789852635e-05,[[ 0.00784931  0.00668768  0.006618    0.00761427  0.00585518]],0.0,0.0,0.0
2014-04-04 18:05:00,0.0,0,4.55821791547e-05,4.55821791547e-05,[[ 0.00761715  0.00642467  0.00642399  0.00744648  0.00564763]],0.0,0.0,0.0
2014-04-04 18:10:00,0.0,0,4.28456041845e-05,4.28456041845e-05,[[ 0.00739075  0.00616875  0.00623476  0.00728202  0.00544531]],0.0,0.0,0.0
2014-04-04 18:15:00,0.0,0,4.02615660278e-05,4.02615660278e-05,[[ 0.00717004  0.00591978  0.00605024  0.00712083  0.00524813]],0.0,0.0,0.0
2014-04-04 18:20:00,0.0,0,3.78228360205e-05,3.78228360205e-05,[[ 0.00695491  0.00567771  0.00587038  0.0069629   0.00505605]],0.0,0.0,0.0
2014-04-04 18:25:00,0.0,0,3.55225565727e-05,3.55225565727e-05,[[ 0.00674532  0.00544246  0.00569512  0.00680819  0.00486901]],0.0,0.0,0.0
2014-04-04 18:30:00,0.0,0,3.33540119755e-05,3.33540119755e-05,[[ 0.00654121  0.00521391  0.00552438  0.00665668  0.00468696]],0.0,0.0,0.0
2014-04-04 18:35:00,0.0,0,3.13103300869e-05,3.13103300869e-05,[[ 0.00634243  0.00499194  0.00535809  0.00650833  0.00450979]],0.0,0.0,0.0
2014-04-04 18:40:00,0.0,0,2.93856919598e-05,2.93856919598e-05,[[ 0.00614897  0.00477649  0.00519623  0.00636312  0.00433747]],0.0,0.0,0.0
2014-04-04 18:45:00,0.0,0,2.75738711935e-05,2.75738711935e-05,[[ 0.00596074  0.00456745  0.00503867  0.00622099  0.00416994]],0.0,0.0,0.0
2014-04-04 18:50:00,0.0,0,2.58689306065e-05,2.58689306065e-05,[[ 0.00577761  0.00436469  0.00488538  0.00608191  0.00400709]],0.0,0.0,0.0
2014-04-04 18:55:00,0.0,0,2.42652877205e-05,2.42652877205e-05,[[ 0.00559951  0.0041681   0.00473625  0.00594585  0.00384885]],0.0,0.0,0.0
2014-04-04 19:00:00,0.0,0,2.27577220357e-05,2.27577220357e-05,[[ 0.00542638  0.00397758  0.00459125  0.00581275  0.00369517]],0.0,0.0,0.0
2014-04-04 19:05:00,0.0,0,2.13410512515e-05,2.13410512515e-05,[[ 0.00525809  0.00379303  0.00445026  0.0056826   0.00354596]],0.0,0.0,0.0
2014-04-04 19:10:00,0.0,0,2.00103550014e-05,2.00103550014e-05,[[ 0.00509457  0.00361433  0.00431325  0.00555534  0.00340115]],0.0,0.0,0.0
2014-04-04 19:15:00,0.0,0,1.87610257854e-05,1.87610257854e-05,[[ 0.00493574  0.00344136  0.00418013  0.00543094  0.00326066]],0.0,0.0,0.0
2014-04-04 19:20:00,0.0,0,1.75883142219e-05,1.75883142219e-05,[[ 0.00478148  0.00327401  0.00405081  0.00530934  0.00312439]],0.0,0.0,0.0
2014-04-04 19:25:00,0.0,0,1.64879493241e-05,1.64879493241e-05,[[ 0.00463169  0.00311212  0.0039252   0.00519048  0.00299226]],0.0,0.0,0.0
2014-04-04 19:30:00,0.0,0,1.54557892529e-05,1.54557892529e-05,[[ 0.00448627  0.00295558  0.00380325  0.00507432  0.00286417]],0.0,0.0,0.0
2014-04-04 19:35:00,0.0,0,1.44883233588e-05,1.44883233588e-05,[[ 0.00434518  0.00280435  0.00368487  0.00496087  0.0027401 ]],0.0,0.0,0.0
2014-04-04 19:40:00,1.0,0,1.35815007525e-05,1.35815007525e-05,[[ 0.00420829  0.00265823  0.00356998  0.00485004  0.00261991]],0.0,0.0,0.0
2014-04-04 19:45:00,0.0,0,0.199011296034,0.199011296034,[[ 0.00407551  0.00251716  0.00345854  0.00474179  0.00250357]],0.0,0.0,0.0
2014-04-04 19:50:00,0.0,0,0.197987645864,0.197987645864,[[ 0.00401984  0.00268568  0.00344091  0.00506954  0.004054  ]],0.0,0.0,0.0
2014-04-04 19:55:00,0.0,0,0.198654860258,0.198654860258,[[ 0.00391965  0.00297075  0.00342073  0.00675215  0.00585636]],0.0,0.0,0.0
2014-04-04 20:00:00,0.0,0,0.198593258858,0.198593258858,[[ 0.00418989  0.00360581  0.0047481   0.00824492  0.00753798]],0.0,0.0,0.0
2014-04-04 20:05:00,0.0,0,0.198116824031,0.198116824031,[[ 0.00484633  0.00575459  0.00629452  0.00969833  0.00930122]],0.0,0.0,0.0
2014-04-04 20:10:00,1.0,0,0.0426700823009,0.0426700823009,[[ 0.15607882  0.16352648  0.17378186  0.22845224  0.28259221]],0.0,0.0,0.0
2014-04-04 20:15:00,0.0,0,0.151103019714,0.151103019714,[[ 0.06908123  0.07713084  0.08617552  0.11746266  0.14937076]],0.0,0.0,0.0
2014-04-04 20:20:00,0.0,0,0.174907058477,0.174907058477,[[ 0.04199155  0.04573479  0.0574768   0.07269923  0.08654524]],0.0,0.0,0.0
2014-04-04 20:25:00,0.0,0,0.185661941767,0.185661941767,[[ 0.02611593  0.02640255  0.03942681  0.04549565  0.04647487]],0.0,0.0,0.0
2014-04-04 20:30:00,0.0,0,0.193987593055,0.193987593055,[[ 0.01839098  0.01650439  0.03048139  0.02985645  0.02270727]],0.0,0.0,0.0
2014-04-04 20:35:00,0.0,0,0.1943256706,0.1943256706,[[ 0.01500122  0.0136738   0.0258979   0.02136808  0.00957061]],0.0,0.0,0.0
2014-04-04 20:40:00,0.0,0,0.0273132137954,0.0273132137954,[[ 0.11735152  0.1279448   0.13611631  0.18598095  0.2308858 ]],0.0,0.0,0.0
2014-04-04 20:45:00,0.0,0,0.00714388629422,0.00714388629422,[[ 0.05295752  0.06352015  0.07136312  0.09774332  0.11930496]],0.0,0.0,0.0
2014-04-04 20:50:00,0.0,0,0.00279032671824,0.00279032671824,[[ 0.03495117  0.04183987  0.05069979  0.06187651  0.06767794]],0.0,0.0,0.0
2014-04-04 20:55:00,0.0,0,0.00114803633187,0.00114803633187,[[ 0.02531241  0.02945533  0.03810746  0.03915161  0.03531034]],0.0,0.0,0.0
2014-04-04 21:00:00,0.0,0,0.00057536305394,0.00057536305394,[[ 0.02119739  0.02334681  0.03119382  0.02565211  0.01585329]],0.0,0.0,0.0
2014-04-04 21:05:00,0.0,0,0.000385463819839,0.000385463819839,[[ 0.01997259  0.02076376  0.02750474  0.01784758  0.00471531]],0.0,0.0,0.0
2014-04-04 21:10:00,0.0,0,0.000320767692756,0.000320767692756,"[[  1.98461488e-02   1.98300779e-02   2.51828134e-02   1.35112405e-02
   -9.59858298e-05]]",0.0,0.0,0.0
2014-04-04 21:15:00,0.0,0,0.000295633508358,0.000295633508358,[[ 0.0200123   0.01974033  0.02357612  0.0114523  -0.00100309]],0.0,0.0,0.0
2014-04-04 21:20:00,0.0,0,0.000291759351967,0.000291759351967,[[ 0.0204784   0.02032804  0.02258506  0.01077428  0.00018194]],0.0,0.0,0.0
2014-04-04 21:25:00,0.0,0,0.000302637054119,0.000302637054119,[[ 0.02114093  0.0213527   0.0220493   0.01088616  0.00237237]],0.0,0.0,0.0
2014-04-04 21:30:00,0.0,0,0.000323518033838,0.000323518033838,[[ 0.02186532  0.02257949  0.02179908  0.01140659  0.00493504]],0.0,0.0,0.0
2014-04-04 21:35:00,0.0,0,0.000348376837792,0.000348376837792,[[ 0.02248265  0.02376245  0.0216553   0.01208588  0.00753261]],0.0,0.0,0.0
2014-04-04 21:40:00,0.0,0,0.000376024225261,0.000376024225261,[[ 0.02304663  0.02488787  0.02161419  0.01280178  0.00992518]],0.0,0.0,0.0
2014-04-04 21:45:00,0.0,0,0.000402657547966,0.000402657547966,[[ 0.02350006  0.02586152  0.02159835  0.01346396  0.0120187 ]],0.0,0.0,0.0
2014-04-04 21:50:00,0.0,0,0.000424730125815,0.000424730125815,[[ 0.02390284  0.02660111  0.02177426  0.01395942  0.01325525]],0.0,0.0,0.0
2014-04-04 21:55:00,0.0,0,0.000441592186689,0.000441592186689,[[ 0.02409577  0.02716507  0.02166326  0.01435024  0.01463517]],0.0,0.0,0.0
2014-04-04 22:00:00,0.0,0,0.000454526103567,0.000454526103567,[[ 0.02420237  0.02757711  0.02154015  0.0146547   0.0157366 ]],0.0,0.0,0.0
2014-04-04 22:05:00,0.0,0,0.00046350248158,0.00046350248158,[[ 0.02423911  0.02785303  0.02140334  0.01487388  0.01657866]],0.0,0.0,0.0
2014-04-04 22:10:00,0.0,0,0.000468847807497,0.000468847807497,[[ 0.02421492  0.02801314  0.02125184  0.01501868  0.01720288]],0.0,0.0,0.0
2014-04-04 22:15:00,0.0,0,0.000470991013572,0.000470991013572,[[ 0.02413626  0.02807511  0.02108136  0.01510211  0.01765465]],0.0,0.0,0.0
2014-04-04 22:20:00,0.0,0,0.000536977895536,0.000536977895536,[[ 0.02483995  0.0298031   0.02140961  0.0166147   0.02110028]],0.0,0.0,0.0
2014-04-04 22:25:00,0.0,0,0.000524158123881,0.000524158123881,[[ 0.0245913   0.02945954  0.02116115  0.0163911   0.02077816]],0.0,0.0,0.0
2014-04-04 22:30:00,0.0,0,0.000510272278916,0.000510272278916,[[ 0.0243136   0.02906838  0.02089363  0.01616351  0.02043128]],0.0,0.0,0.0
2014-04-04 22:35:00,0.0,0,0.00049554661382,0.00049554661382,[[ 0.0240102   0.0286377   0.02060932  0.01593165  0.020064  ]],0.0,0.0,0.0
2014-04-04 22:40:00,0.0,0,0.000480157090351,0.000480157090351,[[ 0.02368326  0.02817409  0.02030968  0.01569483  0.01967991]],0.0,0.0,0.0
2014-04-04 22:45:00,0.0,0,0.000459901144495,0.000459901144495,[[ 0.02315521  0.02754414  0.0198728   0.01539356  0.01930732]],0.0,0.0,0.0
2014-04-04 22:50:00,0.0,0,0.000437072303612,0.000437072303612,[[ 0.02249944  0.02684158  0.01934876  0.01502845  0.01893244]],0.0,0.0,0.0
2014-04-04 22:55:00,0.0,0,0.000412646157201,0.000412646157201,[[ 0.02174833  0.02609231  0.01876     0.01460893  0.01854923]],0.0,0.0,0.0
2014-04-04 23:00:00,0.0,0,0.000386957777664,0.000386957777664,[[ 0.02090807  0.02530017  0.01811083  0.01413741  0.01815694]],0.0,0.0,0.0
2014-04-04 23:05:00,0.0,0,0.000360297795851,0.000360297795851,[[ 0.01998318  0.0244675   0.0174045   0.0136155   0.017754  ]],0.0,0.0,0.0
2014-04-04 23:10:00,0.0,0,0.000333009840688,0.000333009840688,[[ 0.01898002  0.02359788  0.01664549  0.01304612  0.01733997]],0.0,0.0,0.0
2014-04-04 23:15:00,0.0,0,0.000305353256408,0.000305353256408,[[ 0.01790196  0.02269231  0.0158362   0.01243041  0.01691286]],0.0,0.0,0.0
2014-04-04 23:20:00,0.0,0,0.000277659186395,0.000277659186395,[[ 0.01675503  0.02175392  0.01498085  0.01177143  0.01647238]],0.0,0.0,0.0
2014-04-04 23:25:00,0.0,0,0.000250183918979,0.000250183918979,[[ 0.01554289  0.02078338  0.01408205  0.01107063  0.01601644]],0.0,0.0,0.0
2014-04-04 23:30:00,0.0,0,0.000223209266551,0.000223209266551,[[ 0.01427018  0.0197823   0.01314295  0.01033025  0.01554405]],0.0,0.0,0.0
2014-04-04 23:35:00,0.0,0,0.00019703192811,0.00019703192811,[[ 0.01294263  0.01875311  0.01216758  0.00955345  0.01505491]],0.0,0.0,0.0
2014-04-04 23:40:00,0.0,0,0.000171921419678,0.000171921419678,[[ 0.0115658   0.01769767  0.0111597   0.00874313  0.01454822]],0.0,0.0,0.0
2014-04-04 23:45:00,0.0,0,0.0001481200743,0.0001481200743,[[ 0.01014493  0.01661722  0.01012281  0.00790188  0.01402275]],0.0,0.0,0.0
2014-04-04 23:50:00,0.0,0,0.000125882972497,0.000125882972497,[[ 0.00868703  0.01551447  0.00906164  0.00703359  0.01347838]],0.0,0.0,0.0
2014-04-04 23:55:00,0.0,0,0.00010545571422,0.00010545571422,[[ 0.00720075  0.01439317  0.00798201  0.00614314  0.01291564]],0.0,0.0,0.0
2014-04-05 00:00:00,0.0,0,8.70485746418e-05,8.70485746418e-05,[[ 0.00569554  0.0132574   0.00689021  0.00523579  0.01233517]],0.0,0.0,0.0
2014-04-05 00:05:00,0.0,0,7.08371153451e-05,7.08371153451e-05,[[ 0.00418227  0.0121121   0.00579351  0.00431776  0.01173812]],0.0,0.0,0.0
2014-04-05 00:10:00,0.0,0,5.6954111642e-05,5.6954111642e-05,[[ 0.00267375  0.01096346  0.00470037  0.0033963   0.01112635]],0.0,0.0,0.0
2014-04-05 00:15:00,0.0,0,4.54755136161e-05,4.54755136161e-05,[[ 0.00118464  0.00981898  0.00362057  0.00247985  0.01050255]],0.0,0.0,0.0
2014-04-05 00:20:00,0.0,0,3.64026273019e-05,3.64026273019e-05,[[-0.00026903  0.00868692  0.00256474  0.00157757  0.00986973]],0.0,0.0,0.0
2014-04-05 00:25:00,0.0,0,2.96639973385e-05,2.96639973385e-05,[[-0.00166865  0.00757775  0.00154535  0.00070032  0.00923227]],0.0,0.0,0.0
2014-04-05 00:30:00,0.0,0,2.51005949394e-05,2.51005949394e-05,[[-0.00299349  0.00650378  0.00057631 -0.00013964  0.008596  ]],0.0,0.0,0.0
2014-04-05 00:35:00,0.0,0,2.24570776481e-05,2.24570776481e-05,[[-0.0042222   0.00547807 -0.00032803 -0.00092961  0.00796727]],0.0,0.0,0.0
2014-04-05 00:40:00,0.0,0,2.13925195567e-05,2.13925195567e-05,[[-0.00533356  0.00451399 -0.00115324 -0.00165685  0.00735286]],0.0,0.0,0.0
2014-04-05 00:45:00,0.0,0,2.15020154428e-05,2.15020154428e-05,[[-0.0063074   0.00362501 -0.00188559 -0.00230893  0.00676014]],0.0,0.0,0.0
2014-04-05 00:50:00,0.0,0,2.23465976887e-05,2.23465976887e-05,[[-0.00712644  0.00282333 -0.00251316 -0.00287495  0.00619631]],0.0,0.0,0.0
2014-04-05 00:55:00,0.0,0,2.34936778725e-05,2.34936778725e-05,[[-0.00777755  0.00211924 -0.0030267  -0.00334608  0.00566831]],0.0,0.0,0.0
2014-04-05 01:00:00,0.0,0,2.45590636041e-05,2.45590636041e-05,[[-0.0082533   0.00151983 -0.00342077 -0.00371667  0.00518201]],0.0,0.0,0.0
2014-04-05 01:05:00,0.0,0,2.5242978154e-05,2.5242978154e-05,[[-0.0085526   0.00102872 -0.00369408 -0.00398455  0.00474203]],0.0,0.0,0.0
2014-04-05 01:10:00,0.0,0,2.53526559391e-05,2.53526559391e-05,[[-0.00868089  0.00064546 -0.00384983 -0.00415134  0.00435133]],0.0,0.0,0.0
2014-04-05 01:15:00,0.0,0,2.48073574767e-05,2.48073574767e-05,[[-0.00864958  0.00036591 -0.00389525 -0.00422218  0.00401097]],0.0,0.0,0.0
2014-04-05 01:20:00,0.0,0,2.36268588196e-05,2.36268588196e-05,[[-0.00847489  0.0001827  -0.00384083 -0.00420522  0.0037204 ]],0.0,0.0,0.0
2014-04-05 01:25:00,0.0,0,2.19081830437e-05,2.19081830437e-05,"[[ -8.17651302e-03   8.58306885e-05  -3.69960815e-03  -4.11091745e-03
    3.47727537e-03]]",0.0,0.0,0.0
2014-04-05 01:30:00,0.0,0,1.9795856133e-05,1.9795856133e-05,"[[ -7.77600706e-03   6.37173653e-05  -3.48592550e-03  -3.95108014e-03
    3.27814370e-03]]",0.0,0.0,0.0
2014-04-05 01:35:00,0.0,0,1.7453556211e-05,1.7453556211e-05,[[-0.0072955   0.00010392 -0.00321466 -0.00373819  0.00311842]],0.0,0.0,0.0
2014-04-05 01:40:00,0.0,0,1.50400474013e-05,1.50400474013e-05,[[-0.00675642  0.00019397 -0.00290034 -0.00348467  0.00299307]],0.0,0.0,0.0
2014-04-05 01:45:00,0.0,0,1.26926315716e-05,1.26926315716e-05,[[-0.00617881  0.00032178 -0.0025566  -0.00320234  0.00289667]],0.0,0.0,0.0
2014-04-05 01:50:00,0.0,0,1.05171711766e-05,1.05171711766e-05,[[-0.00558048  0.00047627 -0.00219572 -0.00290198  0.00282393]],0.0,0.0,0.0
2014-04-05 01:55:00,0.0,0,8.58572457219e-06,8.58572457219e-06,[[-0.00497697  0.00064756 -0.00182844 -0.00259317  0.00276971]],0.0,0.0,0.0
2014-04-05 02:00:00,0.0,0,6.93766105542e-06,6.93766105542e-06,[[-0.00438126  0.00082703 -0.00146384 -0.00228411  0.00272927]],0.0,0.0,0.0
2014-04-05 02:05:00,0.0,0,5.58476585866e-06,5.58476585866e-06,[[-0.00380395  0.00100744 -0.00110939 -0.00198168  0.00269835]],0.0,0.0,0.0
2014-04-05 02:10:00,0.0,0,4.51694813819e-06,4.51694813819e-06,[[-0.00325329  0.00118287 -0.00077101 -0.00169137  0.00267329]],0.0,0.0,0.0
2014-04-05 02:15:00,0.0,0,3.70882412426e-06,3.70882412426e-06,[[-0.00273555  0.00134869 -0.00045321 -0.00141751  0.00265089]],0.0,0.0,0.0
2014-04-05 02:20:00,0.0,0,3.12546535497e-06,3.12546535497e-06,[[-0.00225519  0.00150118 -0.00015934 -0.00116335  0.00262852]],0.0,0.0,0.0
2014-04-05 02:25:00,0.0,0,2.72732040685e-06,2.72732040685e-06,[[-0.00181522  0.00163765  0.00010833 -0.00093119  0.002604  ]],0.0,0.0,0.0
2014-04-05 02:30:00,0.0,0,2.4741298148e-06,2.4741298148e-06,[[-0.00141732  0.00175627  0.00034838 -0.00072251  0.00257565]],0.0,0.0,0.0
2014-04-05 02:35:00,0.0,0,2.32771640185e-06,2.32771640185e-06,[[-0.0010621   0.00185588  0.00056024 -0.0005381   0.00254221]],0.0,0.0,0.0
2014-04-05 02:40:00,0.0,0,2.25380540542e-06,2.25380540542e-06,[[-0.00074939  0.00193585  0.0007438  -0.00037821  0.00250272]],0.0,0.0,0.0
2014-04-05 02:45:00,0.0,0,2.22332346311e-06,2.22332346311e-06,[[-0.00047826  0.00199615  0.00089955 -0.00024254  0.00245667]],0.0,0.0,0.0
2014-04-05 02:50:00,0.0,0,2.21254458665e-06,2.21254458665e-06,[[-0.00024732  0.002037    0.00102834 -0.00013051  0.00240368]],0.0,0.0,0.0
2014-04-05 02:55:00,0.0,0,2.20322135647e-06,2.20322135647e-06,"[[ -5.48064709e-05   2.05892324e-03   1.13122165e-03  -4.12166119e-05
    2.34362483e-03]]",0.0,0.0,0.0
2014-04-05 03:00:00,0.0,0,2.18265313379e-06,2.18265313379e-06,"[[  1.01521611e-04   2.06288695e-03   1.20968372e-03   2.65911222e-05
    2.27671117e-03]]",0.0,0.0,0.0
2014-04-05 03:05:00,0.0,0,2.14238389162e-06,2.14238389162e-06,"[[  2.23904848e-04   2.04983354e-03   1.26518309e-03   7.41779804e-05
    2.20312923e-03]]",0.0,0.0,0.0
2014-04-05 03:10:00,0.0,0,2.07840867006e-06,2.07840867006e-06,[[ 0.000315    0.00202106  0.0012995   0.00010313  0.00212339]],0.0,0.0,0.0
2014-04-05 03:15:00,0.0,0,1.98976590582e-06,1.98976590582e-06,[[ 0.00037742  0.00197785  0.00131441  0.00011503  0.00203803]],0.0,0.0,0.0
2014-04-05 03:20:00,0.0,0,1.87812804597e-06,1.87812804597e-06,[[ 0.00041388  0.00192165  0.00131174  0.00011155  0.00194769]],0.0,0.0,0.0
2014-04-05 03:25:00,0.0,0,1.74708327449e-06,1.74708327449e-06,"[[  4.27171588e-04   1.85395032e-03   1.29342079e-03   9.44286585e-05
    1.85309350e-03]]",0.0,0.0,0.0
2014-04-05 03:30:00,0.0,0,1.60145532391e-06,1.60145532391e-06,"[[  4.20048833e-04   1.77631527e-03   1.26136839e-03   6.54533505e-05
    1.75505131e-03]]",0.0,0.0,0.0
2014-04-05 03:35:00,0.0,0,1.44655041368e-06,1.44655041368e-06,"[[  3.95245850e-04   1.69023126e-03   1.21743977e-03   2.63378024e-05
    1.65432692e-03]]",0.0,0.0,0.0
2014-04-05 03:40:00,0.0,0,1.28807187139e-06,1.28807187139e-06,"[[  3.55452299e-04   1.59732252e-03   1.16356462e-03  -2.11596489e-05
    1.55185163e-03]]",0.0,0.0,0.0
2014-04-05 03:45:00,0.0,0,1.131315571e-06,1.131315571e-06,"[[  3.03298235e-04   1.49916112e-03   1.10156089e-03  -7.53253698e-05
    1.44844502e-03]]",0.0,0.0,0.0
2014-04-05 03:50:00,0.0,0,9.80997469924e-07,9.80997469924e-07,[[ 0.00024132  0.00139719  0.00103321 -0.00013451  0.00134499]],0.0,0.0,0.0
2014-04-05 03:55:00,0.0,0,8.41045050493e-07,8.41045050493e-07,[[ 0.00017193  0.00129288  0.00096019 -0.00019718  0.00124229]],0.0,0.0,0.0
2014-04-05 04:00:00,1.0,0,7.14541954494e-07,7.14541954494e-07,"[[  9.73939896e-05   1.18768215e-03   8.84145498e-04  -2.61798501e-04
    1.14122033e-03]]",0.0,0.0,0.0
2014-04-05 04:05:00,0.0,0,0.199583604932,0.199583604932,"[[  1.98557973e-05   1.08281523e-03   8.06555152e-04  -3.26976180e-04
    1.04245543e-03]]",0.0,0.0,0.0
2014-04-05 04:10:00,0.0,0,0.199591547251,0.199591547251,[[ 0.00104169  0.00186059  0.00157939  0.00103125  0.0034943 ]],0.0,0.0,0.0
2014-04-05 04:15:00,0.0,0,0.198794528842,0.198794528842,[[ 0.00300165  0.00343224  0.00305911  0.00444549  0.00639272]],0.0,0.0,0.0
2014-04-05 04:20:00,0.0,0,0.197657987475,0.197657987475,[[ 0.00617769  0.00598734  0.00656092  0.00799769  0.00914869]],0.0,0.0,0.0
2014-04-05 04:25:00,0.0,0,0.195995345712,0.195995345712,[[ 0.01031554  0.01058815  0.01061565  0.01165011  0.01186786]],0.0,0.0,0.0
2014-04-05 04:30:00,1.0,0,0.0379120185971,0.0379120185971,[[ 0.14158368  0.14888041  0.16024715  0.2169207   0.27315754]],0.0,0.0,0.0
2014-04-05 04:35:00,0.0,0,0.151163294911,0.151163294911,[[ 0.06999936  0.07783692  0.08641382  0.11845063  0.14949423]],0.0,0.0,0.0
2014-04-05 04:40:00,0.0,0,0.17361459136,0.17361459136,[[ 0.04846738  0.05179714  0.06217183  0.07743386  0.08970718]],0.0,0.0,0.0
2014-04-05 04:45:00,0.0,0,0.183465927839,0.183465927839,[[ 0.03553992  0.03533188  0.04634947  0.05204486  0.05157669]],0.0,0.0,0.0
2014-04-05 04:50:00,0.0,0,0.19048602879,0.19048602879,[[ 0.02930035  0.02639474  0.03844311  0.03712074  0.02843573]],0.0,0.0,0.0
2014-04-05 04:55:00,0.0,0,0.189999416471,0.189999416471,[[ 0.02675199  0.02331465  0.03440696  0.02881546  0.0150854 ]],0.0,0.0,0.0
2014-04-05 05:00:00,0.0,0,0.0257415231317,0.0257415231317,[[ 0.11148306  0.12060504  0.13023487  0.18216771  0.22712855]],0.0,0.0,0.0
2014-04-05 05:05:00,0.0,0,0.00766561925411,0.00766561925411,[[ 0.05749182  0.06512358  0.07416888  0.10224695  0.12176308]],0.0,0.0,0.0
2014-04-05 05:10:00,0.0,0,0.00339523749426,0.00339523749426,[[ 0.04303059  0.04583577  0.0561385   0.06878014  0.07170355]],0.0,0.0,0.0
2014-04-05 05:15:00,0.0,0,0.0016620401293,0.0016620401293,[[ 0.03531374  0.03443077  0.04498111  0.04744127  0.04004608]],0.0,0.0,0.0
2014-04-05 05:20:00,0.0,0,0.000999009003863,0.000999009003863,[[ 0.03215519  0.02858234  0.0387795   0.0347117   0.02086591]],0.0,0.0,0.0
2014-04-05 05:25:00,0.0,0,0.000753638276365,0.000753638276365,[[ 0.03141971  0.02599959  0.03550244  0.02740294  0.00967835]],0.0,0.0,0.0
2014-04-05 05:30:00,0.0,0,0.000664706341922,0.000664706341922,[[ 0.03165886  0.02507748  0.03349188  0.02340537  0.00478026]],0.0,0.0,0.0
2014-04-05 05:35:00,0.0,0,0.000642777129542,0.000642777129542,[[ 0.03238209  0.02534368  0.03233097  0.02153186  0.00375119]],0.0,0.0,0.0
2014-04-05 05:40:00,0.0,0,0.000651370268315,0.000651370268315,[[ 0.03324144  0.02620845  0.03166812  0.02094039  0.00485854]],0.0,0.0,0.0
2014-04-05 05:45:00,0.0,0,0.000673683127388,0.000673683127388,[[ 0.033983    0.02725012  0.03121958  0.02112619  0.00707279]],0.0,0.0,0.0
2014-04-05 05:50:00,0.0,0,0.000703779631294,0.000703779631294,[[ 0.03459292  0.02831286  0.03090677  0.02170453  0.00971054]],0.0,0.0,0.0
2014-04-05 05:55:00,0.0,0,0.000737474649213,0.000737474649213,[[ 0.03507694  0.02930776  0.03067922  0.02244241  0.0123758 ]],0.0,0.0,0.0
2014-04-05 06:00:00,0.0,0,0.00077123416122,0.00077123416122,[[ 0.03544379  0.03018203  0.03050358  0.02320004  0.01484061]],0.0,0.0,0.0
2014-04-05 06:05:00,0.0,0,0.000802288122941,0.000802288122941,[[ 0.03570241  0.03091156  0.03035143  0.02389875  0.01699687]],0.0,0.0,0.0
2014-04-05 06:10:00,0.0,0,0.000826236791909,0.000826236791909,[[ 0.03592269  0.03142373  0.03040244  0.02441436  0.0182462 ]],0.0,0.0,0.0
2014-04-05 06:15:00,0.0,0,0.000843065965455,0.000843065965455,[[ 0.03594159  0.03178358  0.03016468  0.02482529  0.01967569]],0.0,0.0,0.0
2014-04-05 06:20:00,0.0,0,0.000854820187669,0.000854820187669,[[ 0.03588832  0.03201725  0.02992432  0.0251416   0.02081972]],0.0,0.0,0.0
2014-04-05 06:25:00,0.0,0,0.0008615089464,0.0008615089464,[[ 0.03577264  0.0321372   0.02967598  0.0253645   0.0217035 ]],0.0,0.0,0.0
2014-04-05 06:30:00,0.0,0,0.000863857683726,0.000863857683726,[[ 0.03560885  0.03216583  0.02942234  0.02550784  0.02236813]],0.0,0.0,0.0
2014-04-05 06:35:00,0.0,0,0.000862423505168,0.000862423505168,[[ 0.03540304  0.0321175   0.02915882  0.02558415  0.02285658]],0.0,0.0,0.0
2014-04-05 06:40:00,0.0,0,0.000923082698137,0.000923082698137,[[ 0.03547835  0.03318575  0.02904721  0.02690763  0.02622298]],0.0,0.0,0.0
2014-04-05 06:45:00,0.0,0,0.000903793028556,0.000903793028556,[[ 0.03513747  0.0328076   0.02873106  0.02665294  0.0259255 ]],0.0,0.0,0.0
2014-04-05 06:50:00,0.0,0,0.000883298635017,0.000883298635017,[[ 0.0347679   0.03239866  0.02839603  0.02638324  0.02560476]],0.0,0.0,0.0
2014-04-05 06:55:00,0.0,0,0.000861814361997,0.000861814361997,[[ 0.03437304  0.03196256  0.02804442  0.0261003   0.02526352]],0.0,0.0,0.0
2014-04-05 07:00:00,0.0,0,0.000839532527607,0.000839532527607,[[ 0.03395589  0.0315026   0.02767833  0.02580573  0.02490424]],0.0,0.0,0.0
2014-04-05 07:05:00,0.0,0,0.000816626299638,0.000816626299638,[[ 0.03351936  0.03102181  0.02729975  0.02550086  0.02452878]],0.0,0.0,0.0
2014-04-05 07:10:00,0.0,0,0.000793256913312,0.000793256913312,[[ 0.03306587  0.03052297  0.02691033  0.02518718  0.02413961]],0.0,0.0,0.0
2014-04-05 07:15:00,0.0,0,0.000769568257965,0.000769568257965,[[ 0.03259777  0.03000864  0.02651171  0.0248659   0.02373867]],0.0,0.0,0.0
2014-04-05 07:20:00,0.0,0,0.000745690369513,0.000745690369513,[[ 0.0321172   0.02948119  0.02610534  0.02453818  0.02332779]],0.0,0.0,0.0
2014-04-05 07:25:00,0.0,0,0.000721735879779,0.000721735879779,[[ 0.03162608  0.0289427   0.02569255  0.02420502  0.02290851]],0.0,0.0,0.0
2014-04-05 07:30:00,0.0,0,0.000697806361131,0.000697806361131,[[ 0.03112622  0.02839512  0.02527457  0.02386735  0.02248228]],0.0,0.0,0.0
2014-04-05 07:35:00,0.0,0,0.000673990813084,0.000673990813084,[[ 0.03061917  0.02784021  0.02485251  0.02352602  0.02205045]],0.0,0.0,0.0
2014-04-05 07:40:00,0.0,0,0.000650365022011,0.000650365022011,[[ 0.03010649  0.02727957  0.02442744  0.02318168  0.02161386]],0.0,0.0,0.0
2014-04-05 07:45:00,0.0,0,0.000627000990789,0.000627000990789,[[ 0.02958948  0.02671468  0.02400023  0.02283517  0.02117398]],0.0,0.0,0.0
2014-04-05 07:50:00,0.0,0,0.000603957683779,0.000603957683779,[[ 0.0290693   0.02614687  0.02357171  0.02248714  0.02073182]],0.0,0.0,0.0
2014-04-05 07:55:00,0.0,0,0.000581287604291,0.000581287604291,[[ 0.02854709  0.0255774   0.02314264  0.0221382   0.02028834]],0.0,0.0,0.0
2014-04-05 08:00:00,0.0,0,0.000559034000617,0.000559034000617,[[ 0.02802385  0.02500734  0.02271373  0.02178885  0.01984439]],0.0,0.0,0.0
2014-04-05 08:05:00,0.0,0,0.000537234183867,0.000537234183867,[[ 0.02750048  0.02443773  0.0222856   0.02143959  0.01940071]],0.0,0.0,0.0
2014-04-05 08:10:00,0.0,0,0.00051592028467,0.00051592028467,[[ 0.02697787  0.0238695   0.02185886  0.02109089  0.01895805]],0.0,0.0,0.0
2014-04-05 08:15:00,0.0,0,0.000495116517413,0.000495116517413,[[ 0.02645671  0.02330348  0.021434    0.02074313  0.01851699]],0.0,0.0,0.0
2014-04-05 08:20:00,0.0,0,0.000474843109259,0.000474843109259,[[ 0.02593771  0.02274039  0.02101149  0.02039669  0.01807812]],0.0,0.0,0.0
2014-04-05 08:25:00,0.0,0,0.000455116532976,0.000455116532976,[[ 0.02542146  0.02218093  0.02059176  0.0200519   0.01764198]],0.0,0.0,0.0
2014-04-05 08:30:00,0.0,0,0.000435946043581,0.000435946043581,[[ 0.02490856  0.02162568  0.02017523  0.01970897  0.01720874]],0.0,0.0,0.0
2014-04-05 08:35:00,0.0,0,0.000417341711,0.000417341711,[[ 0.02439946  0.02107521  0.01976221  0.01936824  0.01677906]],0.0,0.0,0.0
2014-04-05 08:40:00,0.0,0,0.000399309530621,0.000399309530621,[[ 0.02389462  0.02053001  0.01935299  0.01903001  0.01635341]],0.0,0.0,0.0
2014-04-05 08:45:00,0.0,0,0.000381852383725,0.000381852383725,[[ 0.02339445  0.01999056  0.01894788  0.01869451  0.01593213]],0.0,0.0,0.0
2014-04-05 08:50:00,0.0,0,0.000364969600923,0.000364969600923,[[ 0.02289931  0.01945724  0.0185471   0.01836191  0.01551551]],0.0,0.0,0.0
2014-04-05 08:55:00,0.0,0,0.000348658824805,0.000348658824805,[[ 0.0224095   0.01893043  0.01815087  0.01803242  0.01510382]],0.0,0.0,0.0
2014-04-05 09:00:00,0.0,0,0.000332915980835,0.000332915980835,[[ 0.02192531  0.01841044  0.0177594   0.01770617  0.01469734]],0.0,0.0,0.0
2014-04-05 09:05:00,0.0,0,0.00031773574301,0.00031773574301,[[ 0.02144702  0.01789754  0.01737288  0.01738335  0.0142963 ]],0.0,0.0,0.0
2014-04-05 09:10:00,0.0,0,0.00030311034061,0.00030311034061,[[ 0.02097483  0.017392    0.01699145  0.01706408  0.01390088]],0.0,0.0,0.0
2014-04-05 09:15:00,0.0,0,0.000289030693239,0.000289030693239,[[ 0.02050894  0.016894    0.01661522  0.01674846  0.01351122]],0.0,0.0,0.0
2014-04-05 09:20:00,0.0,0,0.000275489059277,0.000275489059277,[[ 0.02004956  0.01640382  0.01624436  0.01643663  0.01312756]],0.0,0.0,0.0
2014-04-05 09:25:00,0.0,0,0.000262472662143,0.000262472662143,[[ 0.01959679  0.01592152  0.01587893  0.01612864  0.01274993]],0.0,0.0,0.0
2014-04-05 09:30:00,0.0,0,0.000249971461017,0.000249971461017,[[ 0.01915078  0.0154473   0.01551903  0.0158246   0.01237851]],0.0,0.0,0.0
2014-04-05 09:35:00,0.0,0,0.000237972708419,0.000237972708419,[[ 0.01871163  0.01498123  0.01516472  0.01552455  0.01201336]],0.0,0.0,0.0
2014-04-05 09:40:00,0.0,0,0.000226464864681,0.000226464864681,[[ 0.01827943  0.01452345  0.01481608  0.0152286   0.01165459]],0.0,0.0,0.0
2014-04-05 09:45:00,0.0,0,0.000215434498386,0.000215434498386,[[ 0.01785427  0.01407403  0.01447313  0.01493676  0.01130226]],0.0,0.0,0.0
2014-04-05 09:50:00,0.0,0,0.000204868381843,0.000204868381843,[[ 0.01743616  0.01363301  0.01413591  0.0146491   0.01095641]],0.0,0.0,0.0
2014-04-05 09:55:00,0.0,0,0.000194753563846,0.000194753563846,[[ 0.0170252   0.01320048  0.01380447  0.01436564  0.0106171 ]],0.0,0.0,0.0
2014-04-05 10:00:00,0.0,0,0.000185074648471,0.000185074648471,[[ 0.0166214   0.01277636  0.01347883  0.01408634  0.01028412]],0.0,0.0,0.0
2014-04-05 10:05:00,0.0,0,0.000175819630385,0.000175819630385,[[ 0.01622476  0.01236075  0.01315897  0.0138113   0.00995774]],0.0,0.0,0.0
2014-04-05 10:10:00,0.0,0,0.000166974874446,0.000166974874446,[[ 0.01583531  0.01195365  0.0128449   0.01354054  0.00963794]],0.0,0.0,0.0
2014-04-05 10:15:00,0.0,0,0.000158526876476,0.000158526876476,[[ 0.01545305  0.01155506  0.0125366   0.01327407  0.00932476]],0.0,0.0,0.0
2014-04-05 10:20:00,0.0,0,0.000150461841258,0.000150461841258,[[ 0.01507794  0.01116496  0.01223408  0.01301189  0.00901813]],0.0,0.0,0.0
2014-04-05 10:25:00,0.0,0,0.000142766599311,0.000142766599311,[[ 0.01470999  0.01078331  0.01193732  0.012754    0.00871809]],0.0,0.0,0.0
2014-04-05 10:30:00,0.0,0,0.000135427617352,0.000135427617352,[[ 0.01434916  0.01041009  0.01164629  0.01250041  0.00842459]],0.0,0.0,0.0
2014-04-05 10:35:00,0.0,0,0.00012843197328,0.00012843197328,[[ 0.01399544  0.01004524  0.01136095  0.01225109  0.00813758]],0.0,0.0,0.0
2014-04-05 10:40:00,0.0,0,0.000121766795928,0.000121766795928,[[ 0.01364877  0.00968871  0.01108129  0.01200606  0.00785707]],0.0,0.0,0.0
2014-04-05 10:45:00,0.0,0,0.000115419155918,0.000115419155918,[[ 0.01330911  0.00934047  0.01080725  0.01176525  0.00758298]],0.0,0.0,0.0
2014-04-05 10:50:00,0.0,0,0.000109377317131,0.000109377317131,[[ 0.01297642  0.00900042  0.01053882  0.01152872  0.00731531]],0.0,0.0,0.0
2014-04-05 10:55:00,0.0,0,0.000103628357465,0.000103628357465,[[ 0.01265062  0.0086685   0.01027592  0.01129637  0.00705395]],0.0,0.0,0.0
2014-04-05 11:00:00,0.0,0,9.8160620837e-05,9.8160620837e-05,[[ 0.01233166  0.00834465  0.01001851  0.0110682   0.00679888]],0.0,0.0,0.0
2014-04-05 11:05:00,0.0,0,9.29626548896e-05,9.29626548896e-05,[[ 0.01201948  0.00802877  0.00976654  0.01084419  0.00655001]],0.0,0.0,0.0
2014-04-05 11:10:00,0.0,0,8.80231382325e-05,8.80231382325e-05,[[ 0.01171401  0.00772076  0.00951996  0.01062431  0.00630729]],0.0,0.0,0.0
2014-04-05 11:15:00,0.0,0,8.33317026263e-05,8.33317026263e-05,[[ 0.01141521  0.0074206   0.00927874  0.01040854  0.0060707 ]],0.0,0.0,0.0
2014-04-05 11:20:00,0.0,0,7.88766046753e-05,7.88766046753e-05,[[ 0.01112295  0.00712811  0.00904277  0.01019681  0.00584008]],0.0,0.0,0.0
2014-04-05 11:25:00,0.0,0,7.46481091483e-05,7.46481091483e-05,[[ 0.01083717  0.00684323  0.008812    0.0099891   0.00561541]],0.0,0.0,0.0
2014-04-05 11:30:00,0.0,0,7.06363280187e-05,7.06363280187e-05,[[ 0.01055783  0.00656588  0.00858639  0.00978538  0.00539661]],0.0,0.0,0.0
2014-04-05 11:35:00,0.0,0,6.6831431468e-05,6.6831431468e-05,[[ 0.0102848   0.00629592  0.00836587  0.00958561  0.00518361]],0.0,0.0,0.0
2014-04-05 11:40:00,0.0,0,6.32240335108e-05,6.32240335108e-05,[[ 0.01001801  0.00603328  0.00815036  0.00938974  0.0049763 ]],0.0,0.0,0.0
2014-04-05 11:45:00,0.0,0,5.98047845415e-05,5.98047845415e-05,[[ 0.00975737  0.00577779  0.00793978  0.0091977   0.00477462]],0.0,0.0,0.0
2014-04-05 11:50:00,0.0,0,5.65652626392e-05,5.65652626392e-05,[[ 0.00950279  0.0055294   0.00773408  0.00900948  0.00457845]],0.0,0.0,0.0
2014-04-05 11:55:00,0.0,0,5.34972823516e-05,5.34972823516e-05,[[ 0.00925422  0.00528798  0.0075332   0.00882504  0.00438777]],0.0,0.0,0.0
2014-04-05 12:00:00,0.0,0,5.05922471348e-05,5.05922471348e-05,[[ 0.00901151  0.00505342  0.00733703  0.00864432  0.00420243]],0.0,0.0,0.0
2014-04-05 12:05:00,0.0,0,4.78427755297e-05,4.78427755297e-05,[[ 0.00877463  0.00482561  0.00714555  0.00846726  0.0040224 ]],0.0,0.0,0.0
2014-04-05 12:10:00,0.0,0,4.52409112768e-05,4.52409112768e-05,[[ 0.00854343  0.00460442  0.00695864  0.00829382  0.00384752]],0.0,0.0,0.0
2014-04-05 12:15:00,0.0,0,4.27795966971e-05,4.27795966971e-05,[[ 0.00831784  0.00438972  0.00677624  0.00812396  0.00367775]],0.0,0.0,0.0
2014-04-05 12:20:00,1.0,0,4.04517704737e-05,4.04517704737e-05,[[ 0.00809774  0.0041814   0.00659828  0.00795759  0.00351295]],0.0,0.0,0.0
2014-04-05 12:25:00,0.0,0,0.198697000742,0.198697000742,[[ 0.00788309  0.00397937  0.0064247   0.00779473  0.0033531 ]],0.0,0.0,0.0
2014-04-05 12:30:00,0.0,0,0.19682534039,0.19682534039,[[ 0.00773486  0.00406616  0.00633115  0.00803896  0.00484332]],0.0,0.0,0.0
2014-04-05 12:35:00,0.0,0,0.197552412748,0.197552412748,[[ 0.00755593  0.00427265  0.00624374  0.00960266  0.00656386]],0.0,0.0,0.0
2014-04-05 12:40:00,0.0,0,0.198155537248,0.198155537248,[[ 0.00769693  0.0047737   0.00745191  0.01099422  0.00815874]],0.0,0.0,0.0
2014-04-05 12:45:00,0.0,0,0.19681571424,0.19681571424,[[ 0.00818052  0.00673097  0.00883842  0.01235457  0.00982709]],0.0,0.0,0.0
2014-04-05 12:50:00,1.0,0,0.0331089831889,0.0331089831889,[[ 0.12425847  0.13342264  0.14587909  0.20604749  0.26185274]],0.0,0.0,0.0
2014-04-05 12:55:00,0.0,0,0.151904419065,0.151904419065,[[ 0.05938884  0.06900397  0.07770591  0.11148389  0.14398213]],0.0,0.0,0.0
2014-04-05 13:00:00,0.0,0,0.175405472517,0.175405472517,[[ 0.03935629  0.0443101   0.05483734  0.07083999  0.08467349]],0.0,0.0,0.0
2014-04-05 13:05:00,0.0,0,0.185446888208,0.185446888208,[[ 0.02759293  0.02884078  0.04010981  0.045615    0.04659806]],0.0,0.0,0.0
2014-04-05 13:10:00,0.0,0,0.192674398422,0.192674398422,[[ 0.02148455  0.0200212   0.0324482   0.03085272  0.02339324]],0.0,0.0,0.0
2014-04-05 13:15:00,0.0,0,0.192945927382,0.192945927382,[[ 0.01866175  0.01673803  0.02829927  0.02285025  0.010084  ]],0.0,0.0,0.0
2014-04-05 13:20:00,0.0,0,0.0202527157962,0.0202527157962,[[ 0.08633792  0.10034138  0.10935741  0.16385093  0.21197827]],0.0,0.0,0.0
2014-04-05 13:25:00,0.0,0,0.00598669284955,0.00598669284955,[[ 0.04290193  0.05508607  0.06241333  0.09065309  0.11377613]],0.0,0.0,0.0
2014-04-05 13:30:00,0.0,0,0.00250393827446,0.00250393827446,[[ 0.03193749  0.0389248   0.04745254  0.05903244  0.06517649]],0.0,0.0,0.0
2014-04-05 13:35:00,0.0,0,0.00113255670294,0.00113255670294,[[ 0.02630182  0.02916341  0.0381463   0.03873366  0.03413292]],0.0,0.0,0.0
2014-04-05 13:40:00,0.0,0,0.000636346056126,0.000636346056126,[[ 0.02428181  0.02404076  0.03296549  0.02648342  0.01503564]],0.0,0.0,0.0
2014-04-05 13:45:00,0.0,0,0.00046417475096,0.00046417475096,[[ 0.02381603  0.02144114  0.0299199   0.01953618  0.00413338]],0.0,0.0,0.0
2014-04-05 13:50:00,0.0,0,0.000402042322094,0.000402042322094,[[ 0.02394331  0.02021778  0.02784827  0.0158845  -0.000572  ]],0.0,0.0,0.0
2014-04-05 13:55:00,0.0,0,0.000380711717298,0.000380711717298,[[ 0.02439197  0.01996683  0.02649093  0.01434783 -0.00151209]],0.0,0.0,0.0
2014-04-05 14:00:00,0.0,0,0.000378599128453,0.000378599128453,[[ 0.0249806   0.02034344  0.02562745  0.01407975 -0.00032328]],0.0,0.0,0.0
2014-04-05 14:05:00,0.0,0,0.000388897344237,0.000388897344237,[[ 0.0256012   0.02108618  0.0250966   0.01451924  0.00194702]],0.0,0.0,0.0
2014-04-05 14:10:00,0.0,0,0.000408235093346,0.000408235093346,[[ 0.02619413  0.02201249  0.02478772  0.01531054  0.00465289]],0.0,0.0,0.0
2014-04-05 14:15:00,0.0,0,0.000433264300227,0.000433264300227,[[ 0.02672365  0.02298621  0.02461329  0.01622517  0.0073981 ]],0.0,0.0,0.0
2014-04-05 14:20:00,0.0,0,0.000460806855699,0.000460806855699,[[ 0.02717268  0.02391987  0.02451751  0.01712782  0.00995233]],0.0,0.0,0.0
2014-04-05 14:25:00,0.0,0,0.000488317164127,0.000488317164127,[[ 0.02754194  0.02476727  0.02446704  0.01794685  0.01220182]],0.0,0.0,0.0
2014-04-05 14:30:00,0.0,0,0.000511048943736,0.000511048943736,[[ 0.0279167   0.02543022  0.02466206  0.01849577  0.01337518]],0.0,0.0,0.0
2014-04-05 14:35:00,0.0,0,0.000529055658262,0.000529055658262,[[ 0.02806268  0.02594265  0.02453344  0.01899512  0.01490098]],0.0,0.0,0.0
2014-04-05 14:40:00,0.0,0,0.000543470843695,0.000543470843695,[[ 0.02814028  0.02633935  0.02440343  0.01938622  0.01613581]],0.0,0.0,0.0
2014-04-05 14:45:00,0.0,0,0.000554090423975,0.000554090423975,[[ 0.02815719  0.02662734  0.02426495  0.01967568  0.01710816]],0.0,0.0,0.0
2014-04-05 14:50:00,0.0,0,0.000561237568036,0.000561237568036,[[ 0.02812452  0.02682281  0.02411727  0.01987845  0.01785891]],0.0,0.0,0.0
2014-04-05 14:55:00,0.0,0,0.000565311056562,0.000565311056562,[[ 0.02804792  0.02694     0.02395746  0.02001002  0.01843219]],0.0,0.0,0.0
2014-04-05 15:00:00,0.0,0,0.000620871898718,0.000620871898718,[[ 0.02822515  0.0282847   0.02395201  0.02134413  0.02187248]],0.0,0.0,0.0
2014-04-05 15:05:00,0.0,0,0.000609633978456,0.000609633978456,[[ 0.02800708  0.0280401   0.02372824  0.02112972  0.02163403]],0.0,0.0,0.0
2014-04-05 15:10:00,0.0,0,0.00059729226632,0.00059729226632,[[ 0.0277592   0.0277618   0.02348449  0.02090131  0.02137252]],0.0,0.0,0.0
2014-04-05 15:15:00,0.0,0,0.000584016437642,0.000584016437642,[[ 0.02748479  0.0274535   0.02322302  0.02066046  0.02109052]],0.0,0.0,0.0
2014-04-05 15:20:00,0.0,0,0.000569963478483,0.000569963478483,[[ 0.02718681  0.02711864  0.02294589  0.02040872  0.02079049]],0.0,0.0,0.0
2014-04-05 15:25:00,0.0,0,0.000555275881197,0.000555275881197,[[ 0.02686799  0.02676032  0.02265499  0.02014742  0.0204746 ]],0.0,0.0,0.0
2014-04-05 15:30:00,0.0,0,0.000540085602552,0.000540085602552,[[ 0.02653086  0.02638144  0.02235208  0.01987781  0.02014492]],0.0,0.0,0.0
2014-04-05 15:35:00,0.0,0,0.000524510047399,0.000524510047399,[[ 0.0261777   0.02598461  0.02203875  0.01960107  0.01980329]],0.0,0.0,0.0
2014-04-05 15:40:00,0.0,0,0.000508654513396,0.000508654513396,[[ 0.02581061  0.02557221  0.02171644  0.01931815  0.01945128]],0.0,0.0,0.0
2014-04-05 15:45:00,0.0,0,0.000492614752147,0.000492614752147,[[ 0.02543147  0.02514643  0.0213865   0.01903005  0.01909047]],0.0,0.0,0.0
2014-04-05 15:50:00,0.0,0,0.000476477725897,0.000476477725897,[[ 0.02504203  0.02470929  0.02105013  0.01873767  0.01872239]],0.0,0.0,0.0
2014-04-05 15:55:00,0.0,0,0.000460319395643,0.000460319395643,[[ 0.0246439   0.02426262  0.02070843  0.0184418   0.01834833]],0.0,0.0,0.0
2014-04-05 16:00:00,0.0,0,0.000444206583779,0.000444206583779,[[ 0.0242385   0.02380809  0.02036241  0.01814315  0.01796945]],0.0,0.0,0.0
2014-04-05 16:05:00,0.0,0,0.000428199302405,0.000428199302405,[[ 0.02382717  0.0233472   0.02001301  0.01784243  0.01758686]],0.0,0.0,0.0
2014-04-05 16:10:00,0.0,0,0.000412350345869,0.000412350345869,[[ 0.02341114  0.0228814   0.01966108  0.01754022  0.01720157]],0.0,0.0,0.0
2014-04-05 16:15:00,0.0,0,0.000396703922888,0.000396703922888,[[ 0.02299149  0.02241191  0.01930737  0.01723707  0.01681446]],0.0,0.0,0.0
2014-04-05 16:20:00,0.0,0,0.000381300982554,0.000381300982554,[[ 0.02256927  0.02193996  0.01895262  0.01693352  0.01642638]],0.0,0.0,0.0
2014-04-05 16:25:00,0.0,0,0.000366173975635,0.000366173975635,[[ 0.02214535  0.02146653  0.01859743  0.01663001  0.01603807]],0.0,0.0,0.0
2014-04-05 16:30:00,0.0,0,0.000351352384314,0.000351352384314,[[ 0.0217206   0.02099265  0.01824242  0.01632696  0.01565025]],0.0,0.0,0.0
2014-04-05 16:35:00,0.0,0,0.000336859608069,0.000336859608069,[[ 0.02129577  0.02051914  0.01788812  0.01602478  0.01526351]],0.0,0.0,0.0
2014-04-05 16:40:00,0.0,0,0.000322715466609,0.000322715466609,[[ 0.02087154  0.0200468   0.01753499  0.01572379  0.01487845]],0.0,0.0,0.0
2014-04-05 16:45:00,0.0,0,0.000308935705107,0.000308935705107,[[ 0.02044854  0.01957636  0.01718348  0.01542433  0.01449553]],0.0,0.0,0.0
2014-04-05 16:50:00,0.0,0,0.000295533973258,0.000295533973258,[[ 0.02002734  0.01910847  0.01683398  0.01512671  0.0141153 ]],0.0,0.0,0.0
2014-04-05 16:55:00,0.0,0,0.000282520195469,0.000282520195469,[[ 0.0196085   0.01864374  0.01648689  0.01483118  0.01373818]],0.0,0.0,0.0
2014-04-05 17:00:00,0.0,0,0.000269899552222,0.000269899552222,[[ 0.0191924   0.01818267  0.01614246  0.01453795  0.01336448]],0.0,0.0,0.0
2014-04-05 17:05:00,0.0,0,0.000257678941125,0.000257678941125,[[ 0.01877954  0.01772579  0.01580107  0.0142473   0.01299464]],0.0,0.0,0.0
2014-04-05 17:10:00,0.0,0,0.000245858624112,0.000245858624112,[[ 0.01837023  0.01727346  0.01546291  0.01395939  0.01262891]],0.0,0.0,0.0
2014-04-05 17:15:00,0.0,0,0.000234440434724,0.000234440434724,[[ 0.01796486  0.01682612  0.01512826  0.01367439  0.0122676 ]],0.0,0.0,0.0
2014-04-05 17:20:00,0.0,0,0.000223422815907,0.000223422815907,[[ 0.01756372  0.01638411  0.01479732  0.01339249  0.01191097]],0.0,0.0,0.0
2014-04-05 17:25:00,0.0,0,0.000212803090108,0.000212803090108,[[ 0.01716706  0.01594773  0.01447029  0.01311382  0.01155923]],0.0,0.0,0.0
2014-04-05 17:30:00,0.0,0,0.000202577211894,0.000202577211894,[[ 0.01677517  0.01551723  0.01414733  0.0128385   0.01121254]],0.0,0.0,0.0
2014-04-05 17:35:00,0.0,0,0.000192739549675,0.000192739549675,[[ 0.01638824  0.01509286  0.01382861  0.0125666   0.01087102]],0.0,0.0,0.0
2014-04-05 17:40:00,0.0,0,0.000183284661034,0.000183284661034,[[ 0.01600646  0.01467481  0.01351422  0.01229829  0.0105349 ]],0.0,0.0,0.0
2014-04-05 17:45:00,0.0,0,0.000174206346855,0.000174206346855,[[ 0.01562999  0.01426333  0.01320431  0.01203366  0.01020438]],0.0,0.0,0.0
2014-04-05 17:50:00,0.0,0,0.000165496574482,0.000165496574482,[[ 0.01525898  0.01385853  0.01289897  0.01177279  0.00987954]],0.0,0.0,0.0
2014-04-05 17:55:00,0.0,0,0.000157146976562,0.000157146976562,[[ 0.01489354  0.01346056  0.01259825  0.01151573  0.00956048]],0.0,0.0,0.0
2014-04-05 18:00:00,0.0,0,0.000149149171193,0.000149149171193,[[ 0.01453379  0.01306953  0.01230224  0.01126254  0.00924728]],0.0,0.0,0.0
2014-04-05 18:05:00,0.0,0,0.000141494296258,0.000141494296258,[[ 0.01417982  0.01268554  0.01201103  0.01101328  0.00894002]],0.0,0.0,0.0
2014-04-05 18:10:00,0.0,0,0.000134173125844,0.000134173125844,[[ 0.01383172  0.01230868  0.01172464  0.01076803  0.00863875]],0.0,0.0,0.0
2014-04-05 18:15:00,0.0,0,0.000127175197122,0.000127175197122,[[ 0.01348951  0.01193896  0.01144311  0.01052672  0.0083435 ]],0.0,0.0,0.0
2014-04-05 18:20:00,0.0,0,0.000120492317365,0.000120492317365,[[ 0.0131533   0.01157651  0.01116651  0.01028948  0.00805434]],0.0,0.0,0.0
2014-04-05 18:25:00,0.0,0,0.000114113521704,0.000114113521704,[[ 0.01282308  0.0112213   0.01089481  0.0100563   0.00777126]],0.0,0.0,0.0
2014-04-05 18:30:00,0.0,0,0.000108029096737,0.000108029096737,[[ 0.01249889  0.01087337  0.01062806  0.00982717  0.00749428]],0.0,0.0,0.0
2014-04-05 18:35:00,0.0,0,0.000102229372715,0.000102229372715,[[ 0.01218075  0.01053272  0.01036624  0.00960214  0.00722342]],0.0,0.0,0.0
2014-04-05 18:40:00,0.0,0,9.67036612565e-05,9.67036612565e-05,[[ 0.01186863  0.01019932  0.01010936  0.00938117  0.00695862]],0.0,0.0,0.0
2014-04-05 18:45:00,0.0,0,9.14429838303e-05,9.14429838303e-05,[[ 0.01156259  0.00987319  0.00985741  0.00916428  0.00669992]],0.0,0.0,0.0
2014-04-05 18:50:00,0.0,0,8.64375542733e-05,8.64375542733e-05,[[ 0.0112626   0.00955432  0.0096104   0.00895149  0.0064473 ]],0.0,0.0,0.0
2014-04-05 18:55:00,0.0,0,8.16767205833e-05,8.16767205833e-05,[[ 0.01096857  0.0092426   0.00936827  0.00874273  0.00620068]],0.0,0.0,0.0
2014-04-05 19:00:00,0.0,0,7.71522973082e-05,7.71522973082e-05,[[ 0.01068059  0.0089381   0.00913104  0.00853804  0.00596008]],0.0,0.0,0.0
2014-04-05 19:05:00,0.0,0,7.28536542738e-05,7.28536542738e-05,[[ 0.01039854  0.00864067  0.00889863  0.00833737  0.00572538]],0.0,0.0,0.0
2014-04-05 19:10:00,0.0,0,6.87726860633e-05,6.87726860633e-05,[[ 0.01012243  0.00835034  0.00867107  0.00814072  0.00549663]],0.0,0.0,0.0
2014-04-05 19:15:00,0.0,0,6.48996938253e-05,6.48996938253e-05,[[ 0.0098522   0.00806696  0.00844827  0.00794804  0.00527373]],0.0,0.0,0.0
2014-04-05 19:20:00,0.0,0,6.12265939708e-05,6.12265939708e-05,[[ 0.00958782  0.00779057  0.00823024  0.00775934  0.00505664]],0.0,0.0,0.0
2014-04-05 19:25:00,0.0,0,5.77439386689e-05,5.77439386689e-05,[[ 0.0093292   0.00752098  0.00801688  0.00757453  0.00484527]],0.0,0.0,0.0
2014-04-05 19:30:00,0.0,0,5.44443828403e-05,5.44443828403e-05,[[ 0.00907633  0.00725822  0.00780822  0.00739364  0.00463961]],0.0,0.0,0.0
2014-04-05 19:35:00,0.0,0,5.13191153004e-05,5.13191153004e-05,[[ 0.00882913  0.00700215  0.00760415  0.0072166   0.00443953]],0.0,0.0,0.0
2014-04-05 19:40:00,0.0,0,4.83607509523e-05,4.83607509523e-05,[[ 0.00858756  0.00675273  0.00740464  0.0070434   0.004245  ]],0.0,0.0,0.0
2014-04-05 19:45:00,0.0,0,4.55611334473e-05,4.55611334473e-05,[[ 0.00835151  0.0065098   0.00720964  0.00687394  0.00405592]],0.0,0.0,0.0
2014-04-05 19:50:00,0.0,0,4.29135652666e-05,4.29135652666e-05,[[ 0.00812097  0.00627335  0.00701909  0.00670826  0.00387227]],0.0,0.0,0.0
2014-04-05 19:55:00,0.0,0,4.04104030167e-05,4.04104030167e-05,[[ 0.00789582  0.00604326  0.00683293  0.00654624  0.0036939 ]],0.0,0.0,0.0
2014-04-05 20:00:00,0.0,0,3.80447672796e-05,3.80447672796e-05,[[ 0.00767599  0.0058194   0.0066511   0.00638787  0.00352074]],0.0,0.0,0.0
2014-04-05 20:05:00,0.0,0,3.58103498002e-05,3.58103498002e-05,[[ 0.00746144  0.0056017   0.00647356  0.0062331   0.00335276]],0.0,0.0,0.0
2014-04-05 20:10:00,0.0,0,3.37006458722e-05,3.37006458722e-05,[[ 0.00725208  0.00539009  0.00630023  0.0060819   0.00318984]],0.0,0.0,0.0
2014-04-05 20:15:00,0.0,0,3.17093981721e-05,3.17093981721e-05,[[ 0.00704783  0.00518443  0.00613105  0.00593419  0.00303189]],0.0,0.0,0.0
2014-04-05 20:20:00,0.0,0,2.98307477351e-05,2.98307477351e-05,[[ 0.00684862  0.00498462  0.00596596  0.00578994  0.00287884]],0.0,0.0,0.0
2014-04-05 20:25:00,0.0,0,2.80589301838e-05,2.80589301838e-05,[[ 0.00665434  0.00479057  0.0058049   0.00564907  0.00273058]],0.0,0.0,0.0
2014-04-05 20:30:00,0.0,0,2.6388637707e-05,2.6388637707e-05,[[ 0.00646494  0.00460218  0.00564779  0.00551157  0.00258704]],0.0,0.0,0.0
2014-04-05 20:35:00,0.0,0,2.48144733632e-05,2.48144733632e-05,[[ 0.00628033  0.00441931  0.00549457  0.00537735  0.0024481 ]],0.0,0.0,0.0
2014-04-05 20:40:00,1.0,0,2.33315822697e-05,2.33315822697e-05,[[ 0.00610043  0.00424189  0.00534519  0.00524639  0.00231373]],0.0,0.0,0.0
2014-04-05 20:45:00,0.0,0,0.199148416519,0.199148416519,[[ 0.00592518  0.00406983  0.00519958  0.00511862  0.00218381]],0.0,0.0,0.0
2014-04-05 20:50:00,0.0,0,0.197831138968,0.197831138968,[[ 0.00583737  0.00415212  0.00514735  0.00548334  0.00381546]],0.0,0.0,0.0
2014-04-05 20:55:00,0.0,0,0.19798412919,0.19798412919,[[ 0.00574949  0.00431287  0.00512155  0.00726692  0.00574163]],0.0,0.0,0.0
2014-04-05 21:00:00,0.0,0,0.198143869638,0.198143869638,[[ 0.00597173  0.00475764  0.00639825  0.00887472  0.007528  ]],0.0,0.0,0.0
2014-04-05 21:05:00,0.0,0,0.19746683538,0.19746683538,[[ 0.00650471  0.00672223  0.00783049  0.01038031  0.00932834]],0.0,0.0,0.0
2014-04-05 21:10:00,1.0,0,0.0281417183578,0.0281417183578,[[ 0.10365985  0.11628976  0.1287107   0.19130069  0.25155026]],0.0,0.0,0.0
2014-04-05 21:15:00,0.0,0,0.151990637183,0.151990637183,[[ 0.05011741  0.06426997  0.07057609  0.10499549  0.14133488]],0.0,0.0,0.0
2014-04-05 21:20:00,0.0,0,0.176811307669,0.176811307669,[[ 0.0342649   0.04402012  0.05109173  0.06660862  0.08434939]],0.0,0.0,0.0
2014-04-05 21:25:00,0.0,0,0.186075285077,0.186075285077,[[ 0.02492616  0.03071672  0.03836016  0.04273842  0.04726346]],0.0,0.0,0.0
2014-04-05 21:30:00,0.0,0,0.19160617888,0.19160617888,[[ 0.02006399  0.02264907  0.03173144  0.02859839  0.02426185]],0.0,0.0,0.0
2014-04-05 21:35:00,0.0,0,0.19329418242,0.19329418242,[[ 0.01777965  0.01941528  0.02800494  0.02087462  0.01081946]],0.0,0.0,0.0
2014-04-05 21:40:00,0.0,0,0.0169254280627,0.0169254280627,[[ 0.06692168  0.08577056  0.09378978  0.14987211  0.20379859]],0.0,0.0,0.0
2014-04-05 21:45:00,0.0,0,0.005351703614,0.005351703614,[[ 0.03433702  0.05158135  0.05605158  0.08439223  0.11249454]],0.0,0.0,0.0
2014-04-05 21:50:00,0.0,0,0.00231388164684,0.00231388164684,[[ 0.02743951  0.03902927  0.04429192  0.05511161  0.06552964]],0.0,0.0,0.0
2014-04-05 21:55:00,0.0,0,0.0010846790392,0.0010846790392,[[ 0.02409185  0.03095576  0.03676641  0.03609576  0.03507201]],0.0,0.0,0.0
2014-04-05 22:00:00,0.0,0,0.000630883616395,0.000630883616395,[[ 0.02329917  0.02643642  0.03251197  0.02449232  0.01599316]],0.0,0.0,0.0
2014-04-05 22:05:00,0.0,0,0.000469549413538,0.000469549413538,[[ 0.02335993  0.02380594  0.02980446  0.01791034  0.00512362]],0.0,0.0,0.0
2014-04-05 22:10:00,0.0,0,0.000409544823924,0.000409544823924,[[ 0.0237001   0.02234069  0.02785508  0.01452164  0.00037338]],0.0,0.0,0.0
2014-04-05 22:15:00,0.0,0,0.000387786654755,0.000387786654755,[[ 0.02421097  0.02179202  0.02652059  0.0131966  -0.0006147 ]],0.0,0.0,0.0
2014-04-05 22:20:00,0.0,0,0.000384808256058,0.000384808256058,[[ 0.02479941  0.02188911  0.02564339  0.01311514  0.00055464]],0.0,0.0,0.0
2014-04-05 22:25:00,0.0,0,0.000394694128772,0.000394694128772,[[ 0.02540323  0.02240267  0.02509437  0.01372846  0.00284065]],0.0,0.0,0.0
2014-04-05 22:30:00,0.0,0,0.000414089532569,0.000414089532569,[[ 0.02597608  0.023145    0.0247669   0.01467653  0.00558574]],0.0,0.0,0.0
2014-04-05 22:35:00,0.0,0,0.000439791532699,0.000439791532699,[[ 0.02648898  0.02398044  0.02458142  0.01573449  0.00839102]],0.0,0.0,0.0
2014-04-05 22:40:00,0.0,0,0.000469107239041,0.000469107239041,[[ 0.02694329  0.02483075  0.02449496  0.01677638  0.01102629]],0.0,0.0,0.0
2014-04-05 22:45:00,0.0,0,0.00049871171359,0.00049871171359,[[ 0.02732479  0.02562212  0.02446142  0.01771607  0.01334922]],0.0,0.0,0.0
2014-04-05 22:50:00,0.0,0,0.000524711504113,0.000524711504113,[[ 0.02780628  0.02630302  0.02475652  0.01834554  0.01445942]],0.0,0.0,0.0
2014-04-05 22:55:00,0.0,0,0.000543908507098,0.000543908507098,[[ 0.02795095  0.02676611  0.02462974  0.01892143  0.016038  ]],0.0,0.0,0.0
2014-04-05 23:00:00,0.0,0,0.00055952614639,0.00055952614639,[[ 0.02803205  0.02712655  0.02450506  0.01937839  0.01731951]],0.0,0.0,0.0
2014-04-05 23:05:00,0.0,0,0.000571191892959,0.000571191892959,[[ 0.02805518  0.02738474  0.02437271  0.01972232  0.01832876]],0.0,0.0,0.0
2014-04-05 23:10:00,0.0,0,0.000579365761951,0.000579365761951,[[ 0.02803425  0.02755816  0.02423342  0.01997326  0.01911196]],0.0,0.0,0.0
2014-04-05 23:15:00,0.0,0,0.000584474299103,0.000584474299103,[[ 0.02797262  0.02766195  0.02408543  0.02014797  0.01971476]],0.0,0.0,0.0
2014-04-05 23:20:00,0.0,0,0.0006489175139,0.0006489175139,[[ 0.02822722  0.02911747  0.02415793  0.02166327  0.02338979]],0.0,0.0,0.0
2014-04-05 23:25:00,0.0,0,0.000637807534076,0.000637807534076,[[ 0.02802832  0.02886309  0.02394553  0.02146803  0.02315401]],0.0,0.0,0.0
2014-04-05 23:30:00,0.0,0,0.000625475659035,0.000625475659035,[[ 0.02779822  0.02857466  0.02371217  0.02125573  0.0228922 ]],0.0,0.0,0.0
2014-04-05 23:35:00,0.0,0,0.000612105592154,0.000612105592154,[[ 0.0275403   0.02825595  0.02346019  0.0210283   0.02260731]],0.0,0.0,0.0
2014-04-05 23:40:00,0.0,0,0.00059786537895,0.00059786537895,[[ 0.02725767  0.02791041  0.02319174  0.02078749  0.02230199]],0.0,0.0,0.0
2014-04-05 23:45:00,0.0,0,0.000582909793593,0.000582909793593,[[ 0.02695314  0.02754122  0.02290879  0.0205349   0.02197871]],0.0,0.0,0.0
2014-04-05 23:50:00,0.0,0,0.000567379756831,0.000567379756831,[[ 0.02662931  0.0271513   0.02261315  0.02027197  0.02163973]],0.0,0.0,0.0
2014-04-05 23:55:00,0.0,0,0.000551402394194,0.000551402394194,[[ 0.02628856  0.02674331  0.02230643  0.02000006  0.02128708]],0.0,0.0,0.0
2014-04-06 00:00:00,0.0,0,0.000535092665814,0.000535092665814,[[ 0.02593302  0.02631965  0.02199017  0.01972039  0.02092265]],0.0,0.0,0.0
2014-04-06 00:05:00,0.0,0,0.000518554472364,0.000518554472364,[[ 0.02556469  0.02588255  0.02166573  0.01943406  0.02054814]],0.0,0.0,0.0
2014-04-06 00:10:00,0.0,0,0.000501879898366,0.000501879898366,[[ 0.02518533  0.02543404  0.02133436  0.01914211  0.02016515]],0.0,0.0,0.0
2014-04-06 00:15:00,0.0,0,0.000485152180772,0.000485152180772,[[ 0.02479663  0.02497596  0.02099723  0.01884546  0.0197751 ]],0.0,0.0,0.0
2014-04-06 00:20:00,0.0,0,0.000468444020953,0.000468444020953,[[ 0.02440006  0.02451     0.02065535  0.01854496  0.01937932]],0.0,0.0,0.0
2014-04-06 00:25:00,0.0,0,0.000451821542811,0.000451821542811,[[ 0.02399704  0.02403775  0.02030972  0.01824141  0.01897901]],0.0,0.0,0.0
2014-04-06 00:30:00,0.0,0,0.0004353406257,0.0004353406257,[[ 0.02358875  0.02356059  0.0199612   0.0179355   0.01857527]],0.0,0.0,0.0
2014-04-06 00:35:00,0.0,0,0.000419051939389,0.000419051939389,[[ 0.02317641  0.02307981  0.0196106   0.01762791  0.01816913]],0.0,0.0,0.0
2014-04-06 00:40:00,0.0,0,0.000402997073252,0.000402997073252,[[ 0.02276098  0.02259656  0.01925861  0.01731922  0.01776145]],0.0,0.0,0.0
2014-04-06 00:45:00,0.0,0,0.000387214415241,0.000387214415241,[[ 0.02234346  0.02211195  0.01890592  0.01700997  0.01735312]],0.0,0.0,0.0
2014-04-06 00:50:00,0.0,0,0.000371735281078,0.000371735281078,[[ 0.0219247   0.02162693  0.01855312  0.01670067  0.01694489]],0.0,0.0,0.0
2014-04-06 00:55:00,0.0,0,0.000356586358976,0.000356586358976,[[ 0.02150547  0.02114239  0.01820078  0.01639177  0.01653746]],0.0,0.0,0.0
2014-04-06 01:00:00,0.0,0,0.000341789651429,0.000341789651429,[[ 0.0210865   0.02065912  0.01784939  0.01608367  0.01613145]],0.0,0.0,0.0
2014-04-06 01:05:00,0.0,0,0.000327363522956,0.000327363522956,[[ 0.02066842  0.02017786  0.01749939  0.01577675  0.01572745]],0.0,0.0,0.0
2014-04-06 01:10:00,0.0,0,0.000313322350848,0.000313322350848,[[ 0.02025184  0.01969928  0.01715121  0.01547138  0.01532598]],0.0,0.0,0.0
2014-04-06 01:15:00,0.0,0,0.00029967710725,0.00029967710725,[[ 0.01983728  0.01922394  0.0168052   0.01516783  0.01492751]],0.0,0.0,0.0
2014-04-06 01:20:00,0.0,0,0.000286436232273,0.000286436232273,[[ 0.01942521  0.01875237  0.01646173  0.01486641  0.01453245]],0.0,0.0,0.0
2014-04-06 01:25:00,0.0,0,0.000273605284747,0.000273605284747,[[ 0.01901607  0.01828509  0.01612106  0.01456737  0.01414122]],0.0,0.0,0.0
2014-04-06 01:30:00,0.0,0,0.00026118819369,0.00026118819369,[[ 0.01861027  0.01782253  0.0157835   0.01427096  0.01375417]],0.0,0.0,0.0
2014-04-06 01:35:00,0.0,0,0.000249185191933,0.000249185191933,[[ 0.01820812  0.01736506  0.01544926  0.01397736  0.01337157]],0.0,0.0,0.0
2014-04-06 01:40:00,0.0,0,0.000237596497755,0.000237596497755,[[ 0.01780999  0.01691304  0.01511861  0.01368676  0.01299368]],0.0,0.0,0.0
2014-04-06 01:45:00,0.0,0,0.000226419811952,0.000226419811952,[[ 0.01741616  0.01646678  0.01479174  0.01339933  0.01262077]],0.0,0.0,0.0
2014-04-06 01:50:00,0.0,0,0.000215651190956,0.000215651190956,[[ 0.01702684  0.01602652  0.0144688   0.01311523  0.01225308]],0.0,0.0,0.0
2014-04-06 01:55:00,0.0,0,0.000205286269193,0.000205286269193,[[ 0.01664226  0.01559254  0.01414992  0.01283462  0.01189082]],0.0,0.0,0.0
2014-04-06 02:00:00,0.0,0,0.000195319254999,0.000195319254999,[[ 0.01626261  0.01516504  0.01383527  0.0125576   0.01153417]],0.0,0.0,0.0
2014-04-06 02:05:00,0.0,0,0.000185743527254,0.000185743527254,[[ 0.01588809  0.01474421  0.01352496  0.01228429  0.0111833 ]],0.0,0.0,0.0
2014-04-06 02:10:00,0.0,0,0.000176551766344,0.000176551766344,[[ 0.01551884  0.01433019  0.01321911  0.01201481  0.01083833]],0.0,0.0,0.0
2014-04-06 02:15:00,0.0,0,0.000167735153809,0.000167735153809,[[ 0.01515499  0.01392313  0.01291778  0.01174918  0.01049935]],0.0,0.0,0.0
2014-04-06 02:20:00,0.0,0,0.000159285686095,0.000159285686095,[[ 0.01479665  0.01352316  0.01262107  0.01148751  0.01016648]],0.0,0.0,0.0
2014-04-06 02:25:00,0.0,0,0.000151194399223,0.000151194399223,[[ 0.01444395  0.01313036  0.01232905  0.01122989  0.00983983]],0.0,0.0,0.0
2014-04-06 02:30:00,0.0,0,0.000143451034091,0.000143451034091,[[ 0.01409693  0.0127448   0.01204174  0.01097631  0.0095194 ]],0.0,0.0,0.0
2014-04-06 02:35:00,0.0,0,0.000136046117404,0.000136046117404,[[ 0.01375564  0.01236653  0.01175923  0.01072684  0.00920528]],0.0,0.0,0.0
2014-04-06 02:40:00,0.0,0,0.000128970394144,0.000128970394144,[[ 0.01342022  0.01199565  0.01148152  0.01048156  0.00889751]],0.0,0.0,0.0
2014-04-06 02:45:00,0.0,0,0.000122212717542,0.000122212717542,[[ 0.01309062  0.01163211  0.01120865  0.01024044  0.00859609]],0.0,0.0,0.0
2014-04-06 02:50:00,0.0,0,0.000115763847134,0.000115763847134,[[ 0.01276693  0.01127601  0.01094063  0.01000354  0.00830108]],0.0,0.0,0.0
2014-04-06 02:55:00,0.0,0,0.000109612476081,0.000109612476081,[[ 0.01244912  0.01092727  0.01067746  0.00977083  0.00801244]],0.0,0.0,0.0
2014-04-06 03:00:00,0.0,0,0.000103749291156,0.000103749291156,[[ 0.01213726  0.01058596  0.01041915  0.00954234  0.00773019]],0.0,0.0,0.0
2014-04-06 03:05:00,0.0,0,9.81634511845e-05,9.81634511845e-05,[[ 0.01183129  0.01025198  0.01016569  0.00931808  0.00745431]],0.0,0.0,0.0
2014-04-06 03:10:00,0.0,0,9.28456283873e-05,9.28456283873e-05,[[ 0.01153123  0.0099254   0.0099171   0.00909807  0.0071848 ]],0.0,0.0,0.0
2014-04-06 03:15:00,0.0,0,8.77850980032e-05,8.77850980032e-05,[[ 0.01123708  0.0096061   0.00967334  0.00888224  0.0069216 ]],0.0,0.0,0.0
2014-04-06 03:20:00,0.0,0,8.29724012874e-05,8.29724012874e-05,[[ 0.01094881  0.0092941   0.00943438  0.00867063  0.00666469]],0.0,0.0,0.0
2014-04-06 03:25:00,0.0,0,7.83977884566e-05,7.83977884566e-05,[[ 0.01066637  0.00898932  0.00920022  0.0084632   0.00641403]],0.0,0.0,0.0
2014-04-06 03:30:00,0.0,0,7.40518225939e-05,7.40518225939e-05,[[ 0.01038976  0.00869171  0.0089708   0.00825995  0.0061696 ]],0.0,0.0,0.0
2014-04-06 03:35:00,0.0,0,6.99250522302e-05,6.99250522302e-05,[[ 0.01011892  0.00840122  0.00874612  0.00806084  0.00593133]],0.0,0.0,0.0
2014-04-06 03:40:00,0.0,0,6.60082150716e-05,6.60082150716e-05,[[ 0.0098538   0.00811776  0.0085261   0.00786584  0.00569912]],0.0,0.0,0.0
2014-04-06 03:45:00,0.0,0,6.22926454525e-05,6.22926454525e-05,[[ 0.00959437  0.00784124  0.00831075  0.00767492  0.00547295]],0.0,0.0,0.0
2014-04-06 03:50:00,0.0,0,5.87696194998e-05,5.87696194998e-05,[[ 0.00934057  0.00757163  0.0081      0.00748806  0.00525275]],0.0,0.0,0.0
2014-04-06 03:55:00,0.0,0,5.54306134291e-05,5.54306134291e-05,[[ 0.00909235  0.00730882  0.00789379  0.00730518  0.00503843]],0.0,0.0,0.0
2014-04-06 04:00:00,0.0,0,5.22675109096e-05,5.22675109096e-05,[[ 0.00884964  0.00705271  0.00769208  0.00712629  0.00482995]],0.0,0.0,0.0
2014-04-06 04:05:00,0.0,0,4.92725630465e-05,4.92725630465e-05,[[ 0.00861239  0.00680326  0.00749485  0.00695134  0.00462723]],0.0,0.0,0.0
2014-04-06 04:10:00,0.0,0,4.64377844764e-05,4.64377844764e-05,[[ 0.00838053  0.00656034  0.007302    0.00678027  0.00443015]],0.0,0.0,0.0
2014-04-06 04:15:00,0.0,0,4.37562230218e-05,4.37562230218e-05,[[ 0.00815403  0.00632388  0.00711352  0.00661307  0.0042387 ]],0.0,0.0,0.0
2014-04-06 04:20:00,0.0,0,4.12201225117e-05,4.12201225117e-05,[[ 0.00793274  0.00609377  0.00692933  0.00644965  0.00405274]],0.0,0.0,0.0
2014-04-06 04:25:00,0.0,0,3.88227344956e-05,3.88227344956e-05,[[ 0.00771664  0.0058699   0.00674936  0.00628998  0.00387217]],0.0,0.0,0.0
2014-04-06 04:30:00,0.0,0,3.65575469914e-05,3.65575469914e-05,[[ 0.00750567  0.00565217  0.00657358  0.00613401  0.00369696]],0.0,0.0,0.0
2014-04-06 04:35:00,0.0,0,3.44179788954e-05,3.44179788954e-05,[[ 0.00729972  0.00544052  0.00640191  0.00598169  0.00352699]],0.0,0.0,0.0
2014-04-06 04:40:00,0.0,0,3.23978456436e-05,3.23978456436e-05,[[ 0.00709874  0.00523479  0.0062343   0.00583296  0.00336216]],0.0,0.0,0.0
2014-04-06 04:45:00,0.0,0,3.04911918647e-05,3.04911918647e-05,[[ 0.00690263  0.00503491  0.00607067  0.0056878   0.0032024 ]],0.0,0.0,0.0
2014-04-06 04:50:00,0.0,0,2.86921222141e-05,2.86921222141e-05,[[ 0.00671131  0.00484074  0.00591096  0.00554608  0.00304759]],0.0,0.0,0.0
2014-04-06 04:55:00,0.0,0,2.69954871328e-05,2.69954871328e-05,[[ 0.00652474  0.00465222  0.00575511  0.00540781  0.00289764]],0.0,0.0,0.0
2014-04-06 05:00:00,1.0,0,2.53959697147e-05,2.53959697147e-05,[[ 0.00634282  0.00446922  0.00560308  0.00527292  0.0027525 ]],0.0,0.0,0.0
2014-04-06 05:05:00,0.0,0,0.198979049921,0.198979049921,[[ 0.00616547  0.00429165  0.00545476  0.00514136  0.00261203]],0.0,0.0,0.0
2014-04-06 05:10:00,0.0,0,0.197824671865,0.197824671865,[[ 0.00606434  0.00436398  0.00539076  0.00550494  0.00425447]],0.0,0.0,0.0
2014-04-06 05:15:00,0.0,0,0.197894603014,0.197894603014,[[ 0.00596069  0.00451927  0.00535149  0.0072863   0.00619259]],0.0,0.0,0.0
2014-04-06 05:20:00,0.0,0,0.198070347309,0.198070347309,[[ 0.00615392  0.00494853  0.00660659  0.00888973  0.00798059]],0.0,0.0,0.0
2014-04-06 05:25:00,0.0,0,0.197411552072,0.197411552072,[[ 0.00665095  0.00689057  0.0080114   0.01039596  0.00977862]],0.0,0.0,0.0
2014-04-06 05:30:00,1.0,0,0.0251754317433,0.0251754317433,[[ 0.08932804  0.10335038  0.1175769   0.18213752  0.24539347]],0.0,0.0,0.0
2014-04-06 05:35:00,0.0,0,0.151512727141,0.151512727141,[[ 0.04494802  0.06186635  0.06715202  0.10173187  0.14159623]],0.0,0.0,0.0
2014-04-06 05:40:00,0.0,0,0.177408367395,0.177408367395,[[ 0.0325055   0.04466636  0.0499141   0.06506836  0.08603195]],0.0,0.0,0.0
2014-04-06 05:45:00,0.0,0,0.186116099358,0.186116099358,[[ 0.02486749  0.03257562  0.03837479  0.04213295  0.04901708]],0.0,0.0,0.0
2014-04-06 05:50:00,0.0,0,0.190712079406,0.190712079406,[[ 0.02087523  0.02500018  0.03248264  0.02821437  0.02547284]],0.0,0.0,0.0
2014-04-06 05:55:00,0.0,0,0.192894816399,0.192894816399,[[ 0.01887458  0.02170803  0.02899825  0.02055259  0.0115076 ]],0.0,0.0,0.0
2014-04-06 06:00:00,0.0,0,0.0145795885473,0.0145795885473,[[ 0.05172894  0.07318676  0.08179121  0.13916451  0.1970005 ]],0.0,0.0,0.0
2014-04-06 06:05:00,0.0,0,0.00496849603951,0.00496849603951,[[ 0.02774581  0.049118    0.05130232  0.0798491   0.11248229]],0.0,0.0,0.0
2014-04-06 06:10:00,0.0,0,0.00220614625141,0.00220614625141,[[ 0.02426579  0.0393057   0.04218899  0.05245124  0.06607512]],0.0,0.0,0.0
2014-04-06 06:15:00,0.0,0,0.00106998090632,0.00106998090632,[[ 0.02292252  0.03250065  0.03616078  0.03448379  0.0356572 ]],0.0,0.0,0.0
2014-04-06 06:20:00,0.0,0,0.000643784063868,0.000643784063868,[[ 0.02317534  0.02835302  0.03264295  0.02336871  0.01631781]],0.0,0.0,0.0
2014-04-06 06:25:00,0.0,0,0.000467391742859,0.000467391742859,[[ 0.02289923  0.02492354  0.02964042  0.01680088  0.0055296 ]],0.0,0.0,0.0
2014-04-06 06:30:00,0.0,0,0.00038548297016,0.00038548297016,[[ 0.02251821  0.02244991  0.02714965  0.01335842  0.00089182]],0.0,0.0,0.0
2014-04-06 06:35:00,0.0,0,0.000349237583578,0.000349237583578,"[[  2.25087926e-02   2.11776271e-02   2.54277736e-02   1.20198131e-02
   -5.21093607e-05]]",0.0,0.0,0.0
2014-04-06 06:40:00,0.0,0,0.000341444945661,0.000341444945661,[[ 0.02294352  0.02094716  0.0244277   0.01200628  0.00108308]],0.0,0.0,0.0
2014-04-06 06:45:00,0.0,0,0.000354059506208,0.000354059506208,[[ 0.02370271  0.02145272  0.02397567  0.01275437  0.00327917]],0.0,0.0,0.0
2014-04-06 06:50:00,0.0,0,0.00038141279947,0.00038141279947,[[ 0.02463631  0.02240016  0.0238906   0.01388106  0.00590795]],0.0,0.0,0.0
2014-04-06 06:55:00,0.0,0,0.00041320695891,0.00041320695891,[[ 0.02541824  0.02338699  0.02388605  0.01509131  0.00864323]],0.0,0.0,0.0
2014-04-06 07:00:00,0.0,0,0.000448194710771,0.000448194710771,[[ 0.02611136  0.02437957  0.02395938  0.01626896  0.01122836]],0.0,0.0,0.0
2014-04-06 07:05:00,0.0,0,0.000483186740894,0.000483186740894,[[ 0.02669845  0.02530392  0.02406725  0.017335    0.01353158]],0.0,0.0,0.0
2014-04-06 07:10:00,0.0,0,0.00051641871687,0.00051641871687,[[ 0.02743879  0.02618562  0.02458391  0.01808351  0.01456495]],0.0,0.0,0.0
2014-04-06 07:15:00,0.0,0,0.000537483138032,0.000537483138032,[[ 0.02765772  0.02668683  0.02450382  0.01870666  0.01612151]],0.0,0.0,0.0
2014-04-06 07:20:00,0.0,0,0.000555581878871,0.000555581878871,[[ 0.02782953  0.02710577  0.0244379   0.01921357  0.01738769]],0.0,0.0,0.0
2014-04-06 07:25:00,0.0,0,0.000569169351365,0.000569169351365,[[ 0.02791719  0.02741022  0.02434861  0.01959597  0.01839294]],0.0,0.0,0.0
2014-04-06 07:30:00,0.0,0,0.000579283572733,0.000579283572733,[[ 0.02795971  0.0276328   0.02425194  0.01988157  0.01917465]],0.0,0.0,0.0
2014-04-06 07:35:00,0.0,0,0.000586435722653,0.000586435722653,[[ 0.02796131  0.02778886  0.02414554  0.02009153  0.01978499]],0.0,0.0,0.0
2014-04-06 07:40:00,0.0,0,0.000677468487993,0.000677468487993,[[ 0.02870736  0.02978806  0.0245822   0.02215915  0.02409542]],0.0,0.0,0.0
2014-04-06 07:45:00,0.0,0,0.000666084582917,0.000666084582917,[[ 0.02851796  0.02954662  0.02437603  0.02194948  0.02383643]],0.0,0.0,0.0
2014-04-06 07:50:00,0.0,0,0.000653387163766,0.000653387163766,[[ 0.0282958   0.02926817  0.02414764  0.0217227   0.02355151]],0.0,0.0,0.0
2014-04-06 07:55:00,0.0,0,0.00063957052771,0.00063957052771,[[ 0.02804437  0.02895679  0.0238995   0.02148072  0.02324356]],0.0,0.0,0.0
2014-04-06 08:00:00,0.0,0,0.000624814187177,0.000624814187177,[[ 0.02776688  0.02861616  0.02363384  0.02122536  0.02291532]],0.0,0.0,0.0
2014-04-06 08:05:00,0.0,0,0.000609282986261,0.000609282986261,[[ 0.02746632  0.02824973  0.02335273  0.02095824  0.02256926]],0.0,0.0,0.0
2014-04-06 08:10:00,0.0,0,0.000593125121668,0.000593125121668,[[ 0.0271453   0.02786053  0.02305804  0.02068081  0.02220765]],0.0,0.0,0.0
2014-04-06 08:15:00,0.0,0,0.000576478021685,0.000576478021685,[[ 0.02680633  0.0274515   0.02275151  0.02039447  0.02183255]],0.0,0.0,0.0
2014-04-06 08:20:00,0.0,0,0.000559465843253,0.000559465843253,[[ 0.02645168  0.02702524  0.02243474  0.02010046  0.02144593]],0.0,0.0,0.0
2014-04-06 08:25:00,0.0,0,0.000542196445167,0.000542196445167,[[ 0.02608334  0.0265841   0.02210913  0.01979987  0.02104945]],0.0,0.0,0.0
2014-04-06 08:30:00,0.0,0,0.000524769886397,0.000524769886397,[[ 0.02570321  0.02613023  0.02177598  0.01949377  0.02064472]],0.0,0.0,0.0
2014-04-06 08:35:00,0.0,0,0.000507276505232,0.000507276505232,[[ 0.02531307  0.0256657   0.02143656  0.01918314  0.02023324]],0.0,0.0,0.0
2014-04-06 08:40:00,0.0,0,0.000489792670123,0.000489792670123,[[ 0.0249144   0.02519229  0.02109192  0.01886877  0.01981629]],0.0,0.0,0.0
2014-04-06 08:45:00,0.0,0,0.000472390733194,0.000472390733194,[[ 0.02450871  0.02471171  0.0207431   0.01855153  0.01939517]],0.0,0.0,0.0
2014-04-06 08:50:00,0.0,0,0.000455128873,0.000455128873,[[ 0.02409723  0.02422543  0.020391    0.01823208  0.01897088]],0.0,0.0,0.0
2014-04-06 08:55:00,0.0,0,0.000438062241301,0.000438062241301,[[ 0.02368122  0.02373486  0.02003645  0.01791111  0.01854455]],0.0,0.0,0.0
2014-04-06 09:00:00,0.0,0,0.000421237200499,0.000421237200499,[[ 0.02326172  0.02324128  0.01968025  0.01758925  0.01811705]],0.0,0.0,0.0
2014-04-06 09:05:00,0.0,0,0.000404331600294,0.000404331600294,[[ 0.02282631  0.02273547  0.01931438  0.01725937  0.01768572]],0.0,0.0,0.0
2014-04-06 09:10:00,0.0,0,0.000385590421502,0.000385590421502,[[ 0.02229398  0.022153    0.01888429  0.01689636  0.01726477]],0.0,0.0,0.0
2014-04-06 09:15:00,0.0,0,0.000365801999578,0.000365801999578,[[ 0.02169667  0.02152142  0.01841151  0.01650537  0.01684286]],0.0,0.0,0.0
2014-04-06 09:20:00,0.0,0,0.00034542317735,0.00034542317735,[[ 0.02104978  0.02085336  0.01790643  0.01609164  0.01641886]],0.0,0.0,0.0
2014-04-06 09:25:00,0.0,0,0.000324688968249,0.000324688968249,[[ 0.02035941  0.0201536   0.01737314  0.01565778  0.0159931 ]],0.0,0.0,0.0
2014-04-06 09:30:00,0.0,0,0.000303857785184,0.000303857785184,[[ 0.01963293  0.01942804  0.01681658  0.01520739  0.01556684]],0.0,0.0,0.0
2014-04-06 09:35:00,0.0,0,0.000283118337393,0.000283118337393,[[ 0.01887569  0.01868084  0.0162403   0.0147427   0.0151404 ]],0.0,0.0,0.0
2014-04-06 09:40:00,0.0,0,0.000262689165538,0.000262689165538,[[ 0.01809455  0.0179177   0.01564895  0.0142673   0.01471542]],0.0,0.0,0.0
2014-04-06 09:45:00,0.0,0,0.000242701455136,0.000242701455136,[[ 0.01729396  0.01714186  0.01504546  0.0137828   0.01429164]],0.0,0.0,0.0
2014-04-06 09:50:00,0.0,0,0.000223305309191,0.000223305309191,[[ 0.01647925  0.0163578   0.01443347  0.01329192  0.01387023]],0.0,0.0,0.0
2014-04-06 09:55:00,0.0,0,0.000204628420761,0.000204628420761,[[ 0.01565557  0.0155697   0.01381645  0.01279725  0.01345235]],0.0,0.0,0.0
2014-04-06 10:00:00,0.0,0,0.000186763776583,0.000186763776583,[[ 0.0148273   0.01478112  0.01319731  0.01230089  0.01303869]],0.0,0.0,0.0
2014-04-06 10:05:00,0.0,0,0.000169751234353,0.000169751234353,[[ 0.01399715  0.01399387  0.01257787  0.01180357  0.01262856]],0.0,0.0,0.0
2014-04-06 10:10:00,0.0,0,0.000153671819135,0.000153671819135,[[ 0.01316974  0.01321201  0.01196126  0.01130797  0.01222366]],0.0,0.0,0.0
2014-04-06 10:15:00,0.0,0,0.000138564108056,0.000138564108056,[[ 0.01234856  0.01243833  0.01134985  0.01081575  0.01182463]],0.0,0.0,0.0
2014-04-06 10:20:00,0.0,0,0.000124447295093,0.000124447295093,[[ 0.0115366   0.01167526  0.01074564  0.01032837  0.01143187]],0.0,0.0,0.0
2014-04-06 10:25:00,0.0,0,0.000111329092761,0.000111329092761,[[ 0.01073669  0.01092506  0.01015059  0.00984715  0.01104587]],0.0,0.0,0.0
2014-04-06 10:30:00,0.0,0,9.92037676042e-05,9.92037676042e-05,[[ 0.00995132  0.01018973  0.00956634  0.00937334  0.010667  ]],0.0,0.0,0.0
2014-04-06 10:35:00,0.0,0,8.80397346918e-05,8.80397346918e-05,[[ 0.00918186  0.00947009  0.00899379  0.0089072   0.0102948 ]],0.0,0.0,0.0
2014-04-06 10:40:00,0.0,0,7.78272078605e-05,7.78272078605e-05,[[ 0.008431    0.00876854  0.00843476  0.00845043  0.00993037]],0.0,0.0,0.0
2014-04-06 10:45:00,0.0,0,6.85366248945e-05,6.85366248945e-05,[[ 0.00770066  0.00808665  0.00789061  0.00800397  0.00957412]],0.0,0.0,0.0
2014-04-06 10:50:00,0.0,0,6.01297542744e-05,6.01297542744e-05,[[ 0.00699243  0.00742568  0.00736238  0.00756866  0.00922631]],0.0,0.0,0.0
2014-04-06 10:55:00,0.0,0,5.25639443367e-05,5.25639443367e-05,[[ 0.00630772  0.00678673  0.00685101  0.00714517  0.00888723]],0.0,0.0,0.0
2014-04-06 11:00:00,0.0,0,4.57926798845e-05,4.57926798845e-05,[[ 0.00564771  0.00617076  0.00635733  0.00673416  0.00855709]],0.0,0.0,0.0
2014-04-06 11:05:00,0.0,0,3.97655458073e-05,3.97655458073e-05,[[ 0.00501335  0.00557846  0.00588197  0.00633609  0.00823598]],0.0,0.0,0.0
2014-04-06 11:10:00,0.0,0,3.44321852026e-05,3.44321852026e-05,[[ 0.00440548  0.00501053  0.00542551  0.00595143  0.00792412]],0.0,0.0,0.0
2014-04-06 11:15:00,0.0,0,2.97401384159e-05,2.97401384159e-05,[[ 0.00382473  0.00446741  0.00498834  0.00558053  0.00762159]],0.0,0.0,0.0
2014-04-06 11:20:00,0.0,0,2.56379826169e-05,2.56379826169e-05,[[ 0.00327165  0.00394952  0.00457086  0.00522373  0.00732853]],0.0,0.0,0.0
2014-04-06 11:25:00,0.0,0,2.20733982133e-05,2.20733982133e-05,[[ 0.00274652  0.00345703  0.00417321  0.00488117  0.00704493]],0.0,0.0,0.0
2014-04-06 11:30:00,0.0,0,1.89962847799e-05,1.89962847799e-05,[[ 0.00224954  0.00299006  0.00379555  0.00455303  0.00677084]],0.0,0.0,0.0
2014-04-06 11:35:00,0.0,0,1.63576296472e-05,1.63576296472e-05,[[ 0.00178072  0.00254855  0.00343788  0.00423934  0.00650623]],0.0,0.0,0.0
2014-04-06 11:40:00,0.0,0,1.41083928611e-05,1.41083928611e-05,[[ 0.00133958  0.00213198  0.00309983  0.0039398   0.00625069]],0.0,0.0,0.0
2014-04-06 11:45:00,0.0,0,1.22074970932e-05,1.22074970932e-05,[[ 0.00092636  0.00174058  0.0027816   0.00365471  0.00600462]],0.0,0.0,0.0
2014-04-06 11:50:00,0.0,0,1.06131965367e-05,1.06131965367e-05,[[ 0.00054076  0.00137407  0.00248296  0.00338402  0.00576791]],0.0,0.0,0.0
2014-04-06 11:55:00,0.0,0,9.28680128709e-06,9.28680128709e-06,[[ 0.00018243  0.00103213  0.00220368  0.0031276   0.00554052]],0.0,0.0,0.0
2014-04-06 12:00:00,0.0,0,8.19207798486e-06,8.19207798486e-06,[[-0.00014915  0.00071421  0.00194337  0.00288523  0.00532229]],0.0,0.0,0.0
2014-04-06 12:05:00,0.0,0,7.29600287741e-06,7.29600287741e-06,[[-0.00045458  0.00041983  0.00170162  0.00265669  0.00511308]],0.0,0.0,0.0
2014-04-06 12:10:00,0.0,0,6.56854899717e-06,6.56854899717e-06,[[-0.00073451  0.00014836  0.00147799  0.00244168  0.00491273]],0.0,0.0,0.0
2014-04-06 12:15:00,0.0,0,5.98260430706e-06,5.98260430706e-06,[[-0.00098967 -0.00010087  0.00127195  0.0022399   0.00472106]],0.0,0.0,0.0
2014-04-06 12:20:00,0.0,0,5.51404355065e-06,5.51404355065e-06,[[-0.00122085 -0.00032854  0.00108294  0.00205102  0.00453788]],0.0,0.0,0.0
2014-04-06 12:25:00,0.0,0,5.14136263519e-06,5.14136263519e-06,[[-0.00142893 -0.00053543  0.00091036  0.0018746   0.00436296]],0.0,0.0,0.0
2014-04-06 12:30:00,0.0,0,4.84589600092e-06,4.84589600092e-06,[[-0.00161479 -0.00072235  0.00075363  0.0017103   0.00419608]],0.0,0.0,0.0
2014-04-06 12:35:00,0.0,0,4.61133549834e-06,4.61133549834e-06,[[-0.00177937 -0.00089014  0.00061203  0.00155766  0.00403699]],0.0,0.0,0.0
2014-04-06 12:40:00,0.0,0,4.42381724497e-06,4.42381724497e-06,[[-0.00192363 -0.00103961  0.00048494  0.00141626  0.00388549]],0.0,0.0,0.0
2014-04-06 12:45:00,0.0,0,4.27150507676e-06,4.27150507676e-06,[[-0.0020486  -0.00117171  0.00037163  0.0012856   0.00374126]],0.0,0.0,0.0
2014-04-06 12:50:00,0.0,0,4.14463102061e-06,4.14463102061e-06,[[-0.00215522 -0.00128725  0.00027144  0.00116526  0.00360411]],0.0,0.0,0.0
2014-04-06 12:55:00,0.0,0,4.03507056035e-06,4.03507056035e-06,[[-0.00224458 -0.00138719  0.00018361  0.00105472  0.00347372]],0.0,0.0,0.0
2014-04-06 13:00:00,0.0,0,3.93638492824e-06,3.93638492824e-06,[[-0.00231771 -0.00147243  0.00010744  0.0009535   0.00334983]],0.0,0.0,0.0
2014-04-06 13:05:00,0.0,0,3.84339864468e-06,3.84339864468e-06,"[[ -2.37558782e-03  -1.54384971e-03   4.22149897e-05   8.61115754e-04
    3.23215127e-03]]",0.0,0.0,0.0
2014-04-06 13:10:00,0.0,0,3.75227818949e-06,3.75227818949e-06,"[[ -2.41926312e-03  -1.60233676e-03  -1.27628446e-05   7.77065754e-04
    3.12042981e-03]]",0.0,0.0,0.0
2014-04-06 13:15:00,0.0,0,3.66016615772e-06,3.66016615772e-06,"[[ -2.44970620e-03  -1.64875388e-03  -5.81890345e-05   7.00891018e-04
    3.01442295e-03]]",0.0,0.0,0.0
2014-04-06 13:20:00,1.0,0,3.56512282451e-06,3.56512282451e-06,"[[ -2.46795267e-03  -1.68406963e-03  -9.48011875e-05   6.32092357e-04
    2.91379541e-03]]",0.0,0.0,0.0
2014-04-06 13:25:00,0.0,0,0.198876142502,0.198876142502,[[-0.00247496 -0.00170904 -0.00012323  0.00057018  0.00281829]],0.0,0.0,0.0
2014-04-06 13:30:00,0.0,0,0.199561446905,0.199561446905,"[[ -2.24630535e-03  -1.33866072e-03   4.04119492e-05   1.11114234e-03
    4.62965667e-03]]",0.0,0.0,0.0
2014-04-06 13:35:00,0.0,0,0.199731171131,0.199731171131,[[-0.00132059 -0.00033322  0.00070234  0.00345698  0.00680277]],0.0,0.0,0.0
2014-04-06 13:40:00,0.0,0,0.199398830533,0.199398830533,[[ 0.00071283  0.00156689  0.00323652  0.00599059  0.00886401]],0.0,0.0,0.0
2014-04-06 13:45:00,0.0,0,0.198558226228,0.198558226228,[[ 0.00374555  0.00552458  0.00636914  0.00875207  0.01097754]],0.0,0.0,0.0
2014-04-06 13:50:00,1.0,0,0.0217071659863,0.0217071659863,[[ 0.07015049  0.08626138  0.10196437  0.16974553  0.23867014]],0.0,0.0,0.0
2014-04-06 13:55:00,0.0,0,0.150438770652,0.150438770652,[[ 0.04064953  0.06082436  0.0637482   0.09957807  0.14392623]],0.0,0.0,0.0
2014-04-06 14:00:00,0.0,0,0.177304506302,0.177304506302,[[ 0.03387877  0.04957721  0.05139108  0.06609003  0.08993358]],0.0,0.0,0.0
2014-04-06 14:05:00,0.0,0,0.184788092971,0.184788092971,[[ 0.02977031  0.04012224  0.04261228  0.04504452  0.0531434 ]],0.0,0.0,0.0
2014-04-06 14:10:00,0.0,0,0.188128262758,0.188128262758,[[ 0.02622981  0.03215866  0.03699232  0.03146454  0.02963091]],0.0,0.0,0.0
2014-04-06 14:15:00,0.0,0,0.190918833017,0.190918833017,[[ 0.0243599   0.02827252  0.03349202  0.0237381   0.01536087]],0.0,0.0,0.0
2014-04-06 14:20:00,0.0,0,0.013825468719,0.013825468719,[[ 0.04600924  0.0687455   0.07771692  0.13513869  0.19489014]],0.0,0.0,0.0
2014-04-06 14:25:00,0.0,0,0.00539964204654,0.00539964204654,[[ 0.03050977  0.05444922  0.05411199  0.08193871  0.11601977]],0.0,0.0,0.0
2014-04-06 14:30:00,0.0,0,0.00269551062956,0.00269551062956,[[ 0.02973057  0.04721624  0.04693548  0.05618623  0.07074207]],0.0,0.0,0.0
2014-04-06 14:35:00,0.0,0,0.00148975558113,0.00148975558113,[[ 0.02994645  0.04082162  0.04181455  0.03914057  0.04006422]],0.0,0.0,0.0
2014-04-06 14:40:00,0.0,0,0.00100051914342,0.00100051914342,[[ 0.0308802   0.03645773  0.03858523  0.02849798  0.02046676]],0.0,0.0,0.0
2014-04-06 14:45:00,0.0,0,0.000805426680017,0.000805426680017,[[ 0.03188846  0.03344326  0.03629996  0.02211107  0.0092315 ]],0.0,0.0,0.0
2014-04-06 14:50:00,0.0,0,0.000713205081411,0.000713205081411,[[ 0.03235416  0.03115094  0.03424778  0.01890733  0.00429592]],0.0,0.0,0.0
2014-04-06 14:55:00,0.0,0,0.000667802989483,0.000667802989483,[[ 0.03264698  0.02971076  0.0326163   0.01777273  0.0032813 ]],0.0,0.0,0.0
2014-04-06 15:00:00,0.0,0,0.000649689813145,0.000649689813145,[[ 0.03288725  0.02899125  0.03139133  0.01789614  0.00454943]],0.0,0.0,0.0
2014-04-06 15:05:00,0.0,0,0.00065152841853,0.00065152841853,[[ 0.0331191   0.02881202  0.03051026  0.01872236  0.00701653]],0.0,0.0,0.0
2014-04-06 15:10:00,0.0,0,0.000668338441756,0.000668338441756,[[ 0.03334711  0.02899611  0.02989393  0.01988519  0.00999101]],0.0,0.0,0.0
2014-04-06 15:15:00,0.0,0,0.000695319264196,0.000695319264196,[[ 0.03356261  0.02939495  0.02946941  0.02115176  0.01304767]],0.0,0.0,0.0
2014-04-06 15:20:00,0.0,0,0.00072795280721,0.00072795280721,[[ 0.03375889  0.02989761  0.02918144  0.02238127  0.01592975]],0.0,0.0,0.0
2014-04-06 15:25:00,0.0,0,0.000762123556342,0.000762123556342,[[ 0.03392888  0.03042246  0.02898701  0.02349126  0.01848882]],0.0,0.0,0.0
2014-04-06 15:30:00,0.0,0,0.000793110462837,0.000793110462837,[[ 0.03439357  0.03099066  0.02932229  0.02416823  0.01945028]],0.0,0.0,0.0
2014-04-06 15:35:00,0.0,0,0.000813665334135,0.000813665334135,[[ 0.03435852  0.03124755  0.02905685  0.02485085  0.02120245]],0.0,0.0,0.0
2014-04-06 15:40:00,0.0,0,0.000830722972751,0.000830722972751,[[ 0.03429521  0.03144719  0.02882356  0.02540259  0.02263711]],0.0,0.0,0.0
2014-04-06 15:45:00,0.0,0,0.000843197689392,0.000843197689392,[[ 0.03419516  0.03157088  0.02860064  0.0258234   0.02377214]],0.0,0.0,0.0
2014-04-06 15:50:00,0.0,0,0.000851184304338,0.000851184304338,[[ 0.03406169  0.03162236  0.02838021  0.02612945  0.02464883]],0.0,0.0,0.0
2014-04-06 15:55:00,0.0,0,0.000855421356391,0.000855421356391,[[ 0.03390055  0.03161644  0.02816007  0.02634478  0.02532239]],0.0,0.0,0.0
2014-04-06 16:00:00,0.0,0,0.000935470219702,0.000935470219702,[[ 0.03400234  0.03299914  0.02815845  0.0279913   0.0292547 ]],0.0,0.0,0.0
2014-04-06 16:05:00,0.0,0,0.000918995123357,0.000918995123357,[[ 0.03373478  0.03265341  0.02789532  0.02778234  0.02899461]],0.0,0.0,0.0
2014-04-06 16:10:00,0.0,0,0.000901020481251,0.000901020481251,[[ 0.03343705  0.03227597  0.02761219  0.02755086  0.02870269]],0.0,0.0,0.0
2014-04-06 16:15:00,0.0,0,0.000881778425537,0.000881778425537,[[ 0.03311251  0.03187049  0.02731137  0.0272993   0.02838244]],0.0,0.0,0.0
2014-04-06 16:20:00,0.0,0,0.000861485023052,0.000861485023052,[[ 0.03276429  0.03144036  0.02699499  0.02702997  0.02803714]],0.0,0.0,0.0
2014-04-06 16:25:00,0.0,0,0.000840333115775,0.000840333115775,[[ 0.03239516  0.03098862  0.02666497  0.0267449   0.02766973]],0.0,0.0,0.0
2014-04-06 16:30:00,0.0,0,0.000818500120658,0.000818500120658,[[ 0.0320077   0.03051809  0.02632311  0.02644598  0.02728292]],0.0,0.0,0.0
2014-04-06 16:35:00,0.0,0,0.000796146516223,0.000796146516223,[[ 0.03160427  0.03003135  0.025971    0.02613495  0.02687921]],0.0,0.0,0.0
2014-04-06 16:40:00,0.0,0,0.000773415784352,0.000773415784352,[[ 0.03118698  0.02953074  0.02561016  0.02581336  0.02646086]],0.0,0.0,0.0
2014-04-06 16:45:00,0.0,0,0.000750436563976,0.000750436563976,[[ 0.03075778  0.02901839  0.02524187  0.02548265  0.02602994]],0.0,0.0,0.0
2014-04-06 16:50:00,0.0,0,0.000727325095795,0.000727325095795,[[ 0.03031846  0.02849628  0.02486738  0.02514412  0.02558838]],0.0,0.0,0.0
2014-04-06 16:55:00,0.0,0,0.000704182719346,0.000704182719346,[[ 0.02987061  0.02796615  0.02448782  0.02479898  0.02513785]],0.0,0.0,0.0
2014-04-06 17:00:00,0.0,0,0.000681101868395,0.000681101868395,[[ 0.02941573  0.02742968  0.02410422  0.02444834  0.02467998]],0.0,0.0,0.0
2014-04-06 17:05:00,0.0,0,0.000658162403852,0.000658162403852,[[ 0.02895518  0.02688836  0.02371751  0.02409317  0.02421621]],0.0,0.0,0.0
2014-04-06 17:10:00,0.0,0,0.000635433476418,0.000635433476418,[[ 0.02849015  0.02634349  0.02332851  0.02373438  0.02374782]],0.0,0.0,0.0
2014-04-06 17:15:00,0.0,0,0.000612978357822,0.000612978357822,[[ 0.02802178  0.02579638  0.02293804  0.02337281  0.0232761 ]],0.0,0.0,0.0
2014-04-06 17:20:00,0.0,0,0.000590848270804,0.000590848270804,[[ 0.02755105  0.0252481   0.02254675  0.02300923  0.02280205]],0.0,0.0,0.0
2014-04-06 17:25:00,0.0,0,0.000569088966586,0.000569088966586,[[ 0.02707891  0.02469966  0.02215531  0.0226443   0.02232672]],0.0,0.0,0.0
2014-04-06 17:30:00,0.0,0,0.000547739909962,0.000547739909962,[[ 0.02660619  0.02415203  0.02176429  0.02227867  0.021851  ]],0.0,0.0,0.0
2014-04-06 17:35:00,0.0,0,0.000526834221091,0.000526834221091,[[ 0.02613366  0.02360605  0.02137423  0.02191292  0.02137576]],0.0,0.0,0.0
2014-04-06 17:40:00,0.0,0,0.000506397220306,0.000506397220306,[[ 0.02566199  0.02306244  0.0209856   0.02154754  0.02090169]],0.0,0.0,0.0
2014-04-06 17:45:00,0.0,0,0.000486452190671,0.000486452190671,[[ 0.02519181  0.02252192  0.02059883  0.02118302  0.0204295 ]],0.0,0.0,0.0
2014-04-06 17:50:00,0.0,0,0.000467016448965,0.000467016448965,[[ 0.02472368  0.02198512  0.02021432  0.02081978  0.01995981]],0.0,0.0,0.0
2014-04-06 17:55:00,0.0,0,0.00044810352847,0.00044810352847,[[ 0.02425811  0.0214526   0.0198324   0.02045823  0.01949318]],0.0,0.0,0.0
2014-04-06 18:00:00,0.0,0,0.00042972411029,0.00042972411029,[[ 0.0237956   0.02092487  0.01945344  0.0200987   0.01903013]],0.0,0.0,0.0
2014-04-06 18:05:00,0.0,0,0.000411853485275,0.000411853485275,[[ 0.02333625  0.02040211  0.01907746  0.01974022  0.01856921]],0.0,0.0,0.0
2014-04-06 18:10:00,0.0,0,0.000394553819206,0.000394553819206,[[ 0.02288197  0.01989336  0.01870671  0.01937941  0.01810901]],0.0,0.0,0.0
2014-04-06 18:15:00,0.0,0,0.000377857912099,0.000377857912099,[[ 0.02243293  0.01939527  0.01834092  0.01902106  0.01765465]],0.0,0.0,0.0
2014-04-06 18:20:00,0.0,0,0.000361699494533,0.000361699494533,[[ 0.0219882   0.01890302  0.01797888  0.01866605  0.01720555]],0.0,0.0,0.0
2014-04-06 18:25:00,0.0,0,0.000346070621163,0.000346070621163,[[ 0.02154798  0.01841676  0.01762073  0.01831439  0.01676167]],0.0,0.0,0.0
2014-04-06 18:30:00,0.0,0,0.000330974027747,0.000330974027747,[[ 0.02111262  0.01793689  0.01726671  0.0179665   0.01632363]],0.0,0.0,0.0
2014-04-06 18:35:00,0.0,0,0.000316404330079,0.000316404330079,[[ 0.02068232  0.01746366  0.01691696  0.01762257  0.01589168]],0.0,0.0,0.0
2014-04-06 18:40:00,0.0,0,0.000302354426822,0.000302354426822,[[ 0.02025725  0.01699727  0.01657163  0.01728272  0.01546602]],0.0,0.0,0.0
2014-04-06 18:45:00,0.0,0,0.000288815586828,0.000288815586828,[[ 0.01983757  0.01653783  0.01623078  0.0169471   0.01504681]],0.0,0.0,0.0
2014-04-06 18:50:00,0.0,0,0.000275778409559,0.000275778409559,[[ 0.01942343  0.01608551  0.01589455  0.01661577  0.01463415]],0.0,0.0,0.0
2014-04-06 18:55:00,0.0,0,0.000263232883299,0.000263232883299,[[ 0.01901494  0.01564042  0.01556299  0.01628885  0.01422816]],0.0,0.0,0.0
2014-04-06 19:00:00,0.0,0,0.000251169170951,0.000251169170951,[[ 0.01861222  0.01520268  0.01523617  0.01596645  0.013829  ]],0.0,0.0,0.0
2014-04-06 19:05:00,0.0,0,0.000239577537286,0.000239577537286,[[ 0.01821539  0.01477243  0.0149142   0.01564867  0.01343683]],0.0,0.0,0.0
2014-04-06 19:10:00,0.0,0,0.000228445089306,0.000228445089306,[[ 0.01782449  0.01434969  0.01459707  0.01533554  0.01305167]],0.0,0.0,0.0
2014-04-06 19:15:00,0.0,0,0.000217760753003,0.000217760753003,[[ 0.0174396   0.01393454  0.01428488  0.01502714  0.01267359]],0.0,0.0,0.0
2014-04-06 19:20:00,0.0,0,0.000207511751796,0.000207511751796,[[ 0.01706076  0.01352701  0.01397762  0.01472347  0.01230264]],0.0,0.0,0.0
2014-04-06 19:25:00,0.0,0,0.000197685469175,0.000197685469175,[[ 0.01668799  0.01312709  0.0136753   0.01442459  0.01193881]],0.0,0.0,0.0
2014-04-06 19:30:00,0.0,0,0.000188270700164,0.000188270700164,[[ 0.01632137  0.01273488  0.01337798  0.01413053  0.01158219]],0.0,0.0,0.0
2014-04-06 19:35:00,0.0,0,0.000179252994712,0.000179252994712,[[ 0.01596084  0.01235028  0.01308562  0.01384127  0.01123267]],0.0,0.0,0.0
2014-04-06 19:40:00,0.0,0,0.000170621322468,0.000170621322468,[[ 0.01560648  0.01197335  0.01279825  0.01355685  0.01089036]],0.0,0.0,0.0
2014-04-06 19:45:00,0.0,0,0.000162363256095,0.000162363256095,[[ 0.01525827  0.01160411  0.01251587  0.01327729  0.01055522]],0.0,0.0,0.0
2014-04-06 19:50:00,0.0,0,0.000154465058586,0.000154465058586,[[ 0.01491617  0.01124246  0.01223844  0.01300251  0.01022719]],0.0,0.0,0.0
2014-04-06 19:55:00,0.0,0,0.000146915117512,0.000146915117512,[[ 0.01458021  0.01088838  0.01196597  0.01273258  0.00990623]],0.0,0.0,0.0
2014-04-06 20:00:00,0.0,0,0.000139700947329,0.000139700947329,[[ 0.01425031  0.01054186  0.01169841  0.01246743  0.00959234]],0.0,0.0,0.0
2014-04-06 20:05:00,0.0,0,0.000132811139338,0.000132811139338,[[ 0.01392651  0.01020286  0.01143578  0.01220708  0.00928546]],0.0,0.0,0.0
2014-04-06 20:10:00,0.0,0,0.000126233629999,0.000126233629999,[[ 0.01360875  0.00987131  0.01117805  0.01195148  0.00898558]],0.0,0.0,0.0
2014-04-06 20:15:00,0.0,0,0.000119955533592,0.000119955533592,[[ 0.01329696  0.0095471   0.01092511  0.01170057  0.00869252]],0.0,0.0,0.0
2014-04-06 20:20:00,0.0,0,0.000113967384095,0.000113967384095,[[ 0.01299116  0.00923026  0.01067703  0.0114544   0.00840634]],0.0,0.0,0.0
2014-04-06 20:25:00,0.0,0,0.000108257074316,0.000108257074316,[[ 0.01269127  0.00892068  0.01043372  0.01121288  0.00812694]],0.0,0.0,0.0
2014-04-06 20:30:00,0.0,0,0.000102813413832,0.000102813413832,[[ 0.01239724  0.00861827  0.01019512  0.01097596  0.00785422]],0.0,0.0,0.0
2014-04-06 20:35:00,0.0,0,9.76263545454e-05,9.76263545454e-05,[[ 0.01210903  0.00832298  0.00996122  0.01074364  0.00758812]],0.0,0.0,0.0
2014-04-06 20:40:00,0.0,0,9.26854918362e-05,9.26854918362e-05,[[ 0.01182657  0.00803473  0.00973197  0.01051586  0.00732858]],0.0,0.0,0.0
2014-04-06 20:45:00,0.0,0,8.79801955307e-05,8.79801955307e-05,[[ 0.0115498   0.00775342  0.00950731  0.01029254  0.00707546]],0.0,0.0,0.0
2014-04-06 20:50:00,0.0,0,8.35012324387e-05,8.35012324387e-05,[[ 0.01127868  0.00747895  0.00928721  0.01007368  0.00682873]],0.0,0.0,0.0
2014-04-06 20:55:00,0.0,0,7.92389182607e-05,7.92389182607e-05,[[ 0.01101311  0.00721128  0.0090716   0.0098592   0.0065883 ]],0.0,0.0,0.0
2014-04-06 21:00:00,0.0,0,7.51842235331e-05,7.51842235331e-05,[[ 0.01075309  0.0069503   0.00886042  0.00964906  0.00635406]],0.0,0.0,0.0
2014-04-06 21:05:00,0.0,0,7.13277768227e-05,7.13277768227e-05,[[ 0.01049846  0.00669588  0.00865364  0.00944321  0.0061259 ]],0.0,0.0,0.0
2014-04-06 21:10:00,0.0,0,6.76612908137e-05,6.76612908137e-05,[[ 0.01024922  0.00644796  0.00845119  0.00924157  0.00590376]],0.0,0.0,0.0
2014-04-06 21:15:00,0.0,0,6.41760125291e-05,6.41760125291e-05,[[ 0.01000525  0.0062064   0.00825301  0.0090441   0.00568751]],0.0,0.0,0.0
2014-04-06 21:20:00,0.0,0,6.08646769251e-05,6.08646769251e-05,[[ 0.00976655  0.00597117  0.00805905  0.00885076  0.00547711]],0.0,0.0,0.0
2014-04-06 21:25:00,0.0,0,5.7719018514e-05,5.7719018514e-05,[[ 0.00953299  0.00574215  0.00786926  0.00866149  0.00527242]],0.0,0.0,0.0
2014-04-06 21:30:00,0.0,0,5.47314302821e-05,5.47314302821e-05,[[ 0.0093045   0.0055192   0.00768357  0.00847619  0.00507335]],0.0,0.0,0.0
2014-04-06 21:35:00,0.0,0,5.18949527759e-05,5.18949527759e-05,[[ 0.00908104  0.00530224  0.00750191  0.00829485  0.0048798 ]],0.0,0.0,0.0
2014-04-06 21:40:00,1.0,0,4.9202448281e-05,4.9202448281e-05,[[ 0.0088625   0.0050912   0.00732424  0.00811739  0.00469166]],0.0,0.0,0.0
2014-04-06 21:45:00,0.0,0,0.198243111372,0.198243111372,[[ 0.0086488   0.00488593  0.00715049  0.00794373  0.00450885]],0.0,0.0,0.0
2014-04-06 21:50:00,0.0,0,0.196778565645,0.196778565645,[[ 0.00847024  0.00493846  0.0070302   0.00817785  0.00601361]],0.0,0.0,0.0
2014-04-06 21:55:00,0.0,0,0.197290599346,0.197290599346,[[ 0.00826863  0.00511345  0.00692202  0.00972267  0.00774828]],0.0,0.0,0.0
2014-04-06 22:00:00,0.0,0,0.197862967849,0.197862967849,[[ 0.00834195  0.00553037  0.00806877  0.01110262  0.00933082]],0.0,0.0,0.0
2014-04-06 22:05:00,0.0,0,0.196613892913,0.196613892913,[[ 0.00871152  0.00734305  0.00935189  0.01245447  0.0109623 ]],0.0,0.0,0.0
2014-04-06 22:10:00,1.0,0,0.024115819484,0.024115819484,[[ 0.08433232  0.09583236  0.11584135  0.17982441  0.24192411]],0.0,0.0,0.0
2014-04-06 22:15:00,0.0,0,0.150793164968,0.150793164968,[[ 0.0496733   0.06574141  0.07223619  0.10629554  0.14521374]],0.0,0.0,0.0
2014-04-06 22:20:00,0.0,0,0.17590996623,0.17590996623,[[ 0.03974809  0.05220234  0.0568905   0.07053381  0.0900051 ]],0.0,0.0,0.0
2014-04-06 22:25:00,0.0,0,0.183759316802,0.183759316802,[[ 0.03269355  0.04101709  0.04549417  0.047115    0.05238486]],0.0,0.0,0.0
2014-04-06 22:30:00,0.0,0,0.187816023827,0.187816023827,[[ 0.02868689  0.03307503  0.0391243   0.03203448  0.02750095]],0.0,0.0,0.0
2014-04-06 22:35:00,0.0,0,0.190305456519,0.190305456519,[[ 0.02592759  0.02856517  0.03471026  0.02326963  0.01216684]],0.0,0.0,0.0
2014-04-06 22:40:00,0.0,0,0.0126466155052,0.0126466155052,[[ 0.0425907   0.06480254  0.07474098  0.12990554  0.18643519]],0.0,0.0,0.0
2014-04-06 22:45:00,0.0,0,0.00493492744863,0.00493492744863,[[ 0.02861146  0.05260238  0.05239741  0.07827671  0.11052728]],0.0,0.0,0.0
2014-04-06 22:50:00,0.0,0,0.0023988825269,0.0023988825269,[[ 0.02784582  0.04578836  0.04523247  0.05233334  0.06586117]],0.0,0.0,0.0
2014-04-06 22:55:00,0.0,0,0.0012758775847,0.0012758775847,[[ 0.02775504  0.03942548  0.03995229  0.03485934  0.0352607 ]],0.0,0.0,0.0
2014-04-06 23:00:00,0.0,0,0.000825163151603,0.000825163151603,[[ 0.02828436  0.03468134  0.03646532  0.0236923   0.01523059]],0.0,0.0,0.0
2014-04-06 23:05:00,0.0,0,0.00063228153158,0.00063228153158,[[ 0.02827105  0.03065448  0.03337989  0.01708527  0.00404169]],0.0,0.0,0.0
2014-04-06 23:10:00,0.0,0,0.000534696970135,0.000534696970135,[[ 0.0279439   0.02754413  0.03072887  0.0137421  -0.00091381]],0.0,0.0,0.0
2014-04-06 23:15:00,0.0,0,0.000477934197988,0.000477934197988,[[ 0.02759692  0.02544901  0.02863049  0.01252463 -0.00196412]],0.0,0.0,0.0
2014-04-06 23:20:00,0.0,0,0.000445947982371,0.000445947982371,[[ 0.02736457  0.02425096  0.02707145  0.01262708 -0.00071038]],0.0,0.0,0.0
2014-04-06 23:25:00,0.0,0,0.000433190638432,0.000433190638432,[[ 0.0272614   0.02374756  0.02596303  0.01347565  0.001775  ]],0.0,0.0,0.0
2014-04-06 23:30:00,0.0,0,0.000435991969425,0.000435991969425,[[ 0.02726102  0.02372835  0.02520116  0.01468595  0.00479442]],0.0,0.0,0.0
2014-04-06 23:35:00,0.0,0,0.00045094761299,0.00045094761299,[[ 0.02733597  0.02403286  0.02469791  0.01602653  0.00794149]],0.0,0.0,0.0
2014-04-06 23:40:00,0.0,0,0.000473855616292,0.000473855616292,[[ 0.02745994  0.02451698  0.02438297  0.0173341   0.01091543]],0.0,0.0,0.0
2014-04-06 23:45:00,0.0,0,0.000500591238961,0.000500591238961,[[ 0.0276046   0.02507397  0.02419579  0.01851781  0.0135607 ]],0.0,0.0,0.0
2014-04-06 23:50:00,0.0,0,0.000527999014594,0.000527999014594,[[ 0.02823877  0.0257673   0.02470105  0.01913836  0.01421949]],0.0,0.0,0.0
2014-04-06 23:55:00,0.0,0,0.00054475129582,0.00054475129582,[[ 0.02819113  0.02606417  0.02444097  0.01986857  0.0160485 ]],0.0,0.0,0.0
2014-04-07 00:00:00,0.0,0,0.000559833191801,0.000559833191801,[[ 0.02813935  0.02632655  0.02422954  0.02046699  0.01755812]],0.0,0.0,0.0
2014-04-07 00:05:00,0.0,0,0.000571942073293,0.000571942073293,[[ 0.02806756  0.02652685  0.02403934  0.02093317  0.01876596]],0.0,0.0,0.0
2014-04-07 00:10:00,0.0,0,0.000580870546401,0.000580870546401,[[ 0.02797326  0.02666322  0.02385809  0.02128382  0.01971581]],0.0,0.0,0.0
2014-04-07 00:15:00,0.0,0,0.000587289745454,0.000587289745454,[[ 0.02786115  0.02675288  0.02368341  0.02154957  0.02047439]],0.0,0.0,0.0
2014-04-07 00:20:00,0.0,0,0.000666268635541,0.000666268635541,[[ 0.0280756   0.02841859  0.02381793  0.02347213  0.02484458]],0.0,0.0,0.0
2014-04-07 00:25:00,0.0,0,0.000654710107483,0.000654710107483,[[ 0.02786344  0.0281534   0.02359673  0.02327731  0.02461557]],0.0,0.0,0.0
2014-04-07 00:30:00,0.0,0,0.000641938648187,0.000641938648187,[[ 0.0276231   0.02785527  0.02335671  0.02306326  0.02435758]],0.0,0.0,0.0
2014-04-07 00:35:00,0.0,0,0.000628136622254,0.000628136622254,[[ 0.02735762  0.02752788  0.02309997  0.02283208  0.02407378]],0.0,0.0,0.0
2014-04-07 00:40:00,0.0,0,0.000613476731814,0.000613476731814,[[ 0.02706993  0.02717467  0.02282856  0.02258578  0.0237672 ]],0.0,0.0,0.0
2014-04-07 00:45:00,0.0,0,0.000598112703301,0.000598112703301,[[ 0.02676257  0.02679873  0.02254424  0.02232612  0.02344052]],0.0,0.0,0.0
2014-04-07 00:50:00,0.0,0,0.000582185399253,0.000582185399253,[[ 0.02643792  0.02640288  0.02224867  0.02205475  0.02309623]],0.0,0.0,0.0
2014-04-07 00:55:00,0.0,0,0.000565824680962,0.000565824680962,[[ 0.02609819  0.0259898   0.02194338  0.02177318  0.02273663]],0.0,0.0,0.0
2014-04-07 01:00:00,0.0,0,0.000549144227989,0.000549144227989,[[ 0.02574533  0.02556181  0.02162973  0.02148277  0.02236377]],0.0,0.0,0.0
2014-04-07 01:05:00,0.0,0,0.000532248348463,0.000532248348463,[[ 0.02538116  0.0251211   0.02130899  0.02118476  0.02197956]],0.0,0.0,0.0
2014-04-07 01:10:00,0.0,0,0.000515230000019,0.000515230000019,[[ 0.02500733  0.02466968  0.0209823   0.02088032  0.02158577]],0.0,0.0,0.0
2014-04-07 01:15:00,0.0,0,0.000498172477819,0.000498172477819,[[ 0.02462538  0.02420937  0.02065074  0.02057049  0.02118398]],0.0,0.0,0.0
2014-04-07 01:20:00,0.0,0,0.00048114702804,0.00048114702804,[[ 0.0242366   0.0237418   0.02031524  0.0202562   0.02077562]],0.0,0.0,0.0
2014-04-07 01:25:00,0.0,0,0.000464220065624,0.000464220065624,[[ 0.02384233  0.02326851  0.0199767   0.01993836  0.02036205]],0.0,0.0,0.0
2014-04-07 01:30:00,0.0,0,0.000447447499027,0.000447447499027,[[ 0.02344368  0.02279088  0.0196359   0.01961776  0.01994447]],0.0,0.0,0.0
2014-04-07 01:35:00,0.0,0,0.000430878426414,0.000430878426414,[[ 0.02304171  0.02231015  0.01929358  0.0192951   0.01952399]],0.0,0.0,0.0
2014-04-07 01:40:00,0.0,0,0.00041455635801,0.00041455635801,[[ 0.02263735  0.0218275   0.01895041  0.01897107  0.01910164]],0.0,0.0,0.0
2014-04-07 01:45:00,0.0,0,0.000398517062422,0.000398517062422,[[ 0.02223147  0.02134395  0.01860698  0.01864627  0.01867832]],0.0,0.0,0.0
2014-04-07 01:50:00,0.0,0,0.000382792961318,0.000382792961318,[[ 0.02182489  0.02086049  0.01826387  0.01832127  0.0182549 ]],0.0,0.0,0.0
2014-04-07 01:55:00,0.0,0,0.000367407890735,0.000367407890735,[[ 0.02141825  0.0203779   0.01792153  0.01799653  0.01783207]],0.0,0.0,0.0
2014-04-07 02:00:00,0.0,0,0.000352385512087,0.000352385512087,[[ 0.02101227  0.01989704  0.01758044  0.01767255  0.01741061]],0.0,0.0,0.0
2014-04-07 02:05:00,0.0,0,0.000337742676493,0.000337742676493,[[ 0.0206075   0.01941858  0.01724104  0.01734971  0.01699109]],0.0,0.0,0.0
2014-04-07 02:10:00,0.0,0,0.000323493324686,0.000323493324686,[[ 0.02020451  0.01894315  0.01690366  0.01702841  0.01657411]],0.0,0.0,0.0
2014-04-07 02:15:00,0.0,0,0.000309647759423,0.000309647759423,[[ 0.01980373  0.01847135  0.01656865  0.01670898  0.01616015]],0.0,0.0,0.0
2014-04-07 02:20:00,0.0,0,0.000296214071568,0.000296214071568,[[ 0.01940562  0.01800366  0.01623631  0.01639175  0.01574972]],0.0,0.0,0.0
2014-04-07 02:25:00,0.0,0,0.000283197528915,0.000283197528915,[[ 0.01901057  0.0175406   0.01590693  0.01607697  0.0153432 ]],0.0,0.0,0.0
2014-04-07 02:30:00,0.0,0,0.000270600256044,0.000270600256044,[[ 0.01861891  0.01708254  0.01558071  0.01576491  0.01494098]],0.0,0.0,0.0
2014-04-07 02:35:00,0.0,0,0.000258424261119,0.000258424261119,[[ 0.01823102  0.0166299   0.01525794  0.0154558   0.01454342]],0.0,0.0,0.0
2014-04-07 02:40:00,0.0,0,0.000246666662861,0.000246666662861,[[ 0.0178471   0.01618294  0.01493873  0.01514982  0.01415075]],0.0,0.0,0.0
2014-04-07 02:45:00,0.0,0,0.000235326384427,0.000235326384427,[[ 0.01746745  0.015742    0.01462331  0.01484719  0.01376332]],0.0,0.0,0.0
2014-04-07 02:50:00,0.0,0,0.00022439872555,0.00022439872555,[[ 0.01709227  0.01530733  0.01431184  0.01454804  0.01338132]],0.0,0.0,0.0
2014-04-07 02:55:00,0.0,0,0.000213878840441,0.000213878840441,[[ 0.01672178  0.01487916  0.01400442  0.01425253  0.01300495]],0.0,0.0,0.0
2014-04-07 03:00:00,0.0,0,0.000203760777367,0.000203760777367,[[ 0.01635615  0.0144577   0.01370119  0.01396079  0.01263443]],0.0,0.0,0.0
2014-04-07 03:05:00,0.0,0,0.000194036125322,0.000194036125322,[[ 0.01599548  0.01404307  0.01340222  0.01367291  0.01226985]],0.0,0.0,0.0
2014-04-07 03:10:00,0.0,0,0.000184698496014,0.000184698496014,[[ 0.01563998  0.01363545  0.01310765  0.01338901  0.01191143]],0.0,0.0,0.0
2014-04-07 03:15:00,0.0,0,0.000175738838152,0.000175738838152,[[ 0.01528972  0.01323496  0.01281753  0.01310916  0.01155921]],0.0,0.0,0.0
2014-04-07 03:20:00,0.0,0,0.000167148740729,0.000167148740729,[[ 0.01494481  0.01284172  0.01253192  0.01283348  0.01121337]],0.0,0.0,0.0
2014-04-07 03:25:00,0.0,0,0.000158917697263,0.000158917697263,[[ 0.01460531  0.01245575  0.01225086  0.01256195  0.01087389]],0.0,0.0,0.0
2014-04-07 03:30:00,0.0,0,0.000151036801981,0.000151036801981,[[ 0.01427129  0.01207715  0.01197442  0.01229468  0.01054091]],0.0,0.0,0.0
2014-04-07 03:35:00,0.0,0,0.000143495883094,0.000143495883094,[[ 0.01394282  0.01170597  0.01170262  0.01203169  0.01021443]],0.0,0.0,0.0
2014-04-07 03:40:00,0.0,0,0.000136284477776,0.000136284477776,[[ 0.01361991  0.01134221  0.01143547  0.01177301  0.0098945 ]],0.0,0.0,0.0
2014-04-07 03:45:00,0.0,0,0.000129393141833,0.000129393141833,[[ 0.01330265  0.01098594  0.011173    0.01151868  0.00958115]],0.0,0.0,0.0
2014-04-07 03:50:00,0.0,0,0.000122810612083,0.000122810612083,[[ 0.012991    0.01063712  0.0109152   0.01126869  0.00927436]],0.0,0.0,0.0
2014-04-07 03:55:00,0.0,0,0.000116526942293,0.000116526942293,[[ 0.01268497  0.01029575  0.0106621   0.01102307  0.00897415]],0.0,0.0,0.0
2014-04-07 04:00:00,0.0,0,0.000110531887913,0.000110531887913,[[ 0.01238459  0.00996181  0.01041366  0.01078182  0.00868053]],0.0,0.0,0.0
2014-04-07 04:05:00,0.0,0,0.000104814578663,0.000104814578663,[[ 0.01208981  0.00963526  0.01016988  0.01054491  0.00839342]],0.0,0.0,0.0
2014-04-07 04:10:00,0.0,0,9.93662033579e-05,9.93662033579e-05,[[ 0.01180069  0.00931615  0.00993077  0.0103124   0.00811286]],0.0,0.0,0.0
2014-04-07 04:15:00,0.0,0,9.41752296058e-05,9.41752296058e-05,[[ 0.01151714  0.00900431  0.00969626  0.01008419  0.00783873]],0.0,0.0,0.0
2014-04-07 04:20:00,0.0,0,8.92332245712e-05,8.92332245712e-05,[[ 0.01123919  0.00869978  0.00946638  0.00986035  0.0075711 ]],0.0,0.0,0.0
2014-04-07 04:25:00,0.0,0,8.45292015583e-05,8.45292015583e-05,[[ 0.01096674  0.00840244  0.00924105  0.0096408   0.00730983]],0.0,0.0,0.0
2014-04-07 04:30:00,0.0,0,8.00547059043e-05,8.00547059043e-05,[[ 0.01069983  0.0081123   0.00902027  0.00942553  0.00705492]],0.0,0.0,0.0
2014-04-07 04:35:00,0.0,0,7.57995803724e-05,7.57995803724e-05,[[ 0.01043834  0.0078292   0.00880399  0.0092145   0.00680628]],0.0,0.0,0.0
2014-04-07 04:40:00,0.0,0,7.1755159297e-05,7.1755159297e-05,[[ 0.01018228  0.00755311  0.00859217  0.00900768  0.00656384]],0.0,0.0,0.0
2014-04-07 04:45:00,0.0,0,6.79125951137e-05,6.79125951137e-05,[[ 0.00993157  0.00728395  0.00838477  0.00880504  0.00632754]],0.0,0.0,0.0
2014-04-07 04:50:00,0.0,0,6.4263047534e-05,6.4263047534e-05,[[ 0.00968619  0.00702161  0.00818173  0.00860652  0.00609729]],0.0,0.0,0.0
2014-04-07 04:55:00,0.0,0,6.07981819485e-05,6.07981819485e-05,[[ 0.00944604  0.00676602  0.00798301  0.00841211  0.005873  ]],0.0,0.0,0.0
2014-04-07 05:00:00,0.0,0,5.75103222218e-05,5.75103222218e-05,[[ 0.00921109  0.00651711  0.00778859  0.00822176  0.00565466]],0.0,0.0,0.0
2014-04-07 05:05:00,0.0,0,5.43907881365e-05,5.43907881365e-05,[[ 0.00898125  0.00627472  0.00759835  0.00803539  0.00544211]],0.0,0.0,0.0
2014-04-07 05:10:00,0.0,0,5.14330386068e-05,5.14330386068e-05,[[ 0.00875651  0.00603884  0.00741231  0.00785302  0.00523536]],0.0,0.0,0.0
2014-04-07 05:15:00,0.0,0,4.86288845423e-05,4.86288845423e-05,[[ 0.00853676  0.00580931  0.00723036  0.00767454  0.00503423]],0.0,0.0,0.0
2014-04-07 05:20:00,0.0,0,4.59712755401e-05,4.59712755401e-05,[[ 0.0083219   0.00558601  0.00705247  0.00749991  0.00483867]],0.0,0.0,0.0
2014-04-07 05:25:00,0.0,0,4.3453888793e-05,4.3453888793e-05,[[ 0.00811194  0.00536891  0.00687859  0.00732912  0.00464862]],0.0,0.0,0.0
2014-04-07 05:30:00,0.0,0,4.10694010498e-05,4.10694010498e-05,[[ 0.00790673  0.00515784  0.00670863  0.00716206  0.00446391]],0.0,0.0,0.0
2014-04-07 05:35:00,0.0,0,3.88121297874e-05,3.88121297874e-05,[[ 0.00770628  0.00495273  0.00654256  0.00699872  0.00428453]],0.0,0.0,0.0
2014-04-07 05:40:00,0.0,0,3.66754029528e-05,3.66754029528e-05,[[ 0.00751045  0.00475344  0.0063803   0.00683901  0.00411031]],0.0,0.0,0.0
2014-04-07 05:45:00,0.0,0,3.46536908182e-05,3.46536908182e-05,[[ 0.0073192   0.0045599   0.00622179  0.0066829   0.00394122]],0.0,0.0,0.0
2014-04-07 05:50:00,0.0,0,3.27411180479e-05,3.27411180479e-05,[[ 0.00713243  0.00437199  0.00606699  0.0065303   0.00377709]],0.0,0.0,0.0
2014-04-07 05:55:00,0.0,0,3.09324022965e-05,3.09324022965e-05,[[ 0.00695007  0.00418959  0.00591583  0.0063812   0.00361789]],0.0,0.0,0.0
2014-04-07 06:00:00,1.0,0,2.92222630378e-05,2.92222630378e-05,[[ 0.00677207  0.0040126   0.00576821  0.0062355   0.00346349]],0.0,0.0,0.0
2014-04-07 06:05:00,0.0,0,0.198702067137,0.198702067137,[[ 0.00659835  0.00384092  0.00562413  0.00609316  0.00331383]],0.0,0.0,0.0
2014-04-07 06:10:00,0.0,0,0.197460100055,0.197460100055,[[ 0.00645001  0.00388636  0.0055259   0.00642633  0.00496256]],0.0,0.0,0.0
2014-04-07 06:15:00,0.0,0,0.197866335511,0.197866335511,[[ 0.00627296  0.00400542  0.00543354  0.00814965  0.00689181]],0.0,0.0,0.0
2014-04-07 06:20:00,0.0,0,0.198292896152,0.198292896152,[[ 0.00638571  0.00440403  0.00663308  0.00968187  0.00863875]],0.0,0.0,0.0
2014-04-07 06:25:00,0.0,1,0.197349369526,0.197349369526,[[ 0.00681747  0.00633769  0.00799384  0.01111638  0.01037447]],-1.0,-2.0,-1.0
2014-04-07 06:30:00,1.0,1,0.0212474316359,0.0212474316359,[[ 0.06704447  0.08192598  0.10228594  0.16972581  0.23613782]],0.0,0.0,0.0
2014-04-07 06:35:00,0.0,1,0.149905443192,0.149905443192,[[ 0.04205844  0.06309995  0.0663034   0.10114298  0.14609686]],0.0,0.0,0.0
2014-04-07 06:40:00,0.0,1,0.17746886611,0.17746886611,[[ 0.03605129  0.05348828  0.05380145  0.06627972  0.09195351]],0.0,0.0,0.0
2014-04-07 06:45:00,0.0,1,0.184197098017,0.184197098017,[[ 0.03117931  0.04370038  0.04429971  0.04364382  0.05325201]],0.0,0.0,0.0
2014-04-07 06:50:00,0.0,1,0.186710432172,0.186710432172,[[ 0.02807283  0.03581499  0.0387874   0.02918332  0.02748059]],0.0,0.0,0.0
2014-04-07 06:55:00,0.0,1,0.190395072103,0.190395072103,[[ 0.02571022  0.03104107  0.03473655  0.02076067  0.01155801]],0.0,0.0,0.0
2014-04-07 07:00:00,0.0,1,0.010323068127,0.010323068127,[[ 0.02362069  0.0504785   0.05869936  0.11570381  0.17797849]],0.0,0.0,0.0
2014-04-07 07:05:00,0.0,1,0.00438218656927,0.00438218656927,[[ 0.02031974  0.04970817  0.04553979  0.07105581  0.109107  ]],0.0,0.0,0.0
2014-04-07 07:10:00,0.0,1,0.00220318650827,0.00220318650827,[[ 0.02360197  0.04662617  0.04192772  0.04733368  0.06547113]],0.0,0.0,0.0
2014-04-07 07:15:00,0.0,1,0.00121827144176,0.00121827144176,[[ 0.02589345  0.04180959  0.03864853  0.03107477  0.03483524]],0.0,0.0,0.0
2014-04-07 07:20:00,0.0,1,0.000826060015243,0.000826060015243,[[ 0.02794926  0.03743024  0.03632654  0.02063894  0.01423141]],0.0,0.0,0.0
2014-04-07 07:25:00,0.0,1,0.000652387097944,0.000652387097944,[[ 0.02852227  0.03312886  0.03363015  0.01453397  0.00294476]],0.0,0.0,0.0
2014-04-07 07:30:00,0.0,1,0.000558809784707,0.000558809784707,[[ 0.02844047  0.02962892  0.03113241  0.01157496 -0.00202704]],0.0,0.0,0.0
2014-04-07 07:35:00,0.0,1,0.000500155205373,0.000500155205373,[[ 0.02817907  0.02715409  0.02908323  0.01070239 -0.00299933]],0.0,0.0,0.0
2014-04-07 07:40:00,0.0,1,0.00046411290532,0.00046411290532,[[ 0.02793801  0.0256261   0.02751721  0.01111841 -0.00158727]],0.0,0.0,0.0
2014-04-07 07:45:00,0.0,1,0.000447587197414,0.000447587197414,[[ 0.02778877  0.02486145  0.02638341  0.01225977  0.0011144 ]],0.0,0.0,0.0
2014-04-07 07:50:00,0.0,1,0.000448364473414,0.000448364473414,[[ 0.02774513  0.02466176  0.02560537  0.01374687  0.00438371]],0.0,0.0,0.0
2014-04-07 07:55:00,0.0,1,0.000462833180791,0.000462833180791,[[ 0.02778448  0.02483843  0.02509533  0.01533365  0.00776817]],0.0,0.0,0.0
2014-04-07 08:00:00,0.0,1,0.00048671773402,0.00048671773402,[[ 0.02788041  0.0252404   0.02477951  0.01686633  0.01098619]],0.0,0.0,0.0
2014-04-07 08:05:00,0.0,1,0.000515743740834,0.000515743740834,[[ 0.02801396  0.02575526  0.02460456  0.01825186  0.01385961]],0.0,0.0,0.0
2014-04-07 08:10:00,0.0,1,0.00054480030667,0.00054480030667,[[ 0.02878927  0.02645707  0.02525771  0.01884774  0.01421314]],0.0,0.0,0.0
2014-04-07 08:15:00,0.0,1,0.000563082052395,0.000563082052395,[[ 0.02871225  0.02671399  0.02498277  0.01972846  0.01624897]],0.0,0.0,0.0
2014-04-07 08:20:00,0.0,1,0.000580265070312,0.000580265070312,[[ 0.02864561  0.0269582   0.02476772  0.02045997  0.01794323]],0.0,0.0,0.0
2014-04-07 08:25:00,0.0,1,0.000594647834077,0.000594647834077,[[ 0.02856764  0.02715273  0.02457998  0.02104119  0.01931194]],0.0,0.0,0.0
2014-04-07 08:30:00,0.0,1,0.000605799665209,0.000605799665209,[[ 0.02847271  0.02728996  0.02440462  0.02149038  0.02039949]],0.0,0.0,0.0
2014-04-07 08:35:00,0.0,1,0.000614421558566,0.000614421558566,[[ 0.02836471  0.02738695  0.02423901  0.02184352  0.02127995]],0.0,0.0,0.0
2014-04-07 08:40:00,0.0,1,0.000707695260644,0.000707695260644,[[ 0.02861546  0.02923866  0.02445057  0.02410471  0.02618904]],0.0,0.0,0.0
2014-04-07 08:45:00,0.0,1,0.000696253322531,0.000696253322531,[[ 0.02841645  0.02896851  0.02423838  0.02392895  0.02597122]],0.0,0.0,0.0
2014-04-07 08:50:00,0.0,1,0.00068341975566,0.00068341975566,[[ 0.02818706  0.02866399  0.02400547  0.02373067  0.02572077]],0.0,0.0,0.0
2014-04-07 08:55:00,0.0,1,0.000669398519676,0.000669398519676,[[ 0.02793061  0.02832894  0.02375416  0.02351231  0.02544123]],0.0,0.0,0.0
2014-04-07 09:00:00,0.0,1,0.000654378440231,0.000654378440231,[[ 0.02765013  0.02796692  0.02348663  0.02327613  0.0251359 ]],0.0,0.0,0.0
2014-04-07 09:05:00,0.0,1,0.000638533383608,0.000638533383608,[[ 0.02734843  0.02758121  0.02320484  0.02302418  0.02480786]],0.0,0.0,0.0
2014-04-07 09:10:00,0.0,1,0.000622018589638,0.000622018589638,[[ 0.02702802  0.02717476  0.02291055  0.02275828  0.02445973]],0.0,0.0,0.0
2014-04-07 09:15:00,0.0,1,0.000604977423791,0.000604977423791,[[ 0.02669121  0.02675024  0.02260542  0.0224802   0.02409411]],0.0,0.0,0.0
2014-04-07 09:20:00,0.0,1,0.000587539456319,0.000587539456319,[[ 0.02634013  0.02631021  0.02229094  0.02219146  0.02371331]],0.0,0.0,0.0
2014-04-07 09:25:00,0.0,1,0.000569820986129,0.000569820986129,[[ 0.02597672  0.0258569   0.02196848  0.02189355  0.0233194 ]],0.0,0.0,0.0
2014-04-07 09:30:00,0.0,1,0.000551925681066,0.000551925681066,[[ 0.02560271  0.02539239  0.02163928  0.02158773  0.02291435]],0.0,0.0,0.0
2014-04-07 09:35:00,0.0,1,0.000533946440555,0.000533946440555,[[ 0.02521974  0.02491859  0.0213045   0.02127519  0.0224999 ]],0.0,0.0,0.0
2014-04-07 09:40:00,0.0,1,0.000515965046361,0.000515965046361,[[ 0.02482923  0.0244372   0.02096516  0.02095704  0.02207765]],0.0,0.0,0.0
2014-04-07 09:45:00,0.0,1,0.000498054898344,0.000498054898344,[[ 0.02443257  0.0239498   0.02062219  0.02063427  0.02164908]],0.0,0.0,0.0
2014-04-07 09:50:00,0.0,1,0.0004802797921,0.0004802797921,[[ 0.02403093  0.02345785  0.0202765   0.02030778  0.02121556]],0.0,0.0,0.0
2014-04-07 09:55:00,0.0,1,0.0004626949667,0.0004626949667,[[ 0.02362543  0.02296263  0.01992884  0.01997841  0.02077826]],0.0,0.0,0.0
2014-04-07 10:00:00,0.0,1,0.000445351179224,0.000445351179224,[[ 0.02321712  0.0224654   0.01957995  0.01964695  0.02033839]],0.0,0.0,0.0
2014-04-07 10:05:00,0.0,1,0.000428287690738,0.000428287690738,[[ 0.02280688  0.02196715  0.01923046  0.01931404  0.01989689]],0.0,0.0,0.0
2014-04-07 10:10:00,0.0,1,0.000411542743677,0.000411542743677,[[ 0.02239557  0.02146899  0.018881    0.01898036  0.01945478]],0.0,0.0,0.0
2014-04-07 10:15:00,0.0,1,0.000395144015783,0.000395144015783,[[ 0.02198391  0.02097171  0.01853208  0.01864645  0.01901281]],0.0,0.0,0.0
2014-04-07 10:20:00,0.0,1,0.00037911743857,0.00037911743857,[[ 0.02157261  0.02047616  0.01818419  0.01831283  0.01857179]],0.0,0.0,0.0
2014-04-07 10:25:00,0.0,1,0.000363483035471,0.000363483035471,[[ 0.02116229  0.01998305  0.01783778  0.01797999  0.0181324 ]],0.0,0.0,0.0
2014-04-07 10:30:00,0.0,1,0.000348257919541,0.000348257919541,[[ 0.02075353  0.01949307  0.01749324  0.01764835  0.01769529]],0.0,0.0,0.0
2014-04-07 10:35:00,0.0,1,0.000333454518113,0.000333454518113,[[ 0.02034681  0.0190068   0.01715095  0.01731832  0.01726101]],0.0,0.0,0.0
2014-04-07 10:40:00,0.0,1,0.000319083046634,0.000319083046634,[[ 0.01994261  0.0185248   0.01681123  0.01699025  0.01683013]],0.0,0.0,0.0
2014-04-07 10:45:00,0.0,1,0.000305149325868,0.000305149325868,[[ 0.01954135  0.01804753  0.01647436  0.01666445  0.01640307]],0.0,0.0,0.0
2014-04-07 10:50:00,0.0,1,0.000291658157948,0.000291658157948,[[ 0.01914341  0.01757544  0.01614063  0.01634122  0.01598027]],0.0,0.0,0.0
2014-04-07 10:55:00,0.0,1,0.000278610212263,0.000278610212263,[[ 0.01874909  0.01710888  0.01581026  0.01602081  0.01556208]],0.0,0.0,0.0
2014-04-07 11:00:00,0.0,1,0.000266006507445,0.000266006507445,[[ 0.01835874  0.01664823  0.01548348  0.01570348  0.01514888]],0.0,0.0,0.0
2014-04-07 11:05:00,0.0,1,0.000253844016697,0.000253844016697,[[ 0.01797257  0.01619379  0.01516044  0.01538942  0.01474091]],0.0,0.0,0.0
2014-04-07 11:10:00,0.0,1,0.000242119393079,0.000242119393079,[[ 0.01759086  0.01574582  0.01484133  0.01507881  0.01433849]],0.0,0.0,0.0
2014-04-07 11:15:00,0.0,1,0.000230827863561,0.000230827863561,[[ 0.01721379  0.01530455  0.01452629  0.01477185  0.01394183]],0.0,0.0,0.0
2014-04-07 11:20:00,0.0,1,0.000219963563723,0.000219963563723,[[ 0.01684158  0.0148702   0.01421547  0.01446868  0.01355115]],0.0,0.0,0.0
2014-04-07 11:25:00,0.0,1,0.000209518781048,0.000209518781048,[[ 0.01647436  0.01444291  0.01390896  0.01416942  0.01316663]],0.0,0.0,0.0
2014-04-07 11:30:00,0.0,1,0.000199485570192,0.000199485570192,[[ 0.01611228  0.01402285  0.01360685  0.01387418  0.01278839]],0.0,0.0,0.0
2014-04-07 11:35:00,0.0,1,0.00018985546194,0.00018985546194,[[ 0.01575545  0.01361013  0.01330924  0.01358306  0.0124166 ]],0.0,0.0,0.0
2014-04-07 11:40:00,0.0,1,0.000180618982995,0.000180618982995,[[ 0.01540399  0.01320487  0.01301617  0.01329616  0.01205133]],0.0,0.0,0.0
2014-04-07 11:45:00,0.0,1,0.000171766689164,0.000171766689164,[[ 0.01505798  0.01280715  0.01272773  0.01301356  0.01169272]],0.0,0.0,0.0
2014-04-07 11:50:00,0.0,1,0.000163288175827,0.000163288175827,[[ 0.01471749  0.01241701  0.01244396  0.0127353   0.01134082]],0.0,0.0,0.0
2014-04-07 11:55:00,0.0,1,0.000155173373059,0.000155173373059,[[ 0.01438258  0.01203454  0.0121649   0.01246146  0.01099569]],0.0,0.0,0.0
2014-04-07 12:00:00,0.0,1,0.000147410944919,0.000147410944919,[[ 0.01405329  0.01165974  0.01189055  0.01219203  0.01065736]],0.0,0.0,0.0
2014-04-07 12:05:00,0.0,1,0.000139990297612,0.000139990297612,[[ 0.01372965  0.01129261  0.01162094  0.0119271   0.01032586]],0.0,0.0,0.0
2014-04-07 12:10:00,0.0,1,0.000132900822791,0.000132900822791,[[ 0.0134117   0.01093318  0.01135609  0.01166666  0.01000123]],0.0,0.0,0.0
2014-04-07 12:15:00,0.0,1,0.000126131853904,0.000126131853904,[[ 0.01309944  0.01058147  0.01109601  0.01141075  0.00968348]],0.0,0.0,0.0
2014-04-07 12:20:00,0.0,1,0.000119671771245,0.000119671771245,[[ 0.01279287  0.01023742  0.01084067  0.01115935  0.00937259]],0.0,0.0,0.0
2014-04-07 12:25:00,0.0,1,0.000113510082883,0.000113510082883,[[ 0.012492    0.009901    0.01059008  0.01091249  0.00906853]],0.0,0.0,0.0
2014-04-07 12:30:00,0.0,1,0.00010763539467,0.00010763539467,[[ 0.01219678  0.00957216  0.01034421  0.01067011  0.00877127]],0.0,0.0,0.0
2014-04-07 12:35:00,0.0,1,0.000102038240584,0.000102038240584,[[ 0.01190724  0.00925092  0.01010308  0.01043228  0.00848083]],0.0,0.0,0.0
2014-04-07 12:40:00,0.0,1,9.67067389865e-05,9.67067389865e-05,[[ 0.01162331  0.00893715  0.0098666   0.01019891  0.00819708]],0.0,0.0,0.0
2014-04-07 12:45:00,0.0,1,9.16320932447e-05,9.16320932447e-05,[[ 0.01134501  0.00863084  0.0096348   0.00997008  0.00792009]],0.0,0.0,0.0
2014-04-07 12:50:00,0.0,1,8.68026036187e-05,8.68026036187e-05,[[ 0.01107224  0.00833187  0.0094076   0.00974564  0.0076497 ]],0.0,0.0,0.0
2014-04-07 12:55:00,0.0,1,8.22095607873e-05,8.22095607873e-05,[[ 0.01080503  0.00804021  0.00918501  0.00952566  0.0073859 ]],0.0,0.0,0.0
2014-04-07 13:00:00,0.0,1,7.78426328907e-05,7.78426328907e-05,[[ 0.01054327  0.00775576  0.00896695  0.00931007  0.00712861]],0.0,0.0,0.0
2014-04-07 13:05:00,0.0,1,7.36925503588e-05,7.36925503588e-05,[[ 0.01028696  0.00747843  0.00875339  0.00909883  0.00687778]],0.0,0.0,0.0
2014-04-07 13:10:00,0.0,1,6.97498471709e-05,6.97498471709e-05,[[ 0.010036    0.00720814  0.00854427  0.00889189  0.00663328]],0.0,0.0,0.0
2014-04-07 13:15:00,0.0,1,6.60062360112e-05,6.60062360112e-05,[[ 0.00979038  0.00694482  0.00833958  0.00868925  0.00639512]],0.0,0.0,0.0
2014-04-07 13:20:00,0.0,1,6.24524545856e-05,6.24524545856e-05,[[ 0.00955     0.00668836  0.00813925  0.00849082  0.00616314]],0.0,0.0,0.0
2014-04-07 13:25:00,0.0,1,5.90806666878e-05,5.90806666878e-05,[[ 0.00931485  0.00643867  0.00794324  0.0082966   0.00593732]],0.0,0.0,0.0
2014-04-07 13:30:00,0.0,1,5.58817009733e-05,5.58817009733e-05,[[ 0.00908478  0.0061956   0.00775144  0.00810649  0.0057175 ]],0.0,0.0,0.0
2014-04-07 13:35:00,0.0,1,5.28485979885e-05,5.28485979885e-05,[[ 0.00885979  0.00595911  0.00756385  0.00792049  0.00550365]],0.0,0.0,0.0
2014-04-07 13:40:00,0.0,1,4.99732268509e-05,4.99732268509e-05,[[ 0.00863982  0.00572904  0.0073804   0.00773849  0.00529558]],0.0,0.0,0.0
2014-04-07 13:45:00,0.0,1,4.72485771752e-05,4.72485771752e-05,[[ 0.00842477  0.00550532  0.00720103  0.00756048  0.00509332]],0.0,0.0,0.0
2014-04-07 13:50:00,0.0,1,4.46674530394e-05,4.46674530394e-05,[[ 0.00821456  0.00528784  0.00702569  0.00738641  0.00489671]],0.0,0.0,0.0
2014-04-07 13:55:00,0.0,1,4.22228986281e-05,4.22228986281e-05,[[ 0.00800912  0.00507647  0.00685429  0.00721619  0.00470566]],0.0,0.0,0.0
2014-04-07 14:00:00,0.0,1,3.9908594772e-05,3.9908594772e-05,[[ 0.00780841  0.00487112  0.00668678  0.0070498   0.00452008]],0.0,0.0,0.0
2014-04-07 14:05:00,0.0,1,3.77180476789e-05,3.77180476789e-05,[[ 0.00761233  0.00467167  0.00652311  0.00688715  0.00433987]],0.0,0.0,0.0
2014-04-07 14:10:00,0.0,1,3.56453601853e-05,3.56453601853e-05,[[ 0.00742079  0.00447802  0.00636322  0.0067282   0.00416493]],0.0,0.0,0.0
2014-04-07 14:15:00,0.0,1,3.36844750564e-05,3.36844750564e-05,[[ 0.00723373  0.00429003  0.00620703  0.00657287  0.00399515]],0.0,0.0,0.0
2014-04-07 14:20:00,1.0,1,3.18300189974e-05,3.18300189974e-05,[[ 0.00705108  0.00410761  0.00605449  0.00642112  0.00383044]],0.0,0.0,0.0
2014-04-07 14:25:00,0.0,1,0.198561802506,0.198561802506,[[ 0.00687277  0.00393064  0.00590554  0.00627289  0.00367069]],0.0,0.0,0.0
2014-04-07 14:30:00,0.0,1,0.197387069464,0.197387069464,[[ 0.00670377  0.00395445  0.00579114  0.0066155   0.00534263]],0.0,0.0,0.0
2014-04-07 14:35:00,0.0,1,0.197771221399,0.197771221399,[[ 0.00650007  0.0040478   0.005679    0.00835392  0.00730652]],0.0,0.0,0.0
2014-04-07 14:40:00,0.0,1,0.198288023472,0.198288023472,[[ 0.0065868   0.00442503  0.00685959  0.00989439  0.00907244]],0.0,0.0,0.0
2014-04-07 14:45:00,0.0,1,0.197280913591,0.197280913591,[[ 0.00699858  0.00634509  0.00820584  0.01133028  0.01080868]],0.0,0.0,0.0
2014-04-07 14:50:00,1.0,1,0.0207474436611,0.0207474436611,[[ 0.06056068  0.07550772  0.09915488  0.16868865  0.23681355]],0.0,0.0,0.0
2014-04-07 14:55:00,0.0,1,0.148813694715,0.148813694715,[[ 0.04197071  0.0643563   0.0675761   0.1031547   0.14973082]],0.0,0.0,0.0
2014-04-07 15:00:00,0.0,1,0.176907792687,0.176907792687,[[ 0.03854328  0.05768529  0.05673467  0.06865369  0.09539913]],0.0,0.0,0.0
2014-04-07 15:05:00,0.0,1,0.183175429702,0.183175429702,[[ 0.03442898  0.04877056  0.04757354  0.04556777  0.0558627 ]],0.0,0.0,0.0
2014-04-07 15:10:00,0.0,1,0.18488445878,0.18488445878,[[ 0.0316193   0.04087868  0.0421081   0.03016408  0.02873659]],0.0,0.0,0.0
2014-04-07 15:15:00,0.0,1,0.189232721925,0.189232721925,[[ 0.02896128  0.03544705  0.03768149  0.02092736  0.01153786]],0.0,0.0,0.0
2014-04-07 15:20:00,0.0,1,0.00898715667427,0.00898715667427,[[ 0.0113643   0.04016563  0.04864716  0.10666999  0.17160514]],0.0,0.0,0.0
2014-04-07 15:25:00,0.0,1,0.00411049369723,0.00411049369723,[[ 0.01618054  0.04854584  0.04231403  0.06746509  0.10766589]],0.0,0.0,0.0
2014-04-07 15:30:00,0.0,1,0.00215826928616,0.00215826928616,[[ 0.02251886  0.04854001  0.04113914  0.0450577   0.06484975]],0.0,0.0,0.0
2014-04-07 15:35:00,0.0,1,0.00124770926777,0.00124770926777,[[ 0.0262588   0.04485672  0.0389876   0.02919364  0.03412616]],0.0,0.0,0.0
2014-04-07 15:40:00,0.0,1,0.000875063822605,0.000875063822605,[[ 0.02900942  0.04043908  0.03708604  0.01878924  0.01304008]],0.0,0.0,0.0
2014-04-07 15:45:00,0.0,1,0.000698481337167,0.000698481337167,[[ 0.02968371  0.03559712  0.03438033  0.01266055  0.00135363]],0.0,0.0,0.0
2014-04-07 15:50:00,0.0,1,0.000591571675614,0.000591571675614,[[ 0.02937642  0.03135744  0.03165251  0.00973696 -0.00386077]],0.0,0.0,0.0
2014-04-07 15:55:00,0.0,1,0.000516868603881,0.000516868603881,[[ 0.02877842  0.02815177  0.02930972  0.00897723 -0.00489622]],0.0,0.0,0.0
2014-04-07 16:00:00,0.0,1,0.000465889635962,0.000465889635962,[[ 0.02820164  0.026005    0.02746917  0.00958259 -0.00338734]],0.0,0.0,0.0
2014-04-07 16:05:00,0.0,1,0.000437211623648,0.000437211623648,[[ 0.02776183  0.02476121  0.02611022  0.01096616 -0.00046982]],0.0,0.0,0.0
2014-04-07 16:10:00,0.0,1,0.000429105391959,0.000429105391959,[[ 0.02747964  0.02421023  0.02515712  0.01272076  0.00309241]],0.0,0.0,0.0
2014-04-07 16:15:00,0.0,1,0.000438111368567,0.000438111368567,[[ 0.02733497  0.0241492   0.02452216  0.01457823  0.00680523]],0.0,0.0,0.0
2014-04-07 16:20:00,0.0,1,0.00045934523223,0.00045934523223,[[ 0.02729056  0.02439859  0.02411921  0.01636355  0.01035172]],0.0,0.0,0.0
2014-04-07 16:25:00,0.0,1,0.000488243706059,0.000488243706059,[[ 0.02733299  0.02483217  0.02389679  0.01798202  0.01353069]],0.0,0.0,0.0
2014-04-07 16:30:00,0.0,1,0.000520618050359,0.000520618050359,[[ 0.02837975  0.02564385  0.02480439  0.01855231  0.01343977]],0.0,0.0,0.0
2014-04-07 16:35:00,0.0,1,0.000538107939065,0.000538107939065,[[ 0.02819099  0.02581798  0.02445401  0.01958917  0.01573232]],0.0,0.0,0.0
2014-04-07 16:40:00,0.0,1,0.000555677805096,0.000555677805096,[[ 0.02804477  0.02601454  0.0241882   0.02045771  0.01765039]],0.0,0.0,0.0
2014-04-07 16:45:00,0.0,1,0.000570545729715,0.000570545729715,[[ 0.02790195  0.02617512  0.02396072  0.02113815  0.01918685]],0.0,0.0,0.0
2014-04-07 16:50:00,0.0,1,0.000582729931921,0.000582729931921,[[ 0.02776487  0.02629728  0.02376136  0.02167427  0.02041662]],0.0,0.0,0.0
2014-04-07 16:55:00,0.0,1,0.00059279310517,0.00059279310517,[[ 0.0276291   0.02639334  0.02358212  0.02210765  0.02142721]],0.0,0.0,0.0
2014-04-07 17:00:00,0.0,1,0.000709029147401,0.000709029147401,[[ 0.02798344  0.02862209  0.02395531  0.02497876  0.02729567]],0.0,0.0,0.0
2014-04-07 17:05:00,0.0,1,0.000697602692526,0.000697602692526,[[ 0.02777971  0.02834859  0.02373832  0.02480862  0.0270866 ]],0.0,0.0,0.0
2014-04-07 17:10:00,0.0,1,0.000684741011355,0.000684741011355,[[ 0.0275468   0.02804103  0.02350146  0.02461323  0.02684119]],0.0,0.0,0.0
2014-04-07 17:15:00,0.0,1,0.000670653942507,0.000670653942507,[[ 0.02728794  0.0277033   0.02324698  0.02439531  0.02656336]],0.0,0.0,0.0
2014-04-07 17:20:00,0.0,1,0.000655536248814,0.000655536248814,[[ 0.02700608  0.0273389   0.02297702  0.02415735  0.02625675]],0.0,0.0,0.0
2014-04-07 17:25:00,0.0,1,0.000639565114398,0.000639565114398,[[ 0.02670391  0.0269511   0.02269344  0.02390158  0.02592465]],0.0,0.0,0.0
2014-04-07 17:30:00,0.0,1,0.000622900843155,0.000622900843155,[[ 0.02638383  0.02654281  0.02239795  0.0236301   0.02557004]],0.0,0.0,0.0
2014-04-07 17:35:00,0.0,1,0.000605691457167,0.000605691457167,[[ 0.02604812  0.02611674  0.02209218  0.0233448   0.02519573]],0.0,0.0,0.0
2014-04-07 17:40:00,0.0,1,0.000588070543017,0.000588070543017,[[ 0.02569883  0.02567539  0.02177756  0.02304742  0.02480427]],0.0,0.0,0.0
2014-04-07 17:45:00,0.0,1,0.000570156727917,0.000570156727917,[[ 0.0253378   0.02522101  0.0214554   0.02273952  0.02439795]],0.0,0.0,0.0
2014-04-07 17:50:00,0.0,1,0.000552057754248,0.000552057754248,[[ 0.02496673  0.02475568  0.02112693  0.02242259  0.0239789 ]],0.0,0.0,0.0
2014-04-07 17:55:00,0.0,1,0.000533869140781,0.000533869140781,[[ 0.02458719  0.02428126  0.02079323  0.02209792  0.02354908]],0.0,0.0,0.0
2014-04-07 18:00:00,0.0,1,0.000515675870702,0.000515675870702,[[ 0.02420061  0.02379949  0.02045531  0.02176674  0.02311024]],0.0,0.0,0.0
2014-04-07 18:05:00,0.0,1,0.000497553613968,0.000497553613968,[[ 0.02380825  0.02331197  0.02011412  0.02143016  0.02266403]],0.0,0.0,0.0
2014-04-07 18:10:00,0.0,1,0.000479567650473,0.000479567650473,[[ 0.02341129  0.02282008  0.01977045  0.02108918  0.02221192]],0.0,0.0,0.0
2014-04-07 18:15:00,0.0,1,0.000461777992314,0.000461777992314,[[ 0.02301086  0.0223252   0.01942512  0.02074477  0.02175534]],0.0,0.0,0.0
2014-04-07 18:20:00,0.0,1,0.000444231700385,0.000444231700385,[[ 0.02260787  0.02182847  0.01907878  0.02039772  0.0212954 ]],0.0,0.0,0.0
2014-04-07 18:25:00,0.0,1,0.000426974060247,0.000426974060247,[[ 0.02220325  0.02133097  0.01873208  0.02004885  0.02083334]],0.0,0.0,0.0
2014-04-07 18:30:00,0.0,1,0.000410038977861,0.000410038977861,[[ 0.02179774  0.02083367  0.01838557  0.01969878  0.02037008]],0.0,0.0,0.0
2014-04-07 18:35:00,0.0,1,0.000393461057683,0.000393461057683,[[ 0.02139216  0.02033753  0.01803982  0.01934825  0.01990668]],0.0,0.0,0.0
2014-04-07 18:40:00,0.0,1,0.000377264426788,0.000377264426788,[[ 0.02098714  0.01984331  0.01769526  0.0189978   0.01944394]],0.0,0.0,0.0
2014-04-07 18:45:00,0.0,1,0.000361469341442,0.000361469341442,[[ 0.02058323  0.01935172  0.01735234  0.01864795  0.01898259]],0.0,0.0,0.0
2014-04-07 18:50:00,0.0,1,0.000346093729604,0.000346093729604,[[ 0.02018104  0.01886344  0.01701142  0.01829918  0.0185234 ]],0.0,0.0,0.0
2014-04-07 18:55:00,0.0,1,0.000331150979036,0.000331150979036,[[ 0.01978105  0.0183791   0.01667288  0.01795197  0.01806697]],0.0,0.0,0.0
2014-04-07 19:00:00,0.0,1,0.000316650228342,0.000316650228342,[[ 0.01938368  0.01789919  0.01633702  0.0176067   0.01761389]],0.0,0.0,0.0
2014-04-07 19:05:00,0.0,1,0.00030259884079,0.00030259884079,[[ 0.01898935  0.01742423  0.01600415  0.01726372  0.01716468]],0.0,0.0,0.0
2014-04-07 19:10:00,0.0,1,0.000288999144686,0.000288999144686,[[ 0.01859841  0.01695456  0.01567446  0.01692332  0.01671976]],0.0,0.0,0.0
2014-04-07 19:15:00,0.0,1,0.000275854894426,0.000275854894426,[[ 0.01821119  0.01649065  0.01534825  0.01658586  0.01627962]],0.0,0.0,0.0
2014-04-07 19:20:00,0.0,1,0.000263164925855,0.000263164925855,[[ 0.01782797  0.01603282  0.01502569  0.01625158  0.01584461]],0.0,0.0,0.0
2014-04-07 19:25:00,0.0,1,0.000250926881563,0.000250926881563,[[ 0.01744901  0.01558136  0.01470697  0.01592071  0.01541505]],0.0,0.0,0.0
2014-04-07 19:30:00,0.0,1,0.000239136206801,0.000239136206801,[[ 0.01707453  0.01513652  0.01439224  0.01559343  0.01499118]],0.0,0.0,0.0
2014-04-07 19:35:00,0.0,1,0.000227788812481,0.000227788812481,[[ 0.01670476  0.01469855  0.01408164  0.01526998  0.01457336]],0.0,0.0,0.0
2014-04-07 19:40:00,0.0,1,0.00021687723347,0.00021687723347,[[ 0.01633981  0.01426759  0.01377529  0.01495051  0.01416178]],0.0,0.0,0.0
2014-04-07 19:45:00,0.0,1,0.000206394790439,0.000206394790439,[[ 0.01597989  0.01384391  0.01347329  0.01463518  0.01375665]],0.0,0.0,0.0
2014-04-07 19:50:00,0.0,1,0.000196333086933,0.000196333086933,[[ 0.01562512  0.01342758  0.01317576  0.01432411  0.01335816]],0.0,0.0,0.0
2014-04-07 19:55:00,0.0,1,0.000186682445928,0.000186682445928,[[ 0.01527558  0.01301873  0.01288272  0.01401743  0.01296644]],0.0,0.0,0.0
2014-04-07 20:00:00,0.0,1,0.000177434034413,0.000177434034413,[[ 0.01493141  0.0126175   0.0125943   0.01371522  0.01258165]],0.0,0.0,0.0
2014-04-07 20:05:00,0.0,1,0.000168577113072,0.000168577113072,[[ 0.01459268  0.01222393  0.01231052  0.01341758  0.01220386]],0.0,0.0,0.0
2014-04-07 20:10:00,0.0,1,0.000160101393703,0.000160101393703,[[ 0.01425946  0.0118381   0.01203144  0.01312457  0.01183318]],0.0,0.0,0.0
2014-04-07 20:15:00,0.0,1,0.000151995307533,0.000151995307533,[[ 0.01393177  0.01146002  0.01175706  0.01283623  0.01146965]],0.0,0.0,0.0
2014-04-07 20:20:00,0.0,1,0.00014424881374,0.00014424881374,[[ 0.01360971  0.01108976  0.01148744  0.01255266  0.01111336]],0.0,0.0,0.0
2014-04-07 20:25:00,0.0,1,0.000136849746923,0.000136849746923,[[ 0.01329324  0.01072729  0.01122256  0.01227384  0.01076432]],0.0,0.0,0.0
2014-04-07 20:30:00,0.0,1,0.000129787280457,0.000129787280457,[[ 0.01298244  0.01037265  0.01096246  0.01199982  0.01042254]],0.0,0.0,0.0
2014-04-07 20:35:00,0.0,1,0.000123050282127,0.000123050282127,[[ 0.0126773   0.01002583  0.01070715  0.01173064  0.01008807]],0.0,0.0,0.0
2014-04-07 20:40:00,0.0,1,0.000116627234092,0.000116627234092,[[ 0.01237783  0.00968678  0.01045658  0.01146632  0.00976091]],0.0,0.0,0.0
2014-04-07 20:45:00,0.0,1,0.000110505825432,0.000110505825432,[[ 0.01208396  0.00935543  0.01021075  0.01120678  0.00944095]],0.0,0.0,0.0
2014-04-07 20:50:00,0.0,1,0.000104676080809,0.000104676080809,[[ 0.01179574  0.0090318   0.00996965  0.0109521   0.00912825]],0.0,0.0,0.0
2014-04-07 20:55:00,0.0,1,9.91269698716e-05,9.91269698716e-05,[[ 0.01151315  0.00871582  0.00973328  0.01070225  0.00882279]],0.0,0.0,0.0
2014-04-07 21:00:00,0.0,1,9.38468874665e-05,9.38468874665e-05,[[ 0.01123612  0.00840741  0.00950157  0.0104572   0.00852446]],0.0,0.0,0.0
2014-04-07 21:05:00,0.0,1,8.88260983629e-05,8.88260983629e-05,[[ 0.01096465  0.00810657  0.00927453  0.01021696  0.00823331]],0.0,0.0,0.0
2014-04-07 21:10:00,0.0,1,8.40533757582e-05,8.40533757582e-05,[[ 0.01069868  0.00781316  0.00905211  0.00998146  0.00794918]],0.0,0.0,0.0
2014-04-07 21:15:00,0.0,1,7.95187297626e-05,7.95187297626e-05,[[ 0.0104382   0.00752711  0.00883424  0.00975069  0.00767205]],0.0,0.0,0.0
2014-04-07 21:20:00,0.0,1,7.52122650738e-05,7.52122650738e-05,[[ 0.01018312  0.00724835  0.00862093  0.00952464  0.00740186]],0.0,0.0,0.0
2014-04-07 21:25:00,0.0,1,7.11243483238e-05,7.11243483238e-05,[[ 0.00993343  0.00697681  0.00841212  0.00930325  0.00713854]],0.0,0.0,0.0
2014-04-07 21:30:00,0.0,1,6.72452224535e-05,6.72452224535e-05,[[ 0.00968904  0.00671234  0.00820775  0.00908647  0.006882  ]],0.0,0.0,0.0
2014-04-07 21:35:00,0.0,1,6.35655742371e-05,6.35655742371e-05,[[ 0.0094499   0.00645489  0.00800774  0.00887426  0.00663214]],0.0,0.0,0.0
2014-04-07 21:40:00,0.0,1,6.00769817538e-05,6.00769817538e-05,[[ 0.00921597  0.00620434  0.00781211  0.00866659  0.0063889 ]],0.0,0.0,0.0
2014-04-07 21:45:00,0.0,1,5.67702991248e-05,5.67702991248e-05,[[ 0.00898717  0.0059606   0.00762075  0.00846338  0.00615215]],0.0,0.0,0.0
2014-04-07 21:50:00,0.0,1,5.36375227966e-05,5.36375227966e-05,[[ 0.00876343  0.00572357  0.00743364  0.0082646   0.00592183]],0.0,0.0,0.0
2014-04-07 21:55:00,0.0,1,5.06704382133e-05,5.06704382133e-05,[[ 0.00854469  0.00549313  0.00725068  0.00807019  0.00569785]],0.0,0.0,0.0
2014-04-07 22:00:00,0.0,1,4.78612419101e-05,4.78612419101e-05,[[ 0.00833088  0.00526918  0.00707185  0.0078801   0.00548009]],0.0,0.0,0.0
2014-04-07 22:05:00,0.0,1,4.52023741673e-05,4.52023741673e-05,[[ 0.00812192  0.0050516   0.00689707  0.00769425  0.00526845]],0.0,0.0,0.0
2014-04-07 22:10:00,0.0,1,4.26866281487e-05,4.26866281487e-05,[[ 0.00791775  0.00484028  0.00672628  0.00751259  0.00506283]],0.0,0.0,0.0
2014-04-07 22:15:00,0.0,1,4.03071389883e-05,4.03071389883e-05,[[ 0.0077183   0.0046351   0.00655943  0.00733507  0.00486312]],0.0,0.0,0.0
2014-04-07 22:20:00,0.0,1,3.80571800633e-05,3.80571800633e-05,[[ 0.00752348  0.00443596  0.00639647  0.00716163  0.00466923]],0.0,0.0,0.0
2014-04-07 22:25:00,0.0,1,3.59302830475e-05,3.59302830475e-05,[[ 0.00733323  0.00424274  0.0062373   0.00699218  0.00448104]],0.0,0.0,0.0
2014-04-07 22:30:00,0.0,1,3.39200851158e-05,3.39200851158e-05,[[ 0.00714745  0.00405529  0.00608186  0.00682667  0.00429843]],0.0,0.0,0.0
2014-04-07 22:35:00,0.0,1,3.20210820064e-05,3.20210820064e-05,[[ 0.00696609  0.00387356  0.00593012  0.00666505  0.00412133]],0.0,0.0,0.0
2014-04-07 22:40:00,1.0,1,3.02273947455e-05,3.02273947455e-05,[[ 0.00678907  0.00369738  0.00578199  0.00650725  0.00394958]],0.0,0.0,0.0
2014-04-07 22:45:00,0.0,1,0.198515281081,0.198515281081,[[ 0.00661631  0.00352667  0.00563741  0.00635317  0.00378313]],0.0,0.0,0.0
2014-04-07 22:50:00,0.0,1,0.197344452143,0.197344452143,[[ 0.00643393  0.00354317  0.0055167   0.00671881  0.0055154 ]],0.0,0.0,0.0
2014-04-07 22:55:00,0.0,1,0.197883963585,0.197883963585,[[ 0.00620918  0.0036264   0.00539526  0.0085052   0.00755958]],0.0,0.0,0.0
2014-04-07 23:00:00,0.0,1,0.1984552145,0.1984552145,[[ 0.00628619  0.0040063   0.00658755  0.0100832   0.00938475]],0.0,0.0,0.0
2014-04-07 23:05:00,1.0,1,0.197398856282,0.197398856282,[[ 0.00670367  0.00595946  0.00795553  0.01154689  0.01115833]],0.0,0.0,0.0
2014-04-07 23:10:00,1.0,1,0.125052511692,0.125052511692,[[ 0.05198557  0.06797841  0.09451927  0.16715491  0.23772424]],0.0,0.0,0.0
2014-04-07 23:15:00,0.0,1,0.302995383739,0.302995383739,[[ 0.04240533  0.06795387  0.06990611  0.10720083  0.1594145 ]],0.0,0.0,0.0
2014-04-07 23:20:00,0.0,1,0.349959075451,0.349959075451,[[ 0.04324517  0.06641178  0.0625595   0.07644194  0.10844567]],0.0,0.0,0.0
2014-04-07 23:25:00,0.0,1,0.356954872608,0.356954872608,[[ 0.04114536  0.05926548  0.05645818  0.05521763  0.06913583]],0.0,0.0,0.0
2014-04-07 23:30:00,1.0,1,0.365270674229,0.365270674229,[[ 0.03892992  0.05311007  0.05235099  0.04045312  0.04147312]],0.0,0.0,0.0
2014-04-07 23:35:00,0.0,1,0.327103286982,0.327103286982,[[ 0.01043859  0.04843024  0.05708585  0.12423874  0.20297734]],0.0,0.0,0.0
2014-04-07 23:40:00,0.0,1,0.154939368367,0.154939368367,[[ 0.02702603  0.08490431  0.09114324  0.19152084  0.32374671]],0.0,0.0,0.0
2014-04-07 23:45:00,0.0,1,0.183515101671,0.183515101671,[[ 0.04668427  0.10995355  0.08684415  0.13462006  0.22656146]],0.0,0.0,0.0
2014-04-07 23:50:00,0.0,1,0.167808100581,0.167808100581,[[ 0.05611774  0.10806809  0.08655354  0.09907682  0.15179281]],0.0,0.0,0.0
2014-04-07 23:55:00,1.0,1,0.183779045939,0.183779045939,[[ 0.05772074  0.09943879  0.0811011   0.07221527  0.09656378]],0.0,0.0,0.0
2014-04-08 00:00:00,0.0,1,0.12745937705,0.12745937705,[[ 0.02347007  0.07515095  0.06713887  0.13065672  0.21928269]],0.0,0.0,0.0
2014-04-08 00:05:00,0.0,1,0.170735001564,0.170735001564,[[ 0.0450849   0.09724024  0.07433848  0.09759666  0.14942786]],0.0,0.0,0.0
2014-04-08 00:10:00,0.0,1,0.176367014647,0.176367014647,[[ 0.05779599  0.0972831   0.07685569  0.07889915  0.10300536]],0.0,0.0,0.0
2014-04-08 00:15:00,0.0,1,0.169290035963,0.169290035963,[[ 0.06371609  0.09035398  0.07636657  0.06512702  0.0697224 ]],0.0,0.0,0.0
2014-04-08 00:20:00,0.0,1,0.178292304277,0.178292304277,[[ 0.06534368  0.08398296  0.07366715  0.05547201  0.04818718]],0.0,0.0,0.0
2014-04-08 00:25:00,0.0,1,0.0229901764542,0.0229901764542,[[ 0.0855027   0.10734645  0.12107883  0.17412031  0.22613922]],0.0,0.0,0.0
2014-04-08 00:30:00,0.0,1,0.014455598779,0.014455598779,[[ 0.08564794  0.11460704  0.10890813  0.12960804  0.15214607]],0.0,0.0,0.0
2014-04-08 00:35:00,0.0,1,0.0105242915452,0.0105242915452,[[ 0.08736076  0.11158453  0.1016046   0.10263412  0.10807955]],0.0,0.0,0.0
2014-04-08 00:40:00,0.0,1,0.00777858728543,0.00777858728543,[[ 0.08463359  0.10304376  0.09258542  0.08203632  0.07622372]],0.0,0.0,0.0
2014-04-08 00:45:00,0.0,1,0.00596209894866,0.00596209894866,[[ 0.08077829  0.09344551  0.08428141  0.06733124  0.05400415]],0.0,0.0,0.0
2014-04-08 00:50:00,0.0,1,0.00491829914972,0.00491829914972,[[ 0.0770812   0.08600828  0.07757491  0.05826313  0.04289641]],0.0,0.0,0.0
2014-04-08 00:55:00,0.0,1,0.0039784796536,0.0039784796536,[[ 0.0715446   0.07644568  0.06990816  0.0520947   0.03645295]],0.0,0.0,0.0
2014-04-08 01:00:00,0.0,1,0.00338829378597,0.00338829378597,[[ 0.06668231  0.06918352  0.0636543   0.04912702  0.03525967]],0.0,0.0,0.0
2014-04-08 01:05:00,0.0,1,0.0030509410426,0.0030509410426,[[ 0.06278653  0.06424969  0.05886005  0.0482689   0.03728459]],0.0,0.0,0.0
2014-04-08 01:10:00,0.0,1,0.00287657254376,0.00287657254376,[[ 0.05973402  0.06101026  0.05522507  0.04863163  0.0409587 ]],0.0,0.0,0.0
2014-04-08 01:15:00,0.0,1,0.00283191725612,0.00283191725612,[[ 0.05789695  0.05938467  0.05308638  0.04965979  0.0446848 ]],0.0,0.0,0.0
2014-04-08 01:20:00,0.0,1,0.00284583796747,0.00284583796747,[[ 0.05689391  0.05876034  0.05191929  0.05067761  0.04770391]],0.0,0.0,0.0
2014-04-08 01:25:00,0.0,1,0.00284276902676,0.00284276902676,[[ 0.05518509  0.05762961  0.04998346  0.0517559   0.05167456]],0.0,0.0,0.0
2014-04-08 01:30:00,0.0,1,0.00286922277883,0.00286922277883,[[ 0.05386552  0.05694341  0.04851428  0.05283786  0.05528646]],0.0,0.0,0.0
2014-04-08 01:35:00,0.0,1,0.00290713063441,0.00290713063441,[[ 0.05284089  0.05651499  0.0473822   0.05379985  0.05839567]],0.0,0.0,0.0
2014-04-08 01:40:00,0.0,1,0.00294617610052,0.00294617610052,[[ 0.05267675  0.05660096  0.04719756  0.05437054  0.05973781]],0.0,0.0,0.0
2014-04-08 01:45:00,0.0,1,0.00295644393191,0.00295644393191,[[ 0.05197971  0.05614232  0.04633561  0.05472893  0.06153149]],0.0,0.0,0.0
2014-04-08 01:50:00,0.0,1,0.0029600050766,0.0029600050766,[[ 0.0514156   0.0557254   0.0456215   0.05492861  0.06287025]],0.0,0.0,0.0
2014-04-08 01:55:00,0.0,1,0.0029548346065,0.0029548346065,[[ 0.05091942  0.05531294  0.04500179  0.05499165  0.06381711]],0.0,0.0,0.0
2014-04-08 02:00:00,0.0,1,0.00294053414837,0.00294053414837,[[ 0.05045097  0.05488356  0.04444019  0.05493877  0.06443575]],0.0,0.0,0.0
2014-04-08 02:05:00,0.0,1,0.00306714954786,0.00306714954786,[[ 0.05022249  0.05510864  0.04373152  0.05606468  0.06870803]],0.0,0.0,0.0
2014-04-08 02:10:00,0.0,1,0.00301057426259,0.00301057426259,[[ 0.04977027  0.05454504  0.04331233  0.0555953   0.06807228]],0.0,0.0,0.0
2014-04-08 02:15:00,0.0,1,0.0029511526227,0.0029511526227,[[ 0.04928839  0.05395327  0.04287679  0.05509641  0.06739013]],0.0,0.0,0.0
2014-04-08 02:20:00,0.0,1,0.00288938730955,0.00288938730955,[[ 0.04878036  0.05333681  0.04242695  0.05457151  0.0666671 ]],0.0,0.0,0.0
2014-04-08 02:25:00,0.0,1,0.00282573071308,0.00282573071308,[[ 0.04824931  0.05269879  0.04196466  0.05402377  0.06590824]],0.0,0.0,0.0
2014-04-08 02:30:00,0.0,1,0.00276059657335,0.00276059657335,[[ 0.04769816  0.05204213  0.04149163  0.05345611  0.06511816]],0.0,0.0,0.0
2014-04-08 02:35:00,0.0,1,0.00269435485825,0.00269435485825,[[ 0.0471295   0.05136941  0.04100939  0.05287121  0.06430112]],0.0,0.0,0.0
2014-04-08 02:40:00,0.0,1,0.0026273378171,0.0026273378171,[[ 0.04654574  0.05068305  0.04051935  0.05227147  0.06346091]],0.0,0.0,0.0
2014-04-08 02:45:00,0.0,1,0.00255984300748,0.00255984300748,[[ 0.04594903  0.04998521  0.04002278  0.05165911  0.06260107]],0.0,0.0,0.0
2014-04-08 02:50:00,0.0,1,0.00249213771895,0.00249213771895,[[ 0.04534138  0.04927789  0.03952084  0.05103614  0.06172482]],0.0,0.0,0.0
2014-04-08 02:55:00,0.0,1,0.00242445757613,0.00242445757613,[[ 0.04472455  0.04856288  0.0390146   0.0504044   0.06083507]],0.0,0.0,0.0
2014-04-08 03:00:00,0.0,1,0.00235701119527,0.00235701119527,[[ 0.04410022  0.04784184  0.03850501  0.04976554  0.05993447]],0.0,0.0,0.0
2014-04-08 03:05:00,0.0,1,0.00228998204693,0.00228998204693,[[ 0.04346984  0.04711622  0.03799292  0.04912109  0.05902542]],0.0,0.0,0.0
2014-04-08 03:10:00,0.0,1,0.0022235319484,0.0022235319484,[[ 0.04283477  0.0463874   0.03747915  0.04847242  0.05811015]],0.0,0.0,0.0
2014-04-08 03:15:00,0.0,1,0.00215779943392,0.00215779943392,[[ 0.04219622  0.04565658  0.03696441  0.04782076  0.05719057]],0.0,0.0,0.0
2014-04-08 03:20:00,0.0,1,0.00209290976636,0.00209290976636,[[ 0.04155535  0.04492491  0.03644934  0.04716726  0.05626855]],0.0,0.0,0.0
2014-04-08 03:25:00,0.0,1,0.00202896399423,0.00202896399423,[[ 0.04091311  0.04419337  0.03593453  0.04651291  0.05534566]],0.0,0.0,0.0
2014-04-08 03:30:00,0.0,1,0.00196605361998,0.00196605361998,[[ 0.04027045  0.04346287  0.03542053  0.04585867  0.0544234 ]],0.0,0.0,0.0
2014-04-08 03:35:00,0.0,1,0.00190425408073,0.00190425408073,[[ 0.03962819  0.04273427  0.03490782  0.04520535  0.05350308]],0.0,0.0,0.0
2014-04-08 03:40:00,0.0,1,0.00184362754226,0.00184362754226,[[ 0.03898709  0.0420083   0.03439683  0.0445537   0.05258587]],0.0,0.0,0.0
2014-04-08 03:45:00,0.0,1,0.00178422627505,0.00178422627505,[[ 0.03834781  0.04128561  0.03388797  0.04390439  0.05167286]],0.0,0.0,0.0
2014-04-08 03:50:00,0.0,1,0.00172609160654,0.00172609160654,[[ 0.03771098  0.04056683  0.03338157  0.04325803  0.05076501]],0.0,0.0,0.0
2014-04-08 03:55:00,0.0,1,0.00166925659869,0.00166925659869,[[ 0.03707715  0.0398525   0.032878    0.04261515  0.04986313]],0.0,0.0,0.0
2014-04-08 04:00:00,0.0,1,0.00161374732852,0.00161374732852,[[ 0.03644683  0.03914312  0.03237753  0.04197627  0.04896804]],0.0,0.0,0.0
2014-04-08 04:05:00,0.0,1,0.00155958067626,0.00155958067626,[[ 0.03582047  0.03843915  0.03188043  0.04134179  0.04808038]],0.0,0.0,0.0
2014-04-08 04:10:00,0.0,1,0.00150676839985,0.00150676839985,[[ 0.03519848  0.03774095  0.03138694  0.04071212  0.04720077]],0.0,0.0,0.0
2014-04-08 04:15:00,0.0,1,0.00145531469025,0.00145531469025,[[ 0.03458119  0.03704887  0.03089725  0.04008757  0.04632972]],0.0,0.0,0.0
2014-04-08 04:20:00,0.0,1,0.00140522420406,0.00140522420406,[[ 0.03396899  0.03636329  0.0304116   0.03946847  0.04546772]],0.0,0.0,0.0
2014-04-08 04:25:00,0.0,1,0.00135648995638,0.00135648995638,[[ 0.03336213  0.03568441  0.02993012  0.03885508  0.04461515]],0.0,0.0,0.0
2014-04-08 04:30:00,0.0,1,0.00130910682492,0.00130910682492,[[ 0.03276088  0.03501254  0.02945299  0.03824763  0.04377238]],0.0,0.0,0.0
2014-04-08 04:35:00,0.0,1,0.00126306375023,0.00126306375023,[[ 0.03216548  0.03434787  0.02898033  0.03764632  0.04293972]],0.0,0.0,0.0
2014-04-08 04:40:00,0.0,1,0.00121834804304,0.00121834804304,[[ 0.03157614  0.03369062  0.02851228  0.03705135  0.04211742]],0.0,0.0,0.0
2014-04-08 04:45:00,0.0,1,0.00117494212463,0.00117494212463,[[ 0.03099304  0.03304091  0.02804894  0.03646283  0.04130569]],0.0,0.0,0.0
2014-04-08 04:50:00,0.0,1,0.00113283132669,0.00113283132669,[[ 0.03041635  0.03239895  0.02759042  0.03588094  0.04050478]],0.0,0.0,0.0
2014-04-08 04:55:00,0.0,1,0.00109199283179,0.00109199283179,[[ 0.0298462   0.03176485  0.02713677  0.03530576  0.03971476]],0.0,0.0,0.0
2014-04-08 05:00:00,0.0,1,0.00105240626726,0.00105240626726,[[ 0.02928272  0.0311387   0.02668809  0.03473738  0.03893579]],0.0,0.0,0.0
2014-04-08 05:05:00,0.0,1,0.00101404963061,0.00101404963061,[[ 0.02872602  0.0305206   0.02624445  0.0341759   0.03816798]],0.0,0.0,0.0
2014-04-08 05:10:00,0.0,1,0.000976898707449,0.000976898707449,[[ 0.0281762   0.02991061  0.02580589  0.03362136  0.03741138]],0.0,0.0,0.0
2014-04-08 05:15:00,0.0,1,0.000940927769989,0.000940927769989,[[ 0.02763332  0.0293088   0.02537245  0.03307379  0.03666601]],0.0,0.0,0.0
2014-04-08 05:20:00,0.0,1,0.000906113535166,0.000906113535166,[[ 0.02709746  0.02871525  0.02494419  0.03253324  0.03593196]],0.0,0.0,0.0
2014-04-08 05:25:00,0.0,1,0.000872429285664,0.000872429285664,[[ 0.02656867  0.02812997  0.02452113  0.03199974  0.0352092 ]],0.0,0.0,0.0
2014-04-08 05:30:00,0.0,1,0.000839849002659,0.000839849002659,[[ 0.02604699  0.027553    0.0241033   0.0314733   0.03449774]],0.0,0.0,0.0
2014-04-08 05:35:00,0.0,1,0.000808347132988,0.000808347132988,[[ 0.02553248  0.02698436  0.02369073  0.03095393  0.03379757]],0.0,0.0,0.0
2014-04-08 05:40:00,0.0,1,0.000777895271312,0.000777895271312,[[ 0.02502512  0.02642404  0.02328341  0.0304416   0.03310862]],0.0,0.0,0.0
2014-04-08 05:45:00,0.0,1,0.0007484673406,0.0007484673406,[[ 0.02452495  0.02587204  0.02288137  0.02993631  0.03243087]],0.0,0.0,0.0
2014-04-08 05:50:00,0.0,1,0.000720037030987,0.000720037030987,[[ 0.02403198  0.02532837  0.0224846   0.02943803  0.03176425]],0.0,0.0,0.0
2014-04-08 05:55:00,0.0,1,0.000692577974405,0.000692577974405,[[ 0.02354622  0.02479298  0.02209312  0.02894676  0.03110872]],0.0,0.0,0.0
2014-04-08 06:00:00,0.0,1,0.000666063395329,0.000666063395329,[[ 0.02306765  0.02426584  0.02170686  0.02846244  0.03046425]],0.0,0.0,0.0
2014-04-08 06:05:00,0.0,1,0.000640468264464,0.000640468264464,[[ 0.02259631  0.02374697  0.0213259   0.02798506  0.02983072]],0.0,0.0,0.0
2014-04-08 06:10:00,0.0,1,0.000615765049588,0.000615765049588,[[ 0.02213212  0.0232363   0.02095018  0.02751455  0.02920802]],0.0,0.0,0.0
2014-04-08 06:15:00,0.0,1,0.000591928896029,0.000591928896029,[[ 0.02167509  0.02273378  0.02057967  0.02705088  0.0285961 ]],0.0,0.0,0.0
2014-04-08 06:20:00,0.0,1,0.000568934134208,0.000568934134208,[[ 0.02122519  0.02223939  0.02021439  0.02659401  0.02799481]],0.0,0.0,0.0
2014-04-08 06:25:00,0.0,1,0.000546755909454,0.000546755909454,[[ 0.02078237  0.02175307  0.0198543   0.02614385  0.02740405]],0.0,0.0,0.0
2014-04-08 06:30:00,0.0,1,0.000525369599927,0.000525369599927,[[ 0.02034663  0.02127476  0.01949937  0.02570037  0.02682374]],0.0,0.0,0.0
2014-04-08 06:35:00,0.0,1,0.000504752097186,0.000504752097186,[[ 0.01991791  0.02080445  0.01914962  0.02526353  0.02625374]],0.0,0.0,0.0
2014-04-08 06:40:00,0.0,1,0.000484878284624,0.000484878284624,[[ 0.01949614  0.02034204  0.01880497  0.02483324  0.0256939 ]],0.0,0.0,0.0
2014-04-08 06:45:00,0.0,1,0.000465725373942,0.000465725373942,[[ 0.01908133  0.01988745  0.01846541  0.02440944  0.02514413]],0.0,0.0,0.0
2014-04-08 06:50:00,0.0,1,0.000447271770099,0.000447271770099,[[ 0.01867343  0.01944065  0.01813091  0.02399208  0.02460433]],0.0,0.0,0.0
2014-04-08 06:55:00,0.0,1,0.000429493840784,0.000429493840784,[[ 0.01827234  0.01900156  0.01780145  0.02358107  0.02407432]],0.0,0.0,0.0
2014-04-08 07:00:00,1.0,1,0.000412371766288,0.000412371766288,[[ 0.01787803  0.01857016  0.01747698  0.02317641  0.02355405]],0.0,0.0,0.0
2014-04-08 07:05:00,0.0,1,0.191178575158,0.191178575158,[[ 0.0174905   0.01814622  0.01715744  0.02277788  0.02304329]],0.0,0.0,0.0
2014-04-08 07:10:00,0.0,1,0.191333964467,0.191333964467,[[ 0.01709617  0.01778243  0.01680423  0.02265599  0.02403245]],0.0,0.0,0.0
2014-04-08 07:15:00,0.0,1,0.193836346269,0.193836346269,[[ 0.01668443  0.01743975  0.01643256  0.02370486  0.02514896]],0.0,0.0,0.0
2014-04-08 07:20:00,0.0,1,0.19350554049,0.19350554049,[[ 0.01651003  0.01731294  0.01723734  0.02458563  0.02607048]],0.0,0.0,0.0
2014-04-08 07:25:00,0.0,1,0.1938174963,0.1938174963,[[ 0.01661278  0.01846054  0.01814891  0.02535851  0.0269033 ]],0.0,0.0,0.0
2014-04-08 07:30:00,1.0,1,0.0556998364627,0.0556998364627,[[ 0.1651701   0.15450299  0.20897019  0.2774474   0.32665157]],0.0,0.0,0.0
2014-04-08 07:35:00,0.0,1,0.142325073481,0.142325073481,[[ 0.12209347  0.13436484  0.1507313   0.18326642  0.2111032 ]],0.0,0.0,0.0
2014-04-08 07:40:00,0.0,1,0.162339568138,0.162339568138,[[ 0.10692162  0.12284595  0.12680623  0.13514781  0.14534561]],0.0,0.0,0.0
2014-04-08 07:45:00,0.0,1,0.168082088232,0.168082088232,[[ 0.0908327   0.10550928  0.10434262  0.09854867  0.09546576]],0.0,0.0,0.0
2014-04-08 07:50:00,0.0,1,0.170615643263,0.170615643263,[[ 0.07768174  0.08858158  0.08760855  0.07198542  0.05918657]],0.0,0.0,0.0
2014-04-08 07:55:00,0.0,1,0.177050948143,0.177050948143,[[ 0.06721694  0.07497169  0.07458618  0.05337693  0.03372785]],0.0,0.0,0.0
2014-04-08 08:00:00,0.0,1,0.0306024737656,0.0306024737656,[[ 0.11872907  0.12147961  0.15596776  0.20412707  0.24117354]],0.0,0.0,0.0
2014-04-08 08:05:00,0.0,1,0.0160399153829,0.0160399153829,[[ 0.09888708  0.11697914  0.12372659  0.13894141  0.14874078]],0.0,0.0,0.0
2014-04-08 08:10:00,0.0,1,0.0100538404658,0.0100538404658,[[ 0.09065728  0.10772366  0.10638852  0.10046408  0.09505011]],0.0,0.0,0.0
2014-04-08 08:15:00,0.0,1,0.00630266685039,0.00630266685039,[[ 0.08074788  0.0935422   0.09010175  0.0712107   0.05526013]],0.0,0.0,0.0
2014-04-08 08:20:00,0.0,1,0.00409825891256,0.00409825891256,[[ 0.07170998  0.0791031   0.07657154  0.05012046  0.02676593]],0.0,0.0,0.0
2014-04-08 08:25:00,0.0,1,0.00276318751276,0.00276318751276,[[ 0.06316756  0.06541122  0.06496885  0.03548831  0.00817299]],0.0,0.0,0.0
2014-04-08 08:30:00,0.0,1,0.0018964947667,0.0018964947667,[[ 0.05485092  0.05290976  0.05470467  0.02604397 -0.00187586]],0.0,0.0,0.0
2014-04-08 08:35:00,0.0,1,0.00132944551297,0.00132944551297,[[ 0.04748008  0.04252161  0.04614232  0.02048644 -0.00599785]],0.0,0.0,0.0
2014-04-08 08:40:00,0.0,1,0.000976960989647,0.000976960989647,[[ 0.04159425  0.0351535   0.03957671  0.01778617 -0.00602416]],0.0,0.0,0.0
2014-04-08 08:45:00,0.0,1,0.000753011961933,0.000753011961933,[[ 0.03697837  0.03005287  0.03459487  0.01683241 -0.00378813]],0.0,0.0,0.0
2014-04-08 08:50:00,0.0,1,0.000612431264017,0.000612431264017,[[ 0.03341869  0.02661022  0.03085331  0.01688441 -0.00048333]],0.0,0.0,0.0
2014-04-08 08:55:00,0.0,1,0.000527152849827,0.000527152849827,[[ 0.0306927   0.02433329  0.02805166  0.01745781  0.00315318]],0.0,0.0,0.0
2014-04-08 09:00:00,0.0,1,0.000478450761875,0.000478450761875,[[ 0.02860577  0.02285321  0.02594974  0.01825818  0.00670407]],0.0,0.0,0.0
2014-04-08 09:05:00,0.0,1,0.000453438755358,0.000453438755358,[[ 0.02699684  0.02190682  0.02436038  0.01911914  0.00997426]],0.0,0.0,0.0
2014-04-08 09:10:00,0.0,1,0.000456103502074,0.000456103502074,[[ 0.02690769  0.02192394  0.02434533  0.0193679   0.01039347]],0.0,0.0,0.0
2014-04-08 09:15:00,0.0,1,0.00044064890244,0.00044064890244,[[ 0.02569582  0.02121702  0.02313692  0.01990769  0.01269545]],0.0,0.0,0.0
2014-04-08 09:20:00,0.0,1,0.000432330009062,0.000432330009062,[[ 0.02473097  0.0207115   0.02218745  0.02037333  0.01461875]],0.0,0.0,0.0
2014-04-08 09:25:00,0.0,1,0.000427482649684,0.000427482649684,[[ 0.02394699  0.02032598  0.02142415  0.02074204  0.01617353]],0.0,0.0,0.0
2014-04-08 09:30:00,0.0,1,0.000423754652729,0.000423754652729,[[ 0.02329147  0.02000381  0.02079199  0.02100817  0.0173919 ]],0.0,0.0,0.0
2014-04-08 09:35:00,0.0,1,0.000419885211159,0.000419885211159,[[ 0.02272566  0.01971105  0.02025129  0.02117957  0.01832364]],0.0,0.0,0.0
2014-04-08 09:40:00,0.0,1,0.000478204892715,0.000478204892715,[[ 0.0218851   0.02057258  0.0196389   0.02328442  0.02368513]],0.0,0.0,0.0
2014-04-08 09:45:00,0.0,1,0.000463762145955,0.000463762145955,[[ 0.02156239  0.02018584  0.01931072  0.02297576  0.02335843]],0.0,0.0,0.0
2014-04-08 09:50:00,0.0,1,0.000449357787147,0.000449357787147,[[ 0.02123679  0.01979729  0.0189852   0.02266166  0.02301883]],0.0,0.0,0.0
2014-04-08 09:55:00,0.0,1,0.000435040099546,0.000435040099546,[[ 0.0209091   0.01940778  0.0186625   0.0223431   0.02266815]],0.0,0.0,0.0
2014-04-08 10:00:00,0.0,1,0.000420851341914,0.000420851341914,[[ 0.02057998  0.01901806  0.01834282  0.02202096  0.02230814]],0.0,0.0,0.0
2014-04-08 10:05:00,0.0,1,0.000406826846302,0.000406826846302,[[ 0.02025006  0.01862871  0.01802624  0.02169605  0.02194029]],0.0,0.0,0.0
2014-04-08 10:10:00,0.0,1,0.00039299778291,0.00039299778291,[[ 0.01991988  0.01824034  0.01771291  0.0213691   0.02156599]],0.0,0.0,0.0
2014-04-08 10:15:00,0.0,1,0.00037939165486,0.00037939165486,[[ 0.01958995  0.01785345  0.01740292  0.02104078  0.02118655]],0.0,0.0,0.0
2014-04-08 10:20:00,0.0,1,0.000366031366866,0.000366031366866,[[ 0.01926073  0.01746858  0.01709637  0.02071169  0.02080312]],0.0,0.0,0.0
2014-04-08 10:25:00,0.0,1,0.000352936505806,0.000352936505806,[[ 0.01893263  0.01708612  0.01679334  0.02038241  0.02041675]],0.0,0.0,0.0
2014-04-08 10:30:00,0.0,1,0.000340122875059,0.000340122875059,[[ 0.01860601  0.01670644  0.0164939   0.02005343  0.02002839]],0.0,0.0,0.0
2014-04-08 10:35:00,0.0,1,0.000327605113853,0.000327605113853,[[ 0.01828126  0.01632997  0.01619814  0.01972522  0.01963898]],0.0,0.0,0.0
2014-04-08 10:40:00,0.0,1,0.000315391924232,0.000315391924232,[[ 0.01795861  0.01595694  0.01590609  0.01939815  0.01924922]],0.0,0.0,0.0
2014-04-08 10:45:00,0.0,1,0.000303492270177,0.000303492270177,[[ 0.01763834  0.01558767  0.01561778  0.01907261  0.01885988]],0.0,0.0,0.0
2014-04-08 10:50:00,0.0,1,0.000291912467219,0.000291912467219,[[ 0.01732071  0.01522241  0.01533328  0.01874898  0.01847159]],0.0,0.0,0.0
2014-04-08 10:55:00,0.0,1,0.00028065656079,0.00028065656079,[[ 0.01700594  0.01486139  0.01505261  0.01842752  0.01808495]],0.0,0.0,0.0
2014-04-08 11:00:00,0.0,1,0.000269725802355,0.000269725802355,[[ 0.01669417  0.01450476  0.01477576  0.01810848  0.01770044]],0.0,0.0,0.0
2014-04-08 11:05:00,0.0,1,0.000259123044088,0.000259123044088,[[ 0.01638562  0.01415276  0.0145028   0.01779217  0.01731859]],0.0,0.0,0.0
2014-04-08 11:10:00,0.0,1,0.000248846539762,0.000248846539762,[[ 0.01608042  0.01380549  0.01423371  0.01747874  0.0169398 ]],0.0,0.0,0.0
2014-04-08 11:15:00,0.0,1,0.000238895256189,0.000238895256189,[[ 0.01577868  0.01346309  0.0139685   0.01716843  0.01656444]],0.0,0.0,0.0
2014-04-08 11:20:00,0.0,1,0.00022926661768,0.00022926661768,[[ 0.01548055  0.0131257   0.0137072   0.01686138  0.01619285]],0.0,0.0,0.0
2014-04-08 11:25:00,0.0,1,0.000219957408262,0.000219957408262,[[ 0.01518611  0.01279342  0.01344979  0.01655776  0.01582534]],0.0,0.0,0.0
2014-04-08 11:30:00,0.0,1,0.000210963393329,0.000210963393329,[[ 0.01489545  0.0124663   0.01319627  0.0162577   0.01546219]],0.0,0.0,0.0
2014-04-08 11:35:00,0.0,1,0.000202279421501,0.000202279421501,[[ 0.01460864  0.01214442  0.01294664  0.01596132  0.01510359]],0.0,0.0,0.0
2014-04-08 11:40:00,0.0,1,0.000193899919395,0.000193899919395,[[ 0.01432574  0.01182784  0.01270086  0.01566869  0.01474976]],0.0,0.0,0.0
2014-04-08 11:45:00,0.0,1,0.000185818717,0.000185818717,[[ 0.01404678  0.01151656  0.01245891  0.01537991  0.01440085]],0.0,0.0,0.0
2014-04-08 11:50:00,0.0,1,0.00017803045921,0.00017803045921,[[ 0.01377182  0.01121066  0.01222081  0.01509508  0.01405706]],0.0,0.0,0.0
2014-04-08 11:55:00,0.0,1,0.000170528626768,0.000170528626768,[[ 0.01350092  0.01091018  0.01198655  0.01481424  0.01371851]],0.0,0.0,0.0
2014-04-08 12:00:00,0.0,1,0.000163305623573,0.000163305623573,[[ 0.01323406  0.01061508  0.01175606  0.01453743  0.01338529]],0.0,0.0,0.0
2014-04-08 12:05:00,0.0,1,0.000156354479259,0.000156354479259,[[ 0.01297127  0.01032538  0.01152933  0.0142647   0.01305749]],0.0,0.0,0.0
2014-04-08 12:10:00,0.0,1,0.000149668863742,0.000149668863742,[[ 0.01271259  0.0100411   0.01130637  0.01399609  0.01273523]],0.0,0.0,0.0
2014-04-08 12:15:00,0.0,1,0.000143240162288,0.000143240162288,[[ 0.01245798  0.00976221  0.01108711  0.01373158  0.01241847]],0.0,0.0,0.0
2014-04-08 12:20:00,0.0,1,0.000137062132126,0.000137062132126,[[ 0.01220748  0.00948868  0.01087154  0.01347125  0.01210735]],0.0,0.0,0.0
2014-04-08 12:25:00,0.0,1,0.000131126173073,0.000131126173073,[[ 0.01196103  0.00922047  0.0106596   0.01321504  0.01180183]],0.0,0.0,0.0
2014-04-08 12:30:00,0.0,1,0.000125425955048,0.000125425955048,[[ 0.01171866  0.00895761  0.01045129  0.012963    0.01150197]],0.0,0.0,0.0
2014-04-08 12:35:00,0.0,1,0.00011995411478,0.00011995411478,[[ 0.01148036  0.00870004  0.01024657  0.01271511  0.0112078 ]],0.0,0.0,0.0
2014-04-08 12:40:00,0.0,1,0.000114702692372,0.000114702692372,[[ 0.01124611  0.00844773  0.01004541  0.01247133  0.01091925]],0.0,0.0,0.0
2014-04-08 12:45:00,0.0,1,0.000109665190394,0.000109665190394,[[ 0.01101588  0.00820065  0.00984778  0.01223171  0.01063637]],0.0,0.0,0.0
2014-04-08 12:50:00,0.0,1,0.000104833008663,0.000104833008663,[[ 0.0107896   0.00795867  0.00965359  0.01199615  0.01035903]],0.0,0.0,0.0
2014-04-08 12:55:00,0.0,1,0.00010020085756,0.00010020085756,[[ 0.01056733  0.00772186  0.00946288  0.01176468  0.01008737]],0.0,0.0,0.0
2014-04-08 13:00:00,0.0,1,9.57607626333e-05,9.57607626333e-05,[[ 0.01034898  0.00749011  0.00927556  0.01153725  0.00982123]],0.0,0.0,0.0
2014-04-08 13:05:00,0.0,1,9.15060809348e-05,9.15060809348e-05,[[ 0.01013453  0.00726334  0.00909159  0.01131384  0.00956062]],0.0,0.0,0.0
2014-04-08 13:10:00,0.0,1,8.74301185831e-05,8.74301185831e-05,[[ 0.00992394  0.00704154  0.00891095  0.01109441  0.00930546]],0.0,0.0,0.0
2014-04-08 13:15:00,0.0,1,8.35266109789e-05,8.35266109789e-05,[[ 0.00971719  0.00682464  0.00873361  0.01087893  0.00905575]],0.0,0.0,0.0
2014-04-08 13:20:00,0.0,1,7.97891771072e-05,7.97891771072e-05,[[ 0.00951424  0.00661259  0.0085595   0.01066736  0.00881141]],0.0,0.0,0.0
2014-04-08 13:25:00,0.0,1,7.6211465057e-05,7.6211465057e-05,[[ 0.00931504  0.00640531  0.00838861  0.01045967  0.00857239]],0.0,0.0,0.0
2014-04-08 13:30:00,0.0,1,7.27873994038e-05,7.27873994038e-05,[[ 0.00911957  0.00620274  0.00822087  0.01025579  0.00833862]],0.0,0.0,0.0
2014-04-08 13:35:00,0.0,1,6.95109265507e-05,6.95109265507e-05,[[ 0.00892774  0.0060048   0.00805624  0.01005569  0.00811003]],0.0,0.0,0.0
2014-04-08 13:40:00,0.0,1,6.63765022182e-05,6.63765022182e-05,[[ 0.00873955  0.00581144  0.00789469  0.00985932  0.00788654]],0.0,0.0,0.0
2014-04-08 13:45:00,0.0,1,6.33786112303e-05,6.33786112303e-05,[[ 0.00855494  0.00562259  0.00773619  0.00966664  0.00766812]],0.0,0.0,0.0
2014-04-08 13:50:00,0.0,1,6.05119566899e-05,6.05119566899e-05,[[ 0.00837386  0.0054382   0.00758068  0.00947762  0.00745469]],0.0,0.0,0.0
2014-04-08 13:55:00,0.0,1,5.77712598897e-05,5.77712598897e-05,[[ 0.00819629  0.00525819  0.00742812  0.00929218  0.00724617]],0.0,0.0,0.0
2014-04-08 14:00:00,0.0,1,5.51510493096e-05,5.51510493096e-05,[[ 0.00802213  0.00508247  0.00727846  0.00911026  0.00704247]],0.0,0.0,0.0
2014-04-08 14:05:00,0.0,1,5.26471121702e-05,5.26471121702e-05,[[ 0.00785139  0.00491101  0.00713167  0.00893187  0.00684355]],0.0,0.0,0.0
2014-04-08 14:10:00,0.0,1,5.02541879541e-05,5.02541879541e-05,[[ 0.00768401  0.00474369  0.00698771  0.00875691  0.00664929]],0.0,0.0,0.0
2014-04-08 14:15:00,0.0,1,4.79678346892e-05,4.79678346892e-05,[[ 0.00751991  0.00458048  0.00684651  0.00858532  0.00645964]],0.0,0.0,0.0
2014-04-08 14:20:00,0.0,1,4.57838468719e-05,4.57838468719e-05,[[ 0.00735907  0.00442132  0.00670806  0.00841709  0.00627452]],0.0,0.0,0.0
2014-04-08 14:25:00,0.0,1,4.36977024947e-05,4.36977024947e-05,[[ 0.00720143  0.00426611  0.00657231  0.00825214  0.00609385]],0.0,0.0,0.0
2014-04-08 14:30:00,0.0,1,4.17053852289e-05,4.17053852289e-05,[[ 0.00704695  0.00411478  0.00643921  0.00809042  0.00591757]],0.0,0.0,0.0
2014-04-08 14:35:00,0.0,1,3.98027768824e-05,3.98027768824e-05,[[ 0.00689558  0.00396726  0.0063087   0.00793188  0.00574554]],0.0,0.0,0.0
2014-04-08 14:40:00,0.0,1,3.7986505049e-05,3.7986505049e-05,[[ 0.00674727  0.00382352  0.0061808   0.0077765   0.00557776]],0.0,0.0,0.0
2014-04-08 14:45:00,0.0,1,3.62525133824e-05,3.62525133824e-05,[[ 0.00660197  0.00368345  0.00605541  0.00762419  0.00541411]],0.0,0.0,0.0
2014-04-08 14:50:00,0.0,1,3.45972875948e-05,3.45972875948e-05,[[ 0.00645965  0.00354699  0.0059325   0.00747488  0.00525449]],0.0,0.0,0.0
2014-04-08 14:55:00,0.0,1,3.3017633541e-05,3.3017633541e-05,[[ 0.00632025  0.00341409  0.00581205  0.00732858  0.00509888]],0.0,0.0,0.0
2014-04-08 15:00:00,0.0,1,3.15100114676e-05,3.15100114676e-05,[[ 0.00618369  0.00328467  0.005694    0.00718518  0.00494716]],0.0,0.0,0.0
2014-04-08 15:05:00,0.0,1,3.0071265428e-05,3.0071265428e-05,[[ 0.00604995  0.00315862  0.00557831  0.00704466  0.00479925]],0.0,0.0,0.0
2014-04-08 15:10:00,0.0,1,2.86985650746e-05,2.86985650746e-05,[[ 0.00591898  0.00303593  0.00546494  0.00690696  0.00465509]],0.0,0.0,0.0
2014-04-08 15:15:00,0.0,1,2.73890855169e-05,2.73890855169e-05,[[ 0.00579075  0.00291654  0.00535387  0.00677205  0.00451463]],0.0,0.0,0.0
2014-04-08 15:20:00,1.0,1,2.61397944996e-05,2.61397944996e-05,[[ 0.0056652   0.00280034  0.00524504  0.00663985  0.00437775]],0.0,0.0,0.0
2014-04-08 15:25:00,0.0,1,0.198327198625,0.198327198625,[[ 0.00554226  0.00268729  0.0051384   0.00651031  0.00424438]],0.0,0.0,0.0
2014-04-08 15:30:00,0.0,1,0.197319477797,0.197319477797,[[ 0.00536663  0.00271766  0.00501233  0.00677171  0.00579847]],0.0,0.0,0.0
2014-04-08 15:35:00,0.0,1,0.198085263371,0.198085263371,[[ 0.00514741  0.00282378  0.00487905  0.00830103  0.00756897]],0.0,0.0,0.0
2014-04-08 15:40:00,0.0,1,0.198783487082,0.198783487082,[[ 0.00520366  0.0031658   0.00597166  0.00964842  0.00911977]],0.0,0.0,0.0
2014-04-08 15:45:00,0.0,1,0.197846218944,0.197846218944,[[ 0.00555364  0.0048579   0.00719506  0.01092383  0.01062398]],0.0,0.0,0.0
2014-04-08 15:50:00,1.0,1,0.0364634469151,0.0364634469151,[[ 0.11056601  0.10461326  0.15561938  0.22961712  0.28671771]],0.0,0.0,0.0
2014-04-08 15:55:00,0.0,1,0.144220918417,0.144220918417,[[ 0.08909865  0.10385248  0.11819285  0.15198293  0.18433319]],0.0,0.0,0.0
2014-04-08 16:00:00,0.0,0,0.167298033834,0.167298033834,[[ 0.0832406   0.10026106  0.1026736   0.10879347  0.12131752]],0.0,0.0,0.0
2014-04-08 16:05:00,0.0,0,0.171891406178,0.171891406178,[[ 0.0735897   0.08836181  0.08619228  0.07594322  0.07363313]],0.0,0.0,0.0
2014-04-08 16:10:00,0.0,0,0.173906326294,0.173906326294,[[ 0.06460139  0.07492316  0.07340354  0.05187803  0.0388808 ]],0.0,0.0,0.0
2014-04-08 16:15:00,0.0,0,0.1799710989,0.1799710989,[[ 0.05636305  0.06327358  0.06266274  0.03536836  0.01495589]],0.0,0.0,0.0
2014-04-08 16:20:00,0.0,0,0.016866017133,0.016866017133,[[ 0.06611963  0.07442028  0.10175351  0.15448257  0.20050251]],0.0,0.0,0.0
2014-04-08 16:25:00,0.0,0,0.00925694592297,0.00925694592297,[[ 0.06778385  0.08812775  0.09059758  0.1056449   0.12064333]],0.0,0.0,0.0
2014-04-08 16:30:00,0.0,0,0.00594396004453,0.00594396004453,[[ 0.06900649  0.08692186  0.08254609  0.0739491   0.07155536]],0.0,0.0,0.0
2014-04-08 16:35:00,0.0,0,0.00387768005021,0.00387768005021,[[ 0.06550521  0.07833822  0.07266989  0.04946919  0.03510666]],0.0,0.0,0.0
2014-04-08 16:40:00,0.0,0,0.00267813145183,0.00267813145183,[[ 0.06074123  0.06774996  0.06347653  0.03164329  0.00897413]],0.0,0.0,0.0
2014-04-08 16:45:00,0.0,0,0.00187999045011,0.00187999045011,[[ 0.05412479  0.05590244  0.0540251   0.01951492 -0.00677004]],0.0,0.0,0.0
2014-04-08 16:50:00,0.0,0,0.00133166811429,0.00133166811429,[[ 0.04718541  0.04488759  0.04536295  0.01206352 -0.01461697]],0.0,0.0,0.0
2014-04-08 16:55:00,0.0,0,0.000946295913309,0.000946295913309,[[ 0.04078186  0.03565623  0.03797323  0.00806614 -0.01702717]],0.0,0.0,0.0
2014-04-08 17:00:00,0.0,0,0.00067428057082,0.00067428057082,[[ 0.03528304  0.02841827  0.03195922  0.00644119 -0.01600096]],0.0,0.0,0.0
2014-04-08 17:05:00,0.0,0,0.000488056335598,0.000488056335598,[[ 0.03083289  0.02319896  0.02729095  0.00639599 -0.01287314]],0.0,0.0,0.0
2014-04-08 17:10:00,0.0,0,0.000368172448361,0.000368172448361,[[ 0.02742551  0.01980371  0.02384003  0.00731545 -0.00864027]],0.0,0.0,0.0
2014-04-08 17:15:00,0.0,0,0.000295863253996,0.000295863253996,[[ 0.02487034  0.01770583  0.02132941  0.00869081 -0.00410025]],0.0,0.0,0.0
2014-04-08 17:20:00,0.0,0,0.000256898230873,0.000256898230873,[[ 0.02297415  0.01648325  0.01951622  0.01019929  0.00027166]],0.0,0.0,0.0
2014-04-08 17:25:00,0.0,0,0.000240293011302,0.000240293011302,[[ 0.02157629  0.01582868  0.01821423  0.01165614  0.00421403]],0.0,0.0,0.0
2014-04-08 17:30:00,0.0,0,0.000248680647928,0.000248680647928,[[ 0.02206446  0.01610803  0.01872238  0.01159845  0.00347024]],0.0,0.0,0.0
2014-04-08 17:35:00,0.0,0,0.000239677698119,0.000239677698119,[[ 0.0209546   0.01561788  0.01767413  0.01267546  0.00650635]],0.0,0.0,0.0
2014-04-08 17:40:00,0.0,0,0.000238559601712,0.000238559601712,[[ 0.02010726  0.01535036  0.01689066  0.01361071  0.00907285]],0.0,0.0,0.0
2014-04-08 17:45:00,0.0,0,0.000241401066887,0.000241401066887,[[ 0.01944937  0.01520679  0.01629223  0.01438619  0.01118399]],0.0,0.0,0.0
2014-04-08 17:50:00,0.0,0,0.000245527044171,0.000245527044171,[[ 0.01892015  0.01511803  0.01581732  0.01500134  0.01287947]],0.0,0.0,0.0
2014-04-08 17:55:00,0.0,0,0.000249583361438,0.000249583361438,[[ 0.01848095  0.01504837  0.01542735  0.01547831  0.01422451]],0.0,0.0,0.0
2014-04-08 18:00:00,0.0,0,0.000318150094245,0.000318150094245,[[ 0.01790308  0.01653699  0.01518444  0.01836589  0.02070954]],0.0,0.0,0.0
2014-04-08 18:05:00,0.0,0,0.000311671232339,0.000311671232339,[[ 0.01768792  0.01629871  0.0149635   0.01822118  0.0205895 ]],0.0,0.0,0.0
2014-04-08 18:10:00,0.0,0,0.000304776593111,0.000304776593111,[[ 0.01746467  0.01604994  0.0147399   0.01806045  0.02044073]],0.0,0.0,0.0
2014-04-08 18:15:00,0.0,0,0.000297539518215,0.000297539518215,[[ 0.0172345   0.01579213  0.01451422  0.01788549  0.02026635]],0.0,0.0,0.0
2014-04-08 18:20:00,0.0,0,0.000290025083814,0.000290025083814,[[ 0.01699841  0.01552659  0.01428698  0.01769792  0.02006914]],0.0,0.0,0.0
2014-04-08 18:25:00,0.0,0,0.000282293069176,0.000282293069176,[[ 0.01675735  0.01525446  0.01405864  0.01749925  0.01985167]],0.0,0.0,0.0
2014-04-08 18:30:00,0.0,0,0.000274399091722,0.000274399091722,[[ 0.01651218  0.01497692  0.01382964  0.01729085  0.01961639]],0.0,0.0,0.0
2014-04-08 18:35:00,0.0,0,0.000266391085461,0.000266391085461,[[ 0.01626368  0.01469491  0.01360038  0.01707397  0.01936536]],0.0,0.0,0.0
2014-04-08 18:40:00,0.0,0,0.000258313957602,0.000258313957602,[[ 0.01601256  0.01440936  0.01337121  0.01684978  0.01910062]],0.0,0.0,0.0
2014-04-08 18:45:00,0.0,0,0.000250206911005,0.000250206911005,[[ 0.01575945  0.01412109  0.01314244  0.01661932  0.018824  ]],0.0,0.0,0.0
2014-04-08 18:50:00,0.0,0,0.000242105306825,0.000242105306825,[[ 0.01550498  0.01383092  0.0129144   0.01638357  0.01853713]],0.0,0.0,0.0
2014-04-08 18:55:00,0.0,0,0.000234040227951,0.000234040227951,[[ 0.01524962  0.0135395   0.01268731  0.0161434   0.01824157]],0.0,0.0,0.0
2014-04-08 19:00:00,0.0,0,0.000226038420806,0.000226038420806,[[ 0.01499389  0.01324745  0.01246145  0.01589961  0.01793865]],0.0,0.0,0.0
2014-04-08 19:05:00,0.0,0,0.000218124361709,0.000218124361709,[[ 0.01473822  0.01295535  0.01223703  0.01565295  0.01762969]],0.0,0.0,0.0
2014-04-08 19:10:00,0.0,0,0.000210318059544,0.000210318059544,[[ 0.01448297  0.01266371  0.01201422  0.01540408  0.0173158 ]],0.0,0.0,0.0
2014-04-08 19:15:00,0.0,0,0.000202637951588,0.000202637951588,[[ 0.01422851  0.01237304  0.01179323  0.01515362  0.01699808]],0.0,0.0,0.0
2014-04-08 19:20:00,0.0,0,0.000195098837139,0.000195098837139,[[ 0.01397517  0.01208372  0.01157419  0.01490211  0.01667746]],0.0,0.0,0.0
2014-04-08 19:25:00,0.0,0,0.000187713769265,0.000187713769265,[[ 0.01372324  0.01179615  0.01135727  0.01465008  0.01635481]],0.0,0.0,0.0
2014-04-08 19:30:00,0.0,0,0.000180493414518,0.000180493414518,[[ 0.01347297  0.01151071  0.01114258  0.01439798  0.01603093]],0.0,0.0,0.0
2014-04-08 19:35:00,0.0,0,0.000173445994733,0.000173445994733,[[ 0.01322459  0.01122766  0.01093023  0.0141462   0.01570652]],0.0,0.0,0.0
2014-04-08 19:40:00,0.0,0,0.000166578611243,0.000166578611243,[[ 0.01297829  0.01094732  0.01072031  0.01389514  0.01538225]],0.0,0.0,0.0
2014-04-08 19:45:00,0.0,0,0.00015989698295,0.00015989698295,[[ 0.01273428  0.01066992  0.01051292  0.01364514  0.0150587 ]],0.0,0.0,0.0
2014-04-08 19:50:00,0.0,0,0.000153404049342,0.000153404049342,[[ 0.01249267  0.01039566  0.01030813  0.01339647  0.01473637]],0.0,0.0,0.0
2014-04-08 19:55:00,0.0,0,0.000147103943164,0.000147103943164,[[ 0.01225369  0.01012479  0.01010602  0.01314947  0.0144158 ]],0.0,0.0,0.0
2014-04-08 20:00:00,0.0,0,0.000140997537528,0.000140997537528,[[ 0.01201742  0.00985745  0.00990664  0.01290434  0.01409739]],0.0,0.0,0.0
2014-04-08 20:05:00,0.0,0,0.000135085108923,0.000135085108923,[[ 0.01178396  0.00959378  0.00971004  0.01266131  0.0137815 ]],0.0,0.0,0.0
2014-04-08 20:10:00,0.0,0,0.00012936690473,0.00012936690473,[[ 0.01155342  0.00933395  0.00951624  0.01242059  0.0134685 ]],0.0,0.0,0.0
2014-04-08 20:15:00,0.0,0,0.00012384148431,0.00012384148431,[[ 0.01132589  0.00907803  0.00932528  0.01218234  0.01315868]],0.0,0.0,0.0
2014-04-08 20:20:00,0.0,0,0.000118507537991,0.000118507537991,[[ 0.01110143  0.00882614  0.00913721  0.01194673  0.01285233]],0.0,0.0,0.0
2014-04-08 20:25:00,0.0,0,0.000113362468255,0.000113362468255,[[ 0.01088009  0.00857837  0.00895202  0.01171387  0.01254966]],0.0,0.0,0.0
2014-04-08 20:30:00,0.0,0,0.000108404041384,0.000108404041384,[[ 0.01066197  0.00833479  0.00876975  0.01148392  0.01225092]],0.0,0.0,0.0
2014-04-08 20:35:00,0.0,0,0.000103628917714,0.000103628917714,[[ 0.01044708  0.00809547  0.00859041  0.01125695  0.01195627]],0.0,0.0,0.0
2014-04-08 20:40:00,0.0,0,9.9033350125e-05,9.9033350125e-05,[[ 0.01023545  0.00786043  0.00841398  0.01103307  0.01166586]],0.0,0.0,0.0
2014-04-08 20:45:00,0.0,0,9.46137224673e-05,9.46137224673e-05,[[ 0.0100271   0.00762971  0.00824048  0.01081235  0.01137985]],0.0,0.0,0.0
2014-04-08 20:50:00,0.0,0,9.03658365132e-05,9.03658365132e-05,[[ 0.00982206  0.00740334  0.0080699   0.01059485  0.01109832]],0.0,0.0,0.0
2014-04-08 20:55:00,0.0,0,8.62858141772e-05,8.62858141772e-05,[[ 0.00962036  0.00718133  0.00790224  0.01038064  0.01082142]],0.0,0.0,0.0
2014-04-08 21:00:00,0.0,0,8.23689770186e-05,8.23689770186e-05,[[ 0.00942198  0.0069637   0.0077375   0.01016974  0.0105492 ]],0.0,0.0,0.0
2014-04-08 21:05:00,0.0,0,7.86109667388e-05,7.86109667388e-05,[[ 0.00922693  0.00675044  0.00757565  0.00996221  0.01028173]],0.0,0.0,0.0
2014-04-08 21:10:00,0.0,0,7.50073886593e-05,7.50073886593e-05,[[ 0.00903524  0.00654158  0.00741668  0.00975807  0.01001909]],0.0,0.0,0.0
2014-04-08 21:15:00,0.0,0,7.155277126e-05,7.155277126e-05,[[ 0.00884683  0.00633703  0.00726057  0.0095573   0.00976123]],0.0,0.0,0.0
2014-04-08 21:20:00,0.0,0,6.82433965267e-05,6.82433965267e-05,[[ 0.00866176  0.00613683  0.0071073   0.00935996  0.00950829]],0.0,0.0,0.0
2014-04-08 21:25:00,0.0,0,6.50741130812e-05,6.50741130812e-05,[[ 0.00847999  0.00594097  0.00695685  0.00916605  0.00926019]],0.0,0.0,0.0
2014-04-08 21:30:00,0.0,0,6.2040562625e-05,6.2040562625e-05,[[ 0.00830152  0.00574937  0.00680921  0.00897556  0.009017  ]],0.0,0.0,0.0
2014-04-08 21:35:00,0.0,0,5.91375755903e-05,5.91375755903e-05,[[ 0.00812627  0.00556204  0.00666433  0.00878846  0.00877867]],0.0,0.0,0.0
2014-04-08 21:40:00,0.0,0,5.63609282835e-05,5.63609282835e-05,[[ 0.00795425  0.00537892  0.00652221  0.00860476  0.00854521]],0.0,0.0,0.0
2014-04-08 21:45:00,0.0,0,5.37063278898e-05,5.37063278898e-05,[[ 0.00778546  0.00519998  0.00638279  0.00842448  0.00831664]],0.0,0.0,0.0
2014-04-08 21:50:00,0.0,0,5.1168819482e-05,5.1168819482e-05,[[ 0.00761984  0.00502519  0.00624608  0.00824754  0.00809286]],0.0,0.0,0.0
2014-04-08 21:55:00,0.0,0,4.87443721795e-05,4.87443721795e-05,[[ 0.00745737  0.00485447  0.006112    0.00807396  0.0078739 ]],0.0,0.0,0.0
2014-04-08 22:00:00,0.0,0,4.64282566099e-05,4.64282566099e-05,[[ 0.00729799  0.00468778  0.00598054  0.00790367  0.00765966]],0.0,0.0,0.0
2014-04-08 22:05:00,0.0,0,4.42170421593e-05,4.42170421593e-05,[[ 0.00714175  0.00452513  0.00585171  0.00773669  0.00745017]],0.0,0.0,0.0
2014-04-08 22:10:00,0.0,0,4.21055665356e-05,4.21055665356e-05,[[ 0.00698849  0.00436636  0.00572539  0.00757295  0.00724528]],0.0,0.0,0.0
2014-04-08 22:15:00,0.0,0,4.009089389e-05,4.009089389e-05,[[ 0.00683828  0.00421151  0.00560163  0.00741245  0.00704507]],0.0,0.0,0.0
2014-04-08 22:20:00,0.0,0,3.81685313187e-05,3.81685313187e-05,[[ 0.00669102  0.00406048  0.00548036  0.00725513  0.00684939]],0.0,0.0,0.0
2014-04-08 22:25:00,0.0,0,3.63349317922e-05,3.63349317922e-05,[[ 0.00654672  0.00391322  0.00536153  0.00710097  0.00665823]],0.0,0.0,0.0
2014-04-08 22:30:00,0.0,0,3.4586439142e-05,3.4586439142e-05,[[ 0.00640531  0.0037697   0.00524513  0.00694994  0.00647152]],0.0,0.0,0.0
2014-04-08 22:35:00,0.0,0,3.29193608195e-05,3.29193608195e-05,[[ 0.00626676  0.00362983  0.00513111  0.00680196  0.0062892 ]],0.0,0.0,0.0
2014-04-08 22:40:00,0.0,0,3.13303607982e-05,3.13303607982e-05,[[ 0.00613102  0.00349355  0.00501945  0.00665703  0.00611119]],0.0,0.0,0.0
2014-04-08 22:45:00,0.0,0,2.98160684906e-05,2.98160684906e-05,[[ 0.00599805  0.00336082  0.0049101   0.00651507  0.00593745]],0.0,0.0,0.0
2014-04-08 22:50:00,0.0,0,2.83733133983e-05,2.83733133983e-05,[[ 0.00586783  0.00323157  0.00480302  0.00637607  0.0057679 ]],0.0,0.0,0.0
2014-04-08 22:55:00,0.0,0,2.69986448984e-05,2.69986448984e-05,[[ 0.00574026  0.0031057   0.00469817  0.00623995  0.00560245]],0.0,0.0,0.0
2014-04-08 23:00:00,0.0,0,2.5689636459e-05,2.5689636459e-05,[[ 0.00561538  0.00298322  0.00459555  0.0061067   0.00544107]],0.0,0.0,0.0
2014-04-08 23:05:00,0.0,0,2.44431194005e-05,2.44431194005e-05,[[ 0.0054931   0.00286403  0.00449508  0.00597627  0.00528367]],0.0,0.0,0.0
2014-04-08 23:10:00,0.0,0,2.32562997553e-05,2.32562997553e-05,[[ 0.00537338  0.00274807  0.00439675  0.00584859  0.00513019]],0.0,0.0,0.0
2014-04-08 23:15:00,0.0,0,2.21264126594e-05,2.21264126594e-05,[[ 0.00525618  0.00263527  0.0043005   0.00572363  0.00498054]],0.0,0.0,0.0
2014-04-08 23:20:00,0.0,0,2.10511007026e-05,2.10511007026e-05,[[ 0.00514147  0.00252559  0.00420633  0.00560134  0.00483467]],0.0,0.0,0.0
2014-04-08 23:25:00,0.0,0,2.00278227567e-05,2.00278227567e-05,[[ 0.00502919  0.00241897  0.00411417  0.00548169  0.0046925 ]],0.0,0.0,0.0
2014-04-08 23:30:00,0.0,0,1.90540049516e-05,1.90540049516e-05,[[ 0.0049193   0.00231531  0.00402399  0.0053646   0.00455394]],0.0,0.0,0.0
2014-04-08 23:35:00,0.0,0,1.81275954674e-05,1.81275954674e-05,[[ 0.00481177  0.00221459  0.00393576  0.00525006  0.00441895]],0.0,0.0,0.0
2014-04-08 23:40:00,1.0,0,1.72464242496e-05,1.72464242496e-05,[[ 0.00470657  0.00211674  0.00384945  0.00513801  0.00428746]],0.0,0.0,0.0
2014-04-08 23:45:00,0.0,0,0.198352664709,0.198352664709,[[ 0.00460363  0.0020217   0.00376503  0.00502839  0.00415936]],0.0,0.0,0.0
2014-04-08 23:50:00,0.0,0,0.197889089584,0.197889089584,[[ 0.00444186  0.00208075  0.00366328  0.00532686  0.00577185]],0.0,0.0,0.0
2014-04-08 23:55:00,0.0,0,0.19860497117,0.19860497117,[[ 0.00423607  0.00222414  0.00355824  0.00691848  0.00761191]],0.0,0.0,0.0
2014-04-09 00:00:00,0.0,0,0.198994487524,0.198994487524,[[ 0.00431822  0.00261486  0.00470632  0.0083272   0.00922648]],0.0,0.0,0.0
2014-04-09 00:05:00,0.0,0,0.198174923658,0.198174923658,[[ 0.00470635  0.00438765  0.00599406  0.00966766  0.01079617]],0.0,0.0,0.0
2014-04-09 00:10:00,1.0,0,0.0315418541431,0.0315418541431,[[ 0.08652573  0.08495551  0.13518654  0.21562418  0.27970687]],0.0,0.0,0.0
2014-04-09 00:15:00,0.0,0,0.142684653401,0.142684653401,[[ 0.0792111   0.09883484  0.1094005   0.14556342  0.18500105]],0.0,0.0,0.0
2014-04-09 00:20:00,0.0,0,0.168660834432,0.168660834432,[[ 0.07948941  0.10152472  0.09908757  0.10444261  0.12180682]],0.0,0.0,0.0
2014-04-09 00:25:00,0.0,0,0.172157287598,0.172157287598,[[ 0.0734256   0.0928299   0.08556882  0.07238667  0.07316817]],0.0,0.0,0.0
2014-04-09 00:30:00,0.0,0,0.171738922596,0.171738922596,[[ 0.06641151  0.08074738  0.07442025  0.04836674  0.03716133]],0.0,0.0,0.0
2014-04-09 00:35:00,0.0,0,0.179099410772,0.179099410772,[[ 0.05905988  0.06948202  0.06440737  0.03170166  0.01215331]],0.0,0.0,0.0
2014-04-09 00:40:00,0.0,0,0.0113621791825,0.0113621791825,[[ 0.03347329  0.05001129  0.06919003  0.12579682  0.18049157]],0.0,0.0,0.0
2014-04-09 00:45:00,0.0,0,0.00687754014507,0.00687754014507,[[ 0.05229616  0.07915904  0.07400171  0.08880179  0.10965696]],0.0,0.0,0.0
2014-04-09 00:50:00,0.0,0,0.0047622048296,0.0047622048296,[[ 0.06103722  0.08391257  0.07288265  0.06158357  0.06276739]],0.0,0.0,0.0
2014-04-09 00:55:00,0.0,0,0.00339634972624,0.00339634972624,[[ 0.06225096  0.07877778  0.06740984  0.03994539  0.02758457]],0.0,0.0,0.0
2014-04-09 01:00:00,0.0,0,0.00248650321737,0.00248650321737,[[ 0.05916646  0.06900714  0.05998562  0.02369212  0.00320454]],0.0,0.0,0.0
2014-04-09 01:05:00,0.0,0,0.00173087767325,0.00173087767325,[[ 0.0518154   0.05611795  0.05050602  0.01259719 -0.01052529]],0.0,0.0,0.0
2014-04-09 01:10:00,0.0,0,0.00120657740626,0.00120657740626,[[ 0.04435651  0.04460387  0.04191668  0.00605046 -0.01680075]],0.0,0.0,0.0
2014-04-09 01:15:00,0.0,0,0.000861486070789,0.000861486070789,[[ 0.03819549  0.03573573  0.03507123  0.00289675 -0.01825132]],0.0,0.0,0.0
2014-04-09 01:20:00,0.0,0,0.000636697455775,0.000636697455775,[[ 0.03360076  0.02950166  0.02998709  0.00207083 -0.01675155]],0.0,0.0,0.0
2014-04-09 01:25:00,0.0,0,0.000492487626616,0.000492487626616,[[ 0.03041662  0.0254646   0.02640232  0.00274073 -0.01357304]],0.0,0.0,0.0
2014-04-09 01:30:00,0.0,0,0.00038775606663,0.00038775606663,[[ 0.02774322  0.02253578  0.02356981  0.00415818 -0.00940245]],0.0,0.0,0.0
2014-04-09 01:35:00,0.0,0,0.000320000050124,0.000320000050124,[[ 0.02564035  0.02058191  0.02143769  0.00595342 -0.00489289]],0.0,0.0,0.0
2014-04-09 01:40:00,0.0,0,0.000281884887954,0.000281884887954,[[ 0.02402496  0.01937568  0.01987687  0.00784238 -0.00046457]],0.0,0.0,0.0
2014-04-09 01:45:00,0.0,0,0.000265381415375,0.000265381415375,[[ 0.02279723  0.01869036  0.01874234  0.00966504  0.00362983]],0.0,0.0,0.0
2014-04-09 01:50:00,0.0,0,0.00028062693309,0.00028062693309,[[ 0.02377158  0.0192801   0.01973902  0.00870296  0.00097664]],0.0,0.0,0.0
2014-04-09 01:55:00,0.0,0,0.000265966169536,0.000265966169536,[[ 0.02266234  0.01858599  0.01867082  0.01016792  0.00433868]],0.0,0.0,0.0
2014-04-09 02:00:00,0.0,0,0.00026115871151,0.00026115871151,[[ 0.02176766  0.01813849  0.01784988  0.01146505  0.00727268]],0.0,0.0,0.0
2014-04-09 02:05:00,0.0,0,0.000262524641585,0.000262524641585,[[ 0.02105825  0.01786537  0.01722192  0.01257534  0.00976056]],0.0,0.0,0.0
2014-04-09 02:10:00,0.0,0,0.000266968243523,0.000266968243523,[[ 0.02048763  0.01769254  0.01672946  0.01350127  0.01182849]],0.0,0.0,0.0
2014-04-09 02:15:00,0.0,0,0.000272506644251,0.000272506644251,[[ 0.02000874  0.01757083  0.01632769  0.01426543  0.01354081]],0.0,0.0,0.0
2014-04-09 02:20:00,0.0,0,0.000388478540117,0.000388478540117,[[ 0.01963885  0.01989428  0.01651438  0.01910552  0.02287313]],0.0,0.0,0.0
2014-04-09 02:25:00,0.0,0,0.000381337333238,0.000381337333238,[[ 0.01940437  0.01961873  0.01628228  0.01899824  0.02278633]],0.0,0.0,0.0
2014-04-09 02:30:00,0.0,0,0.00037348899059,0.00037348899059,[[ 0.01915655  0.01932306  0.01604228  0.01886973  0.02266428]],0.0,0.0,0.0
2014-04-09 02:35:00,0.0,0,0.000365045008948,0.000365045008948,[[ 0.01889714  0.01900987  0.01579559  0.01872223  0.02251057]],0.0,0.0,0.0
2014-04-09 02:40:00,0.0,0,0.000356109056156,0.000356109056156,[[ 0.01862782  0.01868157  0.01554331  0.01855776  0.02232853]],0.0,0.0,0.0
2014-04-09 02:45:00,0.0,0,0.000346775254002,0.000346775254002,[[ 0.0183501   0.01834035  0.01528645  0.01837818  0.02212123]],0.0,0.0,0.0
2014-04-09 02:50:00,0.0,0,0.000337129080435,0.000337129080435,[[ 0.0180653   0.01798818  0.01502591  0.01818524  0.02189144]],0.0,0.0,0.0
2014-04-09 02:55:00,0.0,0,0.000327248329995,0.000327248329995,[[ 0.01777469  0.01762691  0.01476254  0.01798048  0.02164172]],0.0,0.0,0.0
2014-04-09 03:00:00,0.0,0,0.00031720258994,0.00031720258994,[[ 0.01747938  0.01725819  0.01449707  0.01776535  0.02137444]],0.0,0.0,0.0
2014-04-09 03:05:00,0.0,0,0.000307054666337,0.000307054666337,[[ 0.0171804   0.01688354  0.0142302   0.01754118  0.02109175]],0.0,0.0,0.0
2014-04-09 03:10:00,0.0,0,0.000296860991511,0.000296860991511,[[ 0.01687869  0.01650437  0.01396257  0.01730917  0.02079567]],0.0,0.0,0.0
2014-04-09 03:15:00,0.0,0,0.000286669790512,0.000286669790512,[[ 0.01657505  0.01612187  0.01369473  0.01707044  0.02048796]],0.0,0.0,0.0
2014-04-09 03:20:00,0.0,0,0.000276524631772,0.000276524631772,[[ 0.01627024  0.01573721  0.01342717  0.01682599  0.02017027]],0.0,0.0,0.0
2014-04-09 03:25:00,0.0,0,0.000266464427114,0.000266464427114,[[ 0.01596501  0.01535142  0.01316039  0.01657676  0.01984414]],0.0,0.0,0.0
2014-04-09 03:30:00,0.0,0,0.000256520987023,0.000256520987023,[[ 0.01565988  0.0149654   0.01289475  0.01632355  0.01951094]],0.0,0.0,0.0
2014-04-09 03:35:00,0.0,0,0.000246725219768,0.000246725219768,[[ 0.01535551  0.0145801   0.01263071  0.01606723  0.01917198]],0.0,0.0,0.0
2014-04-09 03:40:00,0.0,0,0.000237098938669,0.000237098938669,[[ 0.01505232  0.01419614  0.01236852  0.0158084   0.01882833]],0.0,0.0,0.0
2014-04-09 03:45:00,0.0,0,0.000227664364502,0.000227664364502,[[ 0.01475081  0.01381429  0.0121085   0.01554776  0.01848113]],0.0,0.0,0.0
2014-04-09 03:50:00,0.0,0,0.000218438712182,0.000218438712182,[[ 0.01445137  0.01343516  0.01185096  0.01528589  0.0181313 ]],0.0,0.0,0.0
2014-04-09 03:55:00,0.0,0,0.000209435733268,0.000209435733268,[[ 0.01415434  0.0130593   0.01159611  0.01502333  0.01777971]],0.0,0.0,0.0
2014-04-09 04:00:00,0.0,0,0.000200666996534,0.000200666996534,[[ 0.01386007  0.01268716  0.01134416  0.01476054  0.01742716]],0.0,0.0,0.0
2014-04-09 04:05:00,0.0,0,0.000192141815205,0.000192141815205,[[ 0.01356885  0.01231922  0.0110953   0.01449799  0.01707439]],0.0,0.0,0.0
2014-04-09 04:10:00,0.0,0,0.000183866475709,0.000183866475709,[[ 0.0132809   0.01195585  0.01084971  0.01423606  0.01672202]],0.0,0.0,0.0
2014-04-09 04:15:00,0.0,0,0.000175845081685,0.000175845081685,[[ 0.01299643  0.01159737  0.01060747  0.01397511  0.01637062]],0.0,0.0,0.0
2014-04-09 04:20:00,0.0,0,0.000168082449818,0.000168082449818,[[ 0.01271569  0.01124411  0.0103688   0.01371549  0.01602082]],0.0,0.0,0.0
2014-04-09 04:25:00,0.0,0,0.00016057882749,0.00016057882749,[[ 0.01243881  0.01089633  0.01013374  0.01345748  0.01567303]],0.0,0.0,0.0
2014-04-09 04:30:00,0.0,0,0.000153334724018,0.000153334724018,[[ 0.01216596  0.01055425  0.0099024   0.01320135  0.01532768]],0.0,0.0,0.0
2014-04-09 04:35:00,0.0,0,0.000146348713315,0.000146348713315,[[ 0.01189721  0.01021803  0.00967484  0.01294733  0.01498519]],0.0,0.0,0.0
2014-04-09 04:40:00,0.0,0,0.000139619369293,0.000139619369293,[[ 0.01163274  0.0098879   0.00945114  0.01269564  0.0146459 ]],0.0,0.0,0.0
2014-04-09 04:45:00,0.0,0,0.00013314311218,0.00013314311218,[[ 0.01137258  0.00956392  0.00923134  0.01244647  0.0143101 ]],0.0,0.0,0.0
2014-04-09 04:50:00,0.0,0,0.000126916376757,0.000126916376757,[[ 0.01111682  0.00924626  0.00901548  0.01219999  0.01397806]],0.0,0.0,0.0
2014-04-09 04:55:00,0.0,0,0.000120935103041,0.000120935103041,[[ 0.01086552  0.008935    0.00880359  0.01195633  0.01365008]],0.0,0.0,0.0
2014-04-09 05:00:00,0.0,0,0.000115194139653,0.000115194139653,[[ 0.01061869  0.00863019  0.00859569  0.01171566  0.01332635]],0.0,0.0,0.0
2014-04-09 05:05:00,0.0,0,0.000109688393422,0.000109688393422,[[ 0.01037642  0.00833191  0.00839178  0.01147807  0.01300704]],0.0,0.0,0.0
2014-04-09 05:10:00,0.0,0,0.000104411643406,0.000104411643406,[[ 0.01013868  0.00804016  0.00819186  0.01124366  0.01269231]],0.0,0.0,0.0
2014-04-09 05:15:00,0.0,0,9.93581707007e-05,9.93581707007e-05,[[ 0.00990549  0.00775496  0.00799594  0.01101253  0.01238232]],0.0,0.0,0.0
2014-04-09 05:20:00,0.0,0,9.45215651882e-05,9.45215651882e-05,[[ 0.00967687  0.00747631  0.00780399  0.01078474  0.01207716]],0.0,0.0,0.0
2014-04-09 05:25:00,0.0,0,8.9895700512e-05,8.9895700512e-05,[[ 0.0094528   0.00720423  0.00761601  0.01056036  0.01177698]],0.0,0.0,0.0
2014-04-09 05:30:00,0.0,0,8.54738755152e-05,8.54738755152e-05,[[ 0.00923327  0.00693868  0.00743197  0.01033945  0.01148184]],0.0,0.0,0.0
2014-04-09 05:35:00,0.0,0,8.12494981801e-05,8.12494981801e-05,[[ 0.00901824  0.00667964  0.00725185  0.01012202  0.01119181]],0.0,0.0,0.0
2014-04-09 05:40:00,0.0,0,7.72156199673e-05,7.72156199673e-05,[[ 0.0088077   0.00642703  0.00707561  0.00990812  0.01090691]],0.0,0.0,0.0
2014-04-09 05:45:00,0.0,0,7.33658380341e-05,7.33658380341e-05,[[ 0.00860161  0.00618082  0.00690319  0.00969779  0.01062723]],0.0,0.0,0.0
2014-04-09 05:50:00,0.0,0,6.96934366715e-05,6.96934366715e-05,[[ 0.00839993  0.00594094  0.00673459  0.00949102  0.01035275]],0.0,0.0,0.0
2014-04-09 05:55:00,0.0,0,6.6192165832e-05,6.6192165832e-05,[[ 0.00820263  0.00570737  0.00656976  0.00928785  0.01008354]],0.0,0.0,0.0
2014-04-09 06:00:00,0.0,0,6.28548659733e-05,6.28548659733e-05,[[ 0.00800963  0.00547998  0.00640862  0.00908823  0.00981955]],0.0,0.0,0.0
2014-04-09 06:05:00,0.0,0,5.96760837652e-05,5.96760837652e-05,[[ 0.00782094  0.00525875  0.00625119  0.00889224  0.00956084]],0.0,0.0,0.0
2014-04-09 06:10:00,0.0,0,5.66486487514e-05,5.66486487514e-05,[[ 0.00763644  0.00504354  0.00609735  0.0086998   0.00930734]],0.0,0.0,0.0
2014-04-09 06:15:00,0.0,0,5.37668820471e-05,5.37668820471e-05,[[ 0.00745611  0.00483432  0.00594709  0.00851092  0.00905906]],0.0,0.0,0.0
2014-04-09 06:20:00,0.0,0,5.1024620916e-05,5.1024620916e-05,[[ 0.00727989  0.00463095  0.00580034  0.00832558  0.00881597]],0.0,0.0,0.0
2014-04-09 06:25:00,0.0,0,4.84160154883e-05,4.84160154883e-05,[[ 0.00710771  0.00443336  0.00565705  0.00814377  0.00857803]],0.0,0.0,0.0
2014-04-09 06:30:00,0.0,0,4.5935408707e-05,4.5935408707e-05,[[ 0.00693951  0.00424146  0.00551716  0.00796546  0.00834522]],0.0,0.0,0.0
2014-04-09 06:35:00,0.0,0,4.35772744822e-05,4.35772744822e-05,[[ 0.00677524  0.00405515  0.00538063  0.00779063  0.00811746]],0.0,0.0,0.0
2014-04-09 06:40:00,0.0,0,4.13361631217e-05,4.13361631217e-05,[[ 0.00661482  0.00387431  0.00524739  0.00761924  0.00789473]],0.0,0.0,0.0
2014-04-09 06:45:00,0.0,0,3.92070869566e-05,3.92070869566e-05,[[ 0.00645819  0.00369887  0.00511739  0.00745127  0.00767701]],0.0,0.0,0.0
2014-04-09 06:50:00,0.0,0,3.71846363123e-05,3.71846363123e-05,[[ 0.00630528  0.00352871  0.00499056  0.00728667  0.00746416]],0.0,0.0,0.0
2014-04-09 06:55:00,0.0,0,3.52642891812e-05,3.52642891812e-05,[[ 0.00615603  0.00336373  0.00486684  0.00712541  0.0072562 ]],0.0,0.0,0.0
2014-04-09 07:00:00,0.0,0,3.34409778588e-05,3.34409778588e-05,[[ 0.00601035  0.00320378  0.00474616  0.00696745  0.00705302]],0.0,0.0,0.0
2014-04-09 07:05:00,0.0,0,3.17106387229e-05,3.17106387229e-05,[[ 0.0058682   0.00304883  0.00462849  0.00681275  0.00685459]],0.0,0.0,0.0
2014-04-09 07:10:00,0.0,0,3.00686115224e-05,3.00686115224e-05,[[ 0.00572951  0.00289874  0.00451378  0.00666126  0.00666082]],0.0,0.0,0.0
2014-04-09 07:15:00,0.0,0,2.85107635136e-05,2.85107635136e-05,[[ 0.00559418  0.0027534   0.00440191  0.00651295  0.00647166]],0.0,0.0,0.0
2014-04-09 07:20:00,0.0,0,2.70330747298e-05,2.70330747298e-05,[[ 0.00546218  0.0026127   0.00429288  0.00636777  0.00628701]],0.0,0.0,0.0
2014-04-09 07:25:00,0.0,0,2.5631783501e-05,2.5631783501e-05,[[ 0.00533342  0.00247654  0.00418659  0.00622567  0.00610686]],0.0,0.0,0.0
2014-04-09 07:30:00,0.0,0,2.43030681304e-05,2.43030681304e-05,[[ 0.00520784  0.00234483  0.00408302  0.0060866   0.00593109]],0.0,0.0,0.0
2014-04-09 07:35:00,0.0,0,2.30433797697e-05,2.30433797697e-05,[[ 0.00508536  0.00221745  0.00398207  0.00595053  0.00575962]],0.0,0.0,0.0
2014-04-09 07:40:00,0.0,0,2.18493132706e-05,2.18493132706e-05,[[ 0.00496592  0.00209429  0.00388371  0.00581741  0.00559238]],0.0,0.0,0.0
2014-04-09 07:45:00,0.0,0,2.07175617106e-05,2.07175617106e-05,[[ 0.00484945  0.00197526  0.00378788  0.00568715  0.0054293 ]],0.0,0.0,0.0
2014-04-09 07:50:00,0.0,0,1.9645300199e-05,1.9645300199e-05,[[ 0.0047359   0.00186028  0.00369453  0.00555978  0.00527033]],0.0,0.0,0.0
2014-04-09 07:55:00,0.0,0,1.8629247279e-05,1.8629247279e-05,[[ 0.00462519  0.0017492   0.00360356  0.00543519  0.00511538]],0.0,0.0,0.0
2014-04-09 08:00:00,1.0,0,1.76666890184e-05,1.76666890184e-05,[[ 0.00451727  0.00164197  0.00351499  0.00531334  0.00496436]],0.0,0.0,0.0
2014-04-09 08:05:00,0.0,0,0.19808986783,0.19808986783,[[ 0.00441207  0.00153846  0.00342871  0.0051942   0.0048172 ]],0.0,0.0,0.0
2014-04-09 08:10:00,0.0,0,0.197804003954,0.197804003954,[[ 0.00418042  0.00147747  0.00327356  0.00554189  0.00653816]],0.0,0.0,0.0
2014-04-09 08:15:00,0.0,0,0.19879321754,0.19879321754,[[ 0.00387413  0.00144949  0.00309274  0.00723167  0.00852877]],0.0,0.0,0.0
2014-04-09 08:20:00,0.0,0,0.199315160513,0.199315160513,[[ 0.00393572  0.00182053  0.00425725  0.0086923   0.01021332]],0.0,0.0,0.0
2014-04-09 08:25:00,0.0,0,0.198280364275,0.198280364275,[[ 0.00445212  0.00389884  0.0056972   0.01002359  0.01174543]],0.0,0.0,0.0
2014-04-09 08:30:00,1.0,0,0.028577035293,0.028577035293,[[ 0.06440345  0.06620058  0.11888088  0.20722386  0.27799362]],0.0,0.0,0.0
2014-04-09 08:35:00,0.0,0,0.140538781881,0.140538781881,[[ 0.07068224  0.09537555  0.10323881  0.14265274  0.18907866]],0.0,0.0,0.0
2014-04-09 08:40:00,0.0,0,0.169429734349,0.169429734349,[[ 0.07773747  0.1051863   0.09822959  0.10280916  0.12426159]],0.0,0.0,0.0
2014-04-09 08:45:00,0.0,0,0.171714439988,0.171714439988,[[ 0.0755627   0.09987584  0.08760872  0.0708805   0.07352102]],0.0,0.0,0.0
2014-04-09 08:50:00,0.0,0,0.169971451163,0.169971451163,[[ 0.06688426  0.085495    0.07542534  0.04544143  0.0362007 ]],0.0,0.0,0.0
2014-04-09 08:55:00,0.0,0,0.180312499404,0.180312499404,[[ 0.05561145  0.07005078  0.06271917  0.02714017  0.01073972]],0.0,0.0,0.0
2014-04-09 09:00:00,0.0,0,0.00708408560604,0.00708408560604,[[-0.00806627  0.0153161   0.02870221  0.09304357  0.16012451]],0.0,0.0,0.0
2014-04-09 09:05:00,0.0,0,0.00451712496579,0.00451712496579,[[ 0.03279623  0.06501361  0.05353264  0.06978708  0.09771019]],0.0,0.0,0.0
2014-04-09 09:10:00,0.0,0,0.00349616329186,0.00349616329186,[[ 0.05146631  0.07766052  0.0613071   0.04786242  0.05245481]],0.0,0.0,0.0
2014-04-09 09:15:00,0.0,0,0.00267769722268,0.00267769722268,[[ 0.0558955   0.07440153  0.0594212   0.02892282  0.01900487]],0.0,0.0,0.0
2014-04-09 09:20:00,0.0,0,0.00191685580648,0.00191685580648,[[ 0.05178196  0.06312573  0.0520867   0.01416384 -0.00210019]],0.0,0.0,0.0
2014-04-09 09:25:00,0.0,0,0.00132988032419,0.00132988032419,[[ 0.04472923  0.05049319  0.04352911  0.00464846 -0.01351828]],0.0,0.0,0.0
2014-04-09 09:30:00,0.0,0,0.000930524081923,0.000930524081923,[[ 0.03795975  0.0397719   0.03599092 -0.0005689  -0.01828124]],0.0,0.0,0.0
2014-04-09 09:35:00,0.0,0,0.000666428124532,0.000666428124532,[[ 0.03253729  0.0317719   0.03010232 -0.0026444  -0.01873152]],0.0,0.0,0.0
2014-04-09 09:40:00,0.0,0,0.000492509687319,0.000492509687319,[[ 0.02863282  0.02635056  0.02584793 -0.00258482 -0.01653969]],0.0,0.0,0.0
2014-04-09 09:45:00,0.0,0,0.000380532757845,0.000380532757845,[[ 0.02604206  0.02302495  0.0229536  -0.00120247 -0.01288459]],0.0,0.0,0.0
2014-04-09 09:50:00,0.0,0,0.000313749187626,0.000313749187626,[[ 0.0244656   0.02124567  0.0210974   0.00092259 -0.00853524]],0.0,0.0,0.0
2014-04-09 09:55:00,0.0,0,0.000281876389636,0.000281876389636,[[ 0.0236421   0.02055356  0.02001045  0.00339689 -0.00400341]],0.0,0.0,0.0
2014-04-09 10:00:00,0.0,0,0.000275999947917,0.000275999947917,[[ 0.02331703  0.02056312  0.01945019  0.00592031  0.00033772]],0.0,0.0,0.0
2014-04-09 10:05:00,0.0,0,0.000287292990834,0.000287292990834,[[ 0.02327953  0.0209517   0.01921846  0.00827674  0.00420728]],0.0,0.0,0.0
2014-04-09 10:10:00,0.0,0,0.000268162752036,0.000268162752036,[[ 0.02301122  0.02001257  0.01947059  0.00561619 -0.00038618]],0.0,0.0,0.0
2014-04-09 10:15:00,0.0,0,0.000270215328783,0.000270215328783,[[ 0.02272943  0.02014065  0.01898415  0.00766366  0.0031103 ]],0.0,0.0,0.0
2014-04-09 10:20:00,0.0,0,0.000278845021967,0.000278845021967,[[ 0.02231961  0.02059923  0.0184275   0.00972361  0.00613275]],0.0,0.0,0.0
2014-04-09 10:25:00,0.0,0,0.000285324727884,0.000285324727884,[[ 0.02112765  0.02160715  0.01711994  0.01221266  0.00843422]],0.0,0.0,0.0
2014-04-09 10:30:00,0.0,0,0.000289939780487,0.000289939780487,[[ 0.01928967  0.02288904  0.01520451  0.01487124  0.01006819]],0.0,0.0,0.0
2014-04-09 10:35:00,0.0,0,0.000295064848615,0.000295064848615,[[ 0.01702022  0.02423258  0.01289914  0.01751409  0.01119319]],0.0,0.0,0.0
2014-04-09 10:40:00,0.0,0,0.000511381658725,0.000511381658725,[[ 0.01780552  0.02822796  0.01395007  0.02601426  0.02391041]],0.0,0.0,0.0
2014-04-09 10:45:00,0.0,0,0.000499121262692,0.000499121262692,[[ 0.01546094  0.02904953  0.01153617  0.02744409  0.02294404]],0.0,0.0,0.0
2014-04-09 10:50:00,0.0,0,0.000485389551613,0.000485389551613,[[ 0.0133715   0.02949517  0.00939392  0.02844448  0.02192832]],0.0,0.0,0.0
2014-04-09 10:55:00,0.0,0,0.000468352198368,0.000468352198368,[[ 0.01181532  0.02946984  0.0078065   0.0288509   0.02098504]],0.0,0.0,0.0
2014-04-09 11:00:00,0.0,0,0.000447626516689,0.000447626516689,[[ 0.01082944  0.02903391  0.00681084  0.02871462  0.02017352]],0.0,0.0,0.0
2014-04-09 11:05:00,0.0,0,0.000424512370955,0.000424512370955,[[ 0.01028152  0.0283255   0.0062703   0.02820416  0.01948659]],0.0,0.0,0.0
2014-04-09 11:10:00,0.0,0,0.000400671589887,0.000400671589887,[[ 0.00997914  0.02748326  0.00598644  0.02750108  0.01887586]],0.0,0.0,0.0
2014-04-09 11:15:00,0.0,0,0.000377129006665,0.000377129006665,[[ 0.00971095  0.02661909  0.00574143  0.02676336  0.01826267]],0.0,0.0,0.0
2014-04-09 11:20:00,0.0,0,0.000354006129783,0.000354006129783,[[ 0.00927921  0.02580541  0.00533169  0.02610549  0.01755232]],0.0,0.0,0.0
2014-04-09 11:25:00,0.0,0,0.000330953014782,0.000330953014782,[[ 0.00854998  0.02506657  0.00461963  0.02557923  0.0166641 ]],0.0,0.0,0.0
2014-04-09 11:30:00,0.0,0,0.000307833775878,0.000307833775878,[[ 0.00748428  0.02438544  0.00356592  0.02517414  0.01555802]],0.0,0.0,0.0
2014-04-09 11:35:00,0.0,0,0.0002850300516,0.0002850300516,[[ 0.00612896  0.02372357  0.00222015  0.02484018  0.01424129]],0.0,0.0,0.0
2014-04-09 11:40:00,0.0,0,0.00026323297061,0.00026323297061,[[ 0.00459827  0.02303885  0.00070233  0.02451005  0.012767  ]],0.0,0.0,0.0
2014-04-09 11:45:00,0.0,0,0.000242962822085,0.000242962822085,[[ 0.00306725  0.02229613 -0.00080358  0.0241118   0.01123673]],0.0,0.0,0.0
2014-04-09 11:50:00,0.0,0,0.000224113071454,0.000224113071454,[[ 0.00175337  0.02147652 -0.00206923  0.02358124  0.00979251]],0.0,0.0,0.0
2014-04-09 11:55:00,0.0,0,0.000205849952181,0.000205849952181,[[ 0.00080723  0.02058095 -0.00292993  0.02287764  0.00854701]],0.0,0.0,0.0
2014-04-09 12:00:00,0.0,0,0.000187140365597,0.000187140365597,"[[  1.88723207e-05   1.95426345e-02  -3.54938209e-03   2.20186152e-02
    7.50795752e-03]]",0.0,0.0,0.0
2014-04-09 12:05:00,0.0,0,0.000169096543686,0.000169096543686,[[-0.00040593  0.01850244 -0.00377753  0.02106444  0.006708  ]],0.0,0.0,0.0
2014-04-09 12:10:00,0.0,0,0.000151944142999,0.000151944142999,[[-0.00051627  0.01749154 -0.00367582  0.02006005  0.00613049]],0.0,0.0,0.0
2014-04-09 12:15:00,0.0,0,0.000136089074658,0.000136089074658,[[-0.00043193  0.0165293  -0.00337437  0.01905415  0.00570912]],0.0,0.0,0.0
2014-04-09 12:20:00,0.0,0,0.000121729113744,0.000121729113744,[[-0.00030989  0.01561587 -0.00303449  0.01808173  0.00534201]],0.0,0.0,0.0
2014-04-09 12:25:00,0.0,0,0.00010874804866,0.00010874804866,[[-0.00029588  0.01473625 -0.00280028  0.01715824  0.00492431]],0.0,0.0,0.0
2014-04-09 12:30:00,0.0,0,9.69201209955e-05,9.69201209955e-05,[[-0.00047794  0.01387153 -0.00275551  0.01628259  0.00438605]],0.0,0.0,0.0
2014-04-09 12:35:00,0.0,0,8.61444932525e-05,8.61444932525e-05,[[-0.00085536  0.0130105  -0.00289728  0.01544324  0.00371885]],0.0,0.0,0.0
2014-04-09 12:40:00,0.0,0,7.64614233049e-05,7.64614233049e-05,[[-0.00135034  0.01215568 -0.00315031  0.0146273   0.00297333]],0.0,0.0,0.0
2014-04-09 12:45:00,0.0,0,6.78880533087e-05,6.78880533087e-05,[[-0.0018364   0.01132513 -0.0033965   0.01382916  0.00224223]],0.0,0.0,0.0
2014-04-09 12:50:00,0.0,0,6.02752370469e-05,6.02752370469e-05,[[-0.00218406  0.01054569 -0.00351828  0.01305255  0.00162697]],0.0,0.0,0.0
2014-04-09 12:55:00,0.0,0,5.34001519554e-05,5.34001519554e-05,[[-0.0023118   0.00984152 -0.00344513  0.01230849  0.00119703]],0.0,0.0,0.0
2014-04-09 13:00:00,0.0,0,4.71551684313e-05,4.71551684313e-05,[[-0.00221233  0.00922392 -0.00317538  0.01160967  0.00096606]],0.0,0.0,0.0
2014-04-09 13:05:00,0.0,0,4.15705690102e-05,4.15705690102e-05,[[-0.0019553   0.0086834  -0.00277586  0.01096091  0.00088394]],0.0,0.0,0.0
2014-04-09 13:10:00,0.0,0,3.66841632058e-05,3.66841632058e-05,[[-0.0016541   0.0081941  -0.00235028  0.01035745  0.00086084]],0.0,0.0,0.0
2014-04-09 13:15:00,0.0,0,3.24210595863e-05,3.24210595863e-05,[[-0.00142246  0.0077237  -0.00199971  0.00978698  0.00080156]],0.0,0.0,0.0
2014-04-09 13:20:00,0.0,0,2.86380527541e-05,2.86380527541e-05,[[-0.00133346  0.0072464  -0.00178701  0.00923566  0.00064107]],0.0,0.0,0.0
2014-04-09 13:25:00,0.0,0,2.52465397352e-05,2.52465397352e-05,[[-0.00139651  0.00675266 -0.00171787  0.00869474  0.00036666]],0.0,0.0,0.0
2014-04-09 13:30:00,0.0,0,2.22464550461e-05,2.22464550461e-05,"[[ -1.56041235e-03   6.25216216e-03  -1.74517184e-03   8.16467404e-03
    1.82166696e-05]]",0.0,0.0,0.0
2014-04-09 13:35:00,0.0,0,1.96432811208e-05,1.96432811208e-05,[[-0.00173732  0.00576907 -0.00179116  0.00765497 -0.00033038]],0.0,0.0,0.0
2014-04-09 13:40:00,0.0,0,1.73763128259e-05,1.73763128259e-05,[[-0.00183871  0.00533163 -0.00177893  0.00717968 -0.00060172]],0.0,0.0,0.0
2014-04-09 13:45:00,0.0,0,1.53525525093e-05,1.53525525093e-05,[[-0.00181069  0.00495933 -0.00166262  0.00675035 -0.00074676]],0.0,0.0,0.0
2014-04-09 13:50:00,0.0,0,1.35281516123e-05,1.35281516123e-05,[[-0.00165374  0.00465428 -0.00144362  0.00636993 -0.00076386]],0.0,0.0,0.0
2014-04-09 13:55:00,0.0,0,1.19177375382e-05,1.19177375382e-05,[[-0.00141799  0.00440045 -0.00116552  0.00603081 -0.00069636]],0.0,0.0,0.0
2014-04-09 14:00:00,0.0,0,1.05293638626e-05,1.05293638626e-05,[[-0.00117896  0.00417054 -0.00089278  0.00571767 -0.0006121 ]],0.0,0.0,0.0
2014-04-09 14:05:00,0.0,0,9.32453713176e-06,9.32453713176e-06,[[-0.00100583  0.00393742 -0.00068361  0.00541386 -0.00057488]],0.0,0.0,0.0
2014-04-09 14:10:00,0.0,0,8.24978087621e-06,8.24978087621e-06,[[-0.00093523  0.00368451 -0.00056809  0.00510798 -0.00062005]],0.0,0.0,0.0
2014-04-09 14:15:00,0.0,0,7.28426948626e-06,7.28426948626e-06,[[-0.00096083  0.00341104 -0.00053973  0.00479773 -0.00074396]],0.0,0.0,0.0
2014-04-09 14:20:00,0.0,0,6.43837347525e-06,6.43837347525e-06,[[-0.00103973  0.00313118 -0.00056152  0.00449063 -0.00090856]],0.0,0.0,0.0
2014-04-09 14:25:00,0.0,0,5.71218379264e-06,5.71218379264e-06,[[-0.00111131  0.00286772 -0.00058186  0.00420039 -0.00105841]],0.0,0.0,0.0
2014-04-09 14:30:00,0.0,0,5.07678760187e-06,5.07678760187e-06,[[-0.00112423  0.00264088 -0.00055743  0.0039398  -0.00114588]],0.0,0.0,0.0
2014-04-09 14:35:00,0.0,0,4.50264906249e-06,4.50264906249e-06,[[-0.00105627  0.00246004 -0.00046958  0.0037152  -0.00115   ]],0.0,0.0,0.0
2014-04-09 14:40:00,0.0,0,3.98562997361e-06,3.98562997361e-06,[[-0.00092111  0.00232001 -0.00032972  0.0035235  -0.00108329]],0.0,0.0,0.0
2014-04-09 14:45:00,0.0,0,3.53583300239e-06,3.53583300239e-06,[[-0.00075914  0.00220397 -0.00017151  0.00335383 -0.00098377]],0.0,0.0,0.0
2014-04-09 14:50:00,0.0,0,3.15022521136e-06,3.15022521136e-06,"[[ -6.18375838e-04   2.09113955e-03  -3.48389149e-05   3.19213420e-03
   -8.97184014e-04]]",0.0,0.0,0.0
2014-04-09 14:55:00,0.0,0,2.80991935142e-06,2.80991935142e-06,"[[ -5.34437597e-04   1.96526945e-03   5.09545207e-05   3.02705169e-03
   -8.57934356e-04]]",0.0,0.0,0.0
2014-04-09 15:00:00,0.0,0,2.50055495599e-06,2.50055495599e-06,"[[ -5.17331064e-04   1.82072073e-03   7.78809190e-05   2.85412371e-03
   -8.76374543e-04]]",0.0,0.0,0.0
2014-04-09 15:05:00,0.0,0,2.22353492063e-06,2.22353492063e-06,"[[ -5.50091267e-04   1.66361034e-03   6.04465604e-05   2.67687440e-03
   -9.37104225e-04]]",0.0,0.0,0.0
2014-04-09 15:10:00,0.0,0,1.98428233489e-06,1.98428233489e-06,"[[ -5.98117709e-04   1.50813162e-03   2.77683139e-05   2.50456482e-03
   -1.00776553e-03]]",0.0,0.0,0.0
2014-04-09 15:15:00,0.0,0,1.77781873845e-06,1.77781873845e-06,"[[ -6.24738634e-04   1.36992335e-03   1.05649233e-05   2.34767050e-03
   -1.05377287e-03]]",0.0,0.0,0.0
2014-04-09 15:20:00,0.0,0,1.59221110607e-06,1.59221110607e-06,"[[ -6.06410205e-04   1.25925988e-03   2.86996365e-05   2.21323222e-03
   -1.05278939e-03]]",0.0,0.0,0.0
2014-04-09 15:25:00,0.0,0,1.42182193485e-06,1.42182193485e-06,"[[ -5.41262329e-04   1.17692351e-03   8.38190317e-05   2.10177153e-03
   -1.00325793e-03]]",0.0,0.0,0.0
2014-04-09 15:30:00,0.0,0,1.27005546346e-06,1.27005546346e-06,[[-0.0004477   0.00111458  0.00016082  0.00200747 -0.00092291]],0.0,0.0,0.0
2014-04-09 15:35:00,0.0,0,1.13953524306e-06,1.13953524306e-06,[[-0.00035477  0.00105882  0.00023568  0.00192085 -0.00083995]],0.0,0.0,0.0
2014-04-09 15:40:00,0.0,0,1.02560852611e-06,1.02560852611e-06,[[-0.0002891   0.00099713  0.00028639  0.00183289 -0.00078019]],0.0,0.0,0.0
2014-04-09 15:45:00,0.0,0,9.21546529753e-07,9.21546529753e-07,[[-0.00026423  0.0009227   0.00030181  0.00173851 -0.00075699]],0.0,0.0,0.0
2014-04-09 15:50:00,0.0,0,8.26016901101e-07,8.26016901101e-07,[[-0.00027629  0.00083673  0.00028528  0.0016383  -0.00076696]],0.0,0.0,0.0
2014-04-09 15:55:00,0.0,0,7.41787175684e-07,7.41787175684e-07,[[-0.0003073   0.00074699  0.00025188  0.00153755 -0.00079311]],0.0,0.0,0.0
2014-04-09 16:00:00,0.0,0,6.69231667416e-07,6.69231667416e-07,[[-0.00033379  0.00066398  0.0002213   0.0014435  -0.00081315]],0.0,0.0,0.0
2014-04-09 16:05:00,0.0,0,6.0461729845e-07,6.0461729845e-07,[[-0.00033705  0.00059624  0.00020927  0.00136214 -0.00080918]],0.0,0.0,0.0
2014-04-09 16:10:00,0.0,0,5.44671308944e-07,5.44671308944e-07,[[-0.00031038  0.0005467   0.00022154  0.00129551 -0.00077505]],0.0,0.0,0.0
2014-04-09 16:15:00,0.0,0,4.8985077683e-07,4.8985077683e-07,[[-0.0002607   0.000512    0.00025245  0.00124121 -0.00071751]],0.0,0.0,0.0
2014-04-09 16:20:00,1.0,0,4.41955620545e-07,4.41955620545e-07,[[-0.00020433  0.00048438  0.00028851  0.00119352 -0.00065245]],0.0,0.0,0.0
2014-04-09 16:25:00,0.0,0,0.200239300728,0.200239300728,[[-0.00015912  0.00045514  0.00031482  0.0011461  -0.00059726]],0.0,0.0,0.0
2014-04-09 16:30:00,0.0,0,0.198908448219,0.198908448219,[[ 0.0025128   0.00191015  0.00252205  0.0027489   0.00401985]],0.0,0.0,0.0
2014-04-09 16:35:00,0.0,0,0.197885602713,0.197885602713,[[ 0.00603996  0.00397727  0.00538973  0.00624207  0.00934199]],0.0,0.0,0.0
2014-04-09 16:40:00,0.0,0,0.197341382504,0.197341382504,[[ 0.01090507  0.00694335  0.0103787   0.00988903  0.01486491]],0.0,0.0,0.0
2014-04-09 16:45:00,0.0,0,0.194187253714,0.194187253714,[[ 0.01510194  0.01070376  0.01481703  0.01300556  0.02021801]],0.0,0.0,0.0
2014-04-09 16:50:00,1.0,0,0.0302185900509,0.0302185900509,[[ 0.06349123  0.05870984  0.12242232  0.20880437  0.29159644]],0.0,0.0,0.0
2014-04-09 16:55:00,0.0,0,0.134756505489,0.134756505489,[[ 0.08192666  0.10376374  0.1152839   0.15052682  0.21237384]],0.0,0.0,0.0
2014-04-09 17:00:00,0.0,0,0.169656798244,0.169656798244,[[ 0.09547673  0.12099127  0.11453255  0.11148348  0.14815505]],0.0,0.0,0.0
2014-04-09 17:05:00,0.0,0,0.167604476213,0.167604476213,[[ 0.09526882  0.11765255  0.10545437  0.07893279  0.09306876]],0.0,0.0,0.0
2014-04-09 17:10:00,0.0,0,0.165745988488,0.165745988488,[[ 0.08565965  0.10141077  0.09254394  0.0515591   0.05202864]],0.0,0.0,0.0
2014-04-09 17:15:00,0.0,0,0.174552485347,0.174552485347,[[ 0.07378367  0.08440576  0.07911775  0.03110489  0.02311411]],0.0,0.0,0.0
2014-04-09 17:20:00,0.0,0,0.00547201698646,0.00547201698646,[[-0.01635083 -0.00130457  0.01620388  0.06859322  0.1487395 ]],0.0,0.0,0.0
2014-04-09 17:25:00,0.0,0,0.00412890780717,0.00412890780717,[[ 0.03494242  0.06303371  0.05181979  0.05722658  0.09741738]],0.0,0.0,0.0
2014-04-09 17:30:00,0.0,0,0.00375215709209,0.00375215709209,[[ 0.05936418  0.08055338  0.06521567  0.03968026  0.05403912]],0.0,0.0,0.0
2014-04-09 17:35:00,0.0,0,0.00315327080898,0.00315327080898,[[ 0.06582998  0.07802594  0.06542747  0.0232375   0.02289072]],0.0,0.0,0.0
2014-04-09 17:40:00,0.0,0,0.00242553115822,0.00242553115822,[[ 0.06291813  0.06717066  0.05940551  0.01072644  0.00360493]],0.0,0.0,0.0
2014-04-09 17:45:00,0.0,0,0.00179624801967,0.00179624801967,[[ 0.056823    0.05490112  0.05184008  0.00302923 -0.0064562 ]],0.0,0.0,0.0
2014-04-09 17:50:00,0.0,0,0.00133930565789,0.00133930565789,[[ 0.05080478  0.04450618  0.0450699  -0.00065295 -0.01014302]],0.0,0.0,0.0
2014-04-09 17:55:00,0.0,0,0.00103010982275,0.00103010982275,[[ 0.04598331  0.03682801  0.03979829 -0.00139181 -0.00969235]],0.0,0.0,0.0
2014-04-09 18:00:00,0.0,0,0.000832916062791,0.000832916062791,[[ 0.04257005  0.03174816  0.03605352 -0.00013215 -0.00667463]],0.0,0.0,0.0
2014-04-09 18:05:00,0.0,0,0.000719472882338,0.000719472882338,[[ 0.04038932  0.02875802  0.03359292  0.00232817 -0.00226697]],0.0,0.0,0.0
2014-04-09 18:10:00,0.0,0,0.0006691540475,0.0006691540475,[[ 0.03915852  0.02729774  0.03211039  0.00537799  0.00268588]],0.0,0.0,0.0
2014-04-09 18:15:00,0.0,0,0.000644896819722,0.000644896819722,[[ 0.03800971  0.02632527  0.03091497  0.00843289  0.00773803]],0.0,0.0,0.0
2014-04-09 18:20:00,0.0,0,0.000634728290606,0.000634728290606,[[ 0.03673051  0.02548628  0.02979351  0.0112647   0.01266549]],0.0,0.0,0.0
2014-04-09 18:25:00,0.0,0,0.000641309597995,0.000641309597995,[[ 0.03556751  0.02490692  0.02887871  0.01383592  0.01719689]],0.0,0.0,0.0
2014-04-09 18:30:00,0.0,0,0.000620467413682,0.000620467413682,[[ 0.03732736  0.02511781  0.03044235  0.00928029  0.00807711]],0.0,0.0,0.0
2014-04-09 18:35:00,0.0,0,0.000612523348536,0.000612523348536,[[ 0.0361111   0.02442326  0.02933666  0.01188003  0.01266234]],0.0,0.0,0.0
2014-04-09 18:40:00,0.0,0,0.000614912540186,0.000614912540186,[[ 0.03491901  0.02384575  0.02836359  0.01415631  0.01678426]],0.0,0.0,0.0
2014-04-09 18:45:00,0.0,0,0.000624519016128,0.000624519016128,[[ 0.03384612  0.02339993  0.02754267  0.01607362  0.02031056]],0.0,0.0,0.0
2014-04-09 18:50:00,0.0,0,0.000636961194687,0.000636961194687,[[ 0.03289944  0.0230542   0.02685115  0.01762956  0.02321964]],0.0,0.0,0.0
2014-04-09 18:55:00,0.0,0,0.000652192975394,0.000652192975394,[[ 0.03207287  0.02281231  0.02627602  0.01897156  0.02572051]],0.0,0.0,0.0
2014-04-09 19:00:00,0.0,0,0.00095877610147,0.00095877610147,[[ 0.03119475  0.02634775  0.02688726  0.02764515  0.04048932]],0.0,0.0,0.0
2014-04-09 19:05:00,0.0,0,0.000940299942158,0.000940299942158,[[ 0.03077358  0.02590796  0.02650679  0.0275204   0.04028998]],0.0,0.0,0.0
2014-04-09 19:10:00,0.0,0,0.000920184131246,0.000920184131246,[[ 0.03033895  0.02544428  0.0261161   0.0273577   0.04003202]],0.0,0.0,0.0
2014-04-09 19:15:00,0.0,0,0.000898692116607,0.000898692116607,[[ 0.02989302  0.02496005  0.02571687  0.02716092  0.03972141]],0.0,0.0,0.0
2014-04-09 19:20:00,0.0,0,0.000876067031641,0.000876067031641,[[ 0.02943774  0.02445836  0.02531064  0.02693357  0.03936366]],0.0,0.0,0.0
2014-04-09 19:25:00,0.0,0,0.000852532568388,0.000852532568388,[[ 0.02897494  0.02394202  0.02489881  0.02667892  0.03896384]],0.0,0.0,0.0
2014-04-09 19:30:00,0.0,0,0.000828289892524,0.000828289892524,[[ 0.02850612  0.02341358  0.02448265  0.02639995  0.03852658]],0.0,0.0,0.0
2014-04-09 19:35:00,0.0,0,0.000803522940259,0.000803522940259,[[ 0.02803279  0.02287541  0.02406327  0.02609941  0.03805618]],0.0,0.0,0.0
2014-04-09 19:40:00,0.0,0,0.000778397545218,0.000778397545218,[[ 0.02755628  0.02232961  0.02364178  0.02577981  0.03755656]],0.0,0.0,0.0
2014-04-09 19:45:00,0.0,0,0.00075306231156,0.00075306231156,[[ 0.02707773  0.02177814  0.02321909  0.0254435   0.03703137]],0.0,0.0,0.0
2014-04-09 19:50:00,0.0,0,0.000727649661712,0.000727649661712,[[ 0.02659824  0.02122276  0.02279606  0.02509261  0.03648393]],0.0,0.0,0.0
2014-04-09 19:55:00,0.0,0,0.000702274846844,0.000702274846844,[[ 0.0261187   0.02066499  0.02237345  0.02472905  0.03591725]],0.0,0.0,0.0
2014-04-09 20:00:00,0.0,0,0.000677043804899,0.000677043804899,[[ 0.02564006  0.02010636  0.02195194  0.02435466  0.03533418]],0.0,0.0,0.0
2014-04-09 20:05:00,0.0,0,0.00065204751445,0.00065204751445,[[ 0.02516304  0.01954815  0.0215322   0.02397108  0.03473731]],0.0,0.0,0.0
2014-04-09 20:10:00,0.0,0,0.000627363391686,0.000627363391686,[[ 0.02468832  0.01899154  0.02111474  0.02357981  0.03412895]],0.0,0.0,0.0
2014-04-09 20:15:00,0.0,0,0.000603059597779,0.000603059597779,[[ 0.02421652  0.01843754  0.0207001   0.02318222  0.03351127]],0.0,0.0,0.0
2014-04-09 20:20:00,0.0,0,0.000579193118028,0.000579193118028,[[ 0.02374817  0.01788712  0.0202887   0.02277956  0.03288619]],0.0,0.0,0.0
2014-04-09 20:25:00,0.0,0,0.00055581505876,0.00055581505876,[[ 0.02328379  0.01734114  0.01988095  0.02237302  0.03225555]],0.0,0.0,0.0
2014-04-09 20:30:00,0.0,0,0.000532965001184,0.000532965001184,[[ 0.02282378  0.01680033  0.01947717  0.02196363  0.031621  ]],0.0,0.0,0.0
2014-04-09 20:35:00,0.0,0,0.000510676763952,0.000510676763952,[[ 0.02236851  0.01626538  0.0190777   0.02155233  0.03098401]],0.0,0.0,0.0
2014-04-09 20:40:00,0.0,0,0.000488978228532,0.000488978228532,[[ 0.02191834  0.01573689  0.01868283  0.02114003  0.03034598]],0.0,0.0,0.0
2014-04-09 20:45:00,0.0,0,0.000467890262371,0.000467890262371,[[ 0.02147356  0.01521543  0.01829278  0.02072752  0.02970812]],0.0,0.0,0.0
2014-04-09 20:50:00,0.0,0,0.000447428028565,0.000447428028565,[[ 0.02103441  0.01470138  0.01790778  0.02031549  0.02907155]],0.0,0.0,0.0
2014-04-09 20:55:00,0.0,0,0.000427603255957,0.000427603255957,[[ 0.02060112  0.01419522  0.01752801  0.01990463  0.02843731]],0.0,0.0,0.0
2014-04-09 21:00:00,0.0,0,0.000408422987675,0.000408422987675,[[ 0.02017388  0.01369729  0.01715362  0.01949552  0.02780632]],0.0,0.0,0.0
2014-04-09 21:05:00,0.0,0,0.000389889406506,0.000389889406506,[[ 0.01975286  0.01320787  0.01678475  0.01908868  0.02717937]],0.0,0.0,0.0
2014-04-09 21:10:00,0.0,0,0.000372003851226,0.000372003851226,[[ 0.01933818  0.01272727  0.0164215   0.01868463  0.02655729]],0.0,0.0,0.0
2014-04-09 21:15:00,0.0,0,0.000354761490598,0.000354761490598,[[ 0.01892992  0.01225562  0.01606397  0.01828377  0.02594066]],0.0,0.0,0.0
2014-04-09 21:20:00,0.0,0,0.000338158424711,0.000338158424711,[[ 0.01852822  0.01179317  0.01571225  0.01788652  0.02533013]],0.0,0.0,0.0
2014-04-09 21:25:00,0.0,0,0.000322186970152,0.000322186970152,[[ 0.01813314  0.01134007  0.01536639  0.01749322  0.02472626]],0.0,0.0,0.0
2014-04-09 21:30:00,0.0,0,0.000306837580865,0.000306837580865,[[ 0.01774473  0.01089643  0.01502643  0.01710419  0.02412951]],0.0,0.0,0.0
2014-04-09 21:35:00,0.0,0,0.000292099488433,0.000292099488433,[[ 0.01736301  0.01046233  0.0146924   0.01671971  0.02354033]],0.0,0.0,0.0
2014-04-09 21:40:00,0.0,0,0.000277960149106,0.000277960149106,[[ 0.01698802  0.01003785  0.01436435  0.01634002  0.02295906]],0.0,0.0,0.0
2014-04-09 21:45:00,0.0,0,0.000264406146016,0.000264406146016,[[ 0.01661976  0.00962299  0.01404225  0.01596536  0.02238604]],0.0,0.0,0.0
2014-04-09 21:50:00,0.0,0,0.000251424033195,0.000251424033195,[[ 0.01625823  0.00921784  0.01372613  0.01559591  0.0218216 ]],0.0,0.0,0.0
2014-04-09 21:55:00,0.0,0,0.000238997628912,0.000238997628912,[[ 0.01590343  0.00882233  0.01341594  0.01523182  0.02126593]],0.0,0.0,0.0
2014-04-09 22:00:00,0.0,0,0.000227112002904,0.000227112002904,[[ 0.01555532  0.00843647  0.01311171  0.01487326  0.02071925]],0.0,0.0,0.0
2014-04-09 22:05:00,0.0,0,0.000215750973439,0.000215750973439,[[ 0.01521385  0.00806022  0.01281337  0.01452033  0.02018177]],0.0,0.0,0.0
2014-04-09 22:10:00,0.0,0,0.00020489806775,0.00020489806775,[[ 0.01487902  0.00769354  0.01252092  0.01417314  0.01965359]],0.0,0.0,0.0
2014-04-09 22:15:00,0.0,0,0.00019453772984,0.00019453772984,[[ 0.01455078  0.00733636  0.0122343   0.01383179  0.01913492]],0.0,0.0,0.0
2014-04-09 22:20:00,0.0,0,0.000184652744792,0.000184652744792,[[ 0.01422906  0.00698861  0.0119535   0.01349635  0.01862577]],0.0,0.0,0.0
2014-04-09 22:25:00,0.0,0,0.000175225781277,0.000175225781277,[[ 0.01391381  0.00665019  0.0116784   0.01316682  0.01812621]],0.0,0.0,0.0
2014-04-09 22:30:00,0.0,0,0.000166241574334,0.000166241574334,[[ 0.01360497  0.00632105  0.01140903  0.01284333  0.01763633]],0.0,0.0,0.0
2014-04-09 22:35:00,0.0,0,0.000157682938152,0.000157682938152,[[ 0.01330245  0.00600102  0.01114526  0.01252584  0.01715615]],0.0,0.0,0.0
2014-04-09 22:40:00,0.0,0,0.000149534200318,0.000149534200318,[[ 0.01300623  0.00569005  0.01088708  0.0122144   0.01668569]],0.0,0.0,0.0
2014-04-09 22:45:00,0.0,0,0.000141778727993,0.000141778727993,[[ 0.01271617  0.005388    0.01063439  0.01190899  0.01622491]],0.0,0.0,0.0
2014-04-09 22:50:00,0.0,0,0.000134401168907,0.000134401168907,[[ 0.01243223  0.00509473  0.01038714  0.01160963  0.01577381]],0.0,0.0,0.0
2014-04-09 22:55:00,0.0,0,0.000127386112581,0.000127386112581,[[ 0.01215431  0.00481012  0.01014525  0.01131628  0.01533237]],0.0,0.0,0.0
2014-04-09 23:00:00,0.0,0,0.000120718570543,0.000120718570543,[[ 0.01188235  0.00453406  0.00990866  0.01102895  0.01490053]],0.0,0.0,0.0
2014-04-09 23:05:00,0.0,0,0.000114383685286,0.000114383685286,[[ 0.01161625  0.00426637  0.00967729  0.01074757  0.01447822]],0.0,0.0,0.0
2014-04-09 23:10:00,0.0,0,0.000108367625216,0.000108367625216,[[ 0.01135594  0.00400699  0.00945108  0.01047216  0.0140654 ]],0.0,0.0,0.0
2014-04-09 23:15:00,0.0,0,0.000102655649243,0.000102655649243,[[ 0.01110131  0.00375569  0.00922992  0.01020262  0.01366195]],0.0,0.0,0.0
2014-04-09 23:20:00,0.0,0,9.72351190285e-05,9.72351190285e-05,[[ 0.0108523   0.00351238  0.00901377  0.00993896  0.01326783]],0.0,0.0,0.0
2014-04-09 23:25:00,0.0,0,9.20919555938e-05,9.20919555938e-05,[[ 0.01060878  0.00327685  0.00880252  0.00968107  0.01288287]],0.0,0.0,0.0
2014-04-09 23:30:00,0.0,0,8.72142336448e-05,8.72142336448e-05,[[ 0.01037068  0.00304899  0.00859609  0.00942893  0.01250706]],0.0,0.0,0.0
2014-04-09 23:35:00,0.0,0,8.25897222967e-05,8.25897222967e-05,[[ 0.01013792  0.0028287   0.00839442  0.00918247  0.01214025]],0.0,0.0,0.0
2014-04-09 23:40:00,0.0,0,7.82063507359e-05,7.82063507359e-05,[[ 0.00991039  0.00261574  0.00819742  0.00894162  0.01178234]],0.0,0.0,0.0
2014-04-09 23:45:00,0.0,0,7.40523100831e-05,7.40523100831e-05,[[ 0.00968798  0.00240996  0.00800499  0.00870629  0.01143316]],0.0,0.0,0.0
2014-04-09 23:50:00,0.0,0,7.0117181167e-05,7.0117181167e-05,[[ 0.00947063  0.00221127  0.00781706  0.00847646  0.01109264]],0.0,0.0,0.0
2014-04-09 23:55:00,0.0,0,6.63905666443e-05,6.63905666443e-05,[[ 0.00925824  0.00201948  0.00763357  0.00825204  0.01076066]],0.0,0.0,0.0
2014-04-10 00:00:00,0.0,0,6.2861960032e-05,6.2861960032e-05,[[ 0.00905073  0.00183445  0.00745442  0.00803294  0.01043706]],0.0,0.0,0.0
2014-04-10 00:05:00,0.0,0,5.95213277848e-05,5.95213277848e-05,[[ 0.00884794  0.001656    0.00727951  0.00781906  0.01012173]],0.0,0.0,0.0
2014-04-10 00:10:00,0.0,0,5.63600042369e-05,5.63600042369e-05,[[ 0.00864989  0.00148402  0.00710879  0.00761037  0.00981451]],0.0,0.0,0.0
2014-04-10 00:15:00,0.0,0,5.33685488335e-05,5.33685488335e-05,[[ 0.00845639  0.00131833  0.00694217  0.00740675  0.00951529]],0.0,0.0,0.0
2014-04-10 00:20:00,0.0,0,5.05382085976e-05,5.05382085976e-05,[[ 0.00826738  0.00115876  0.00677953  0.00720812  0.00922387]],0.0,0.0,0.0
2014-04-10 00:25:00,0.0,0,4.78611364088e-05,4.78611364088e-05,[[ 0.00808279  0.0010052   0.00662084  0.00701439  0.00894017]],0.0,0.0,0.0
2014-04-10 00:30:00,0.0,0,4.53295215266e-05,4.53295215266e-05,[[ 0.00790252  0.00085746  0.006466    0.00682551  0.00866405]],0.0,0.0,0.0
2014-04-10 00:35:00,0.0,0,4.29356659879e-05,4.29356659879e-05,[[ 0.00772646  0.00071545  0.00631493  0.00664137  0.00839536]],0.0,0.0,0.0
2014-04-10 00:40:00,1.0,0,4.06722538173e-05,4.06722538173e-05,[[ 0.00755455  0.00057897  0.00616755  0.00646187  0.0081339 ]],0.0,0.0,0.0
2014-04-10 00:45:00,0.0,0,0.196886688471,0.196886688471,[[ 0.0073867   0.00044793  0.00602379  0.00628696  0.00787964]],0.0,0.0,0.0
2014-04-10 00:50:00,0.0,0,0.197382390499,0.197382390499,[[ 0.0070388   0.00035232  0.00579743  0.00665494  0.00970597]],0.0,0.0,0.0
2014-04-10 00:55:00,0.0,0,0.197837799788,0.197837799788,[[ 0.00659646  0.00031519  0.00554873  0.00844587  0.01185756]],0.0,0.0,0.0
2014-04-10 01:00:00,0.0,0,0.199797168374,0.199797168374,[[ 0.00658154  0.00069463  0.00673201  0.00999247  0.0136435 ]],0.0,0.0,0.0
2014-04-10 01:05:00,0.0,0,0.197302594781,0.197302594781,[[ 0.00698723  0.00284632  0.00816493  0.011416    0.01528221]],0.0,0.0,0.0
2014-04-10 01:10:00,1.0,0,0.0290879420936,0.0290879420936,[[ 0.04705144  0.04912066  0.1158344   0.21124002  0.2877031 ]],0.0,0.0,0.0
2014-04-10 01:15:00,0.0,0,0.133971810341,0.133971810341,[[ 0.07244552  0.10275877  0.11325804  0.15518002  0.21441546]],0.0,0.0,0.0
2014-04-10 01:20:00,0.0,0,0.168615967035,0.168615967035,[[ 0.09153444  0.12610814  0.11553524  0.11473118  0.14747474]],0.0,0.0,0.0
2014-04-10 01:25:00,0.0,0,0.16683344543,0.16683344543,[[ 0.09355832  0.1252709   0.10776208  0.07893217  0.08603804]],0.0,0.0,0.0
2014-04-10 01:30:00,0.0,0,0.162692442536,0.162692442536,[[ 0.08386414  0.10907101  0.09476071  0.04711357  0.03840968]],0.0,0.0,0.0
2014-04-10 01:35:00,0.0,0,0.176425933838,0.176425933838,[[ 0.06875621  0.09004454  0.07954067  0.02151999  0.00410161]],0.0,0.0,0.0
2014-04-10 01:40:00,0.0,0,0.00336333061568,0.00336333061568,[[-0.05269899 -0.0304471  -0.01930884  0.02985671  0.10884939]],0.0,0.0,0.0
2014-04-10 01:45:00,0.0,0,0.00183612550609,0.00183612550609,[[ 0.01070768  0.04903487  0.03094475  0.03093062  0.06890047]],0.0,0.0,0.0
2014-04-10 01:50:00,0.0,0,0.00200424203649,0.00200424203649,[[ 0.03967155  0.07169479  0.04886207  0.01514693  0.02627362]],0.0,0.0,0.0
2014-04-10 01:55:00,0.0,0,0.00190354208462,0.00190354208462,[[ 0.04637571  0.06954023  0.05017561 -0.00085153 -0.00358365]],0.0,0.0,0.0
2014-04-10 02:00:00,0.0,0,0.001575624221,0.001575624221,[[ 0.0435874   0.05798472  0.04468971 -0.01191403 -0.02183843]],0.0,0.0,0.0
2014-04-10 02:05:00,0.0,0,0.00125150254462,0.00125150254462,[[ 0.03847677  0.04551456  0.03794607 -0.01772102 -0.03084699]],0.0,0.0,0.0
2014-04-10 02:10:00,0.0,0,0.000968344858848,0.000968344858848,[[ 0.03362487  0.03507543  0.031882   -0.01925469 -0.03306965]],0.0,0.0,0.0
2014-04-10 02:15:00,0.0,0,0.000730657775421,0.000730657775421,[[ 0.03003658  0.02736355  0.02719475 -0.01763538 -0.03085075]],0.0,0.0,0.0
2014-04-10 02:20:00,0.0,0,0.000541370303836,0.000541370303836,[[ 0.0278508   0.02220041  0.02392887 -0.01392421 -0.02592011]],0.0,0.0,0.0
2014-04-10 02:25:00,0.0,0,0.00040531513514,0.00040531513514,[[ 0.02687111  0.01913137  0.02187593 -0.00897583 -0.01947787]],0.0,0.0,0.0
2014-04-10 02:30:00,0.0,0,0.000326362380292,0.000326362380292,[[ 0.02650725  0.0178072   0.0208168  -0.0039648  -0.01276803]],0.0,0.0,0.0
2014-04-10 02:35:00,0.0,0,0.00029547867598,0.00029547867598,[[ 0.02653982  0.01768554  0.0204604   0.00064066 -0.00641987]],0.0,0.0,0.0
2014-04-10 02:40:00,0.0,0,0.000299714767607,0.000299714767607,[[ 0.02683827  0.01826986  0.0205362   0.00471883 -0.00070061]],0.0,0.0,0.0
2014-04-10 02:45:00,0.0,0,0.000315920478897,0.000315920478897,[[ 0.02680307  0.01866281  0.02063488  0.00822341  0.004413  ]],0.0,0.0,0.0
2014-04-10 02:50:00,0.0,0,0.000301292428048,0.000301292428048,[[ 0.02700294  0.01670019  0.02085543  0.00078573 -0.00792722]],0.0,0.0,0.0
2014-04-10 02:55:00,0.0,0,0.000294691941235,0.000294691941235,[[ 0.02690477  0.01720631  0.02065463  0.004819   -0.00192341]],0.0,0.0,0.0
2014-04-10 03:00:00,0.0,0,0.000313366559567,0.000313366559567,[[ 0.0269857   0.01796289  0.02081127  0.00844071  0.0034036 ]],0.0,0.0,0.0
2014-04-10 03:05:00,0.0,0,0.000332272204105,0.000332272204105,[[ 0.02657294  0.01824576  0.02071305  0.01135915  0.00801699]],0.0,0.0,0.0
2014-04-10 03:10:00,0.0,0,0.000353333045496,0.000353333045496,[[ 0.02605674  0.01838833  0.02054911  0.01368186  0.01183729]],0.0,0.0,0.0
2014-04-10 03:15:00,0.0,0,0.000376489479095,0.000376489479095,[[ 0.0255066   0.01847798  0.02035604  0.01567096  0.01518147]],0.0,0.0,0.0
2014-04-10 03:20:00,0.0,0,0.000904486863874,0.000904486863874,[[ 0.02546877  0.02650657  0.02714936  0.03175091  0.03776201]],0.0,0.0,0.0
2014-04-10 03:25:00,0.0,0,0.000891596428119,0.000891596428119,[[ 0.02524637  0.0262493   0.0267579   0.03161689  0.0376293 ]],0.0,0.0,0.0
2014-04-10 03:30:00,0.0,0,0.000870070420206,0.000870070420206,[[ 0.02500108  0.02585679  0.02616969  0.03129585  0.03731543]],0.0,0.0,0.0
2014-04-10 03:35:00,0.0,0,0.000842242210638,0.000842242210638,[[ 0.02471996  0.02538848  0.02541226  0.03082441  0.0368732 ]],0.0,0.0,0.0
2014-04-10 03:40:00,0.0,0,0.000808524724562,0.000808524724562,[[ 0.02441297  0.02482252  0.0245      0.03020856  0.03629966]],0.0,0.0,0.0
2014-04-10 03:45:00,0.0,0,0.000770795042627,0.000770795042627,[[ 0.02408318  0.02418017  0.02346592  0.02948153  0.03562983]],0.0,0.0,0.0
2014-04-10 03:50:00,0.0,0,0.000729506951757,0.000729506951757,[[ 0.02373171  0.02346284  0.02231953  0.02864227  0.03486108]],0.0,0.0,0.0
2014-04-10 03:55:00,0.0,0,0.000686399929691,0.000686399929691,[[ 0.02333704  0.02263772  0.02112157  0.02773343  0.03405366]],0.0,0.0,0.0
2014-04-10 04:00:00,0.0,0,0.00064752122853,0.00064752122853,[[ 0.02289559  0.02165718  0.02007164  0.02692713  0.03341293]],0.0,0.0,0.0
2014-04-10 04:05:00,0.0,0,0.000615346361883,0.000615346361883,[[ 0.02262572  0.02093227  0.01922637  0.02617007  0.03274328]],0.0,0.0,0.0
2014-04-10 04:10:00,0.0,0,0.000596592493821,0.000596592493821,[[ 0.02232973  0.02055074  0.01893134  0.02581222  0.03220786]],0.0,0.0,0.0
2014-04-10 04:15:00,0.0,0,0.000577469530981,0.000577469530981,[[ 0.02202116  0.02015123  0.01862831  0.0254409   0.03165582]],0.0,0.0,0.0
2014-04-10 04:20:00,0.0,0,0.000558109080885,0.000558109080885,[[ 0.02170177  0.01973633  0.01831857  0.02505808  0.03108985]],0.0,0.0,0.0
2014-04-10 04:25:00,0.0,0,0.000538627733476,0.000538627733476,[[ 0.02137319  0.01930849  0.01800332  0.02466552  0.03051229]],0.0,0.0,0.0
2014-04-10 04:30:00,0.0,0,0.00051913165953,0.00051913165953,[[ 0.02103695  0.01887001  0.01768367  0.02426486  0.02992544]],0.0,0.0,0.0
2014-04-10 04:35:00,0.0,0,0.000499710557051,0.000499710557051,[[ 0.02069436  0.0184228   0.0173606   0.02385758  0.02933125]],0.0,0.0,0.0
2014-04-10 04:40:00,0.0,0,0.000480446207803,0.000480446207803,[[ 0.02034666  0.0179688   0.01703503  0.02344503  0.0287316 ]],0.0,0.0,0.0
2014-04-10 04:45:00,0.0,0,0.000461406161776,0.000461406161776,[[ 0.01999496  0.01750961  0.01670774  0.02302839  0.02812811]],0.0,0.0,0.0
2014-04-10 04:50:00,0.0,0,0.000442651478807,0.000442651478807,[[ 0.01964027  0.0170468   0.01637952  0.02260881  0.0275223 ]],0.0,0.0,0.0
2014-04-10 04:55:00,0.0,0,0.000424234429374,0.000424234429374,[[ 0.01928357  0.01658179  0.01605104  0.02218731  0.02691557]],0.0,0.0,0.0
2014-04-10 05:00:00,0.0,0,0.000406199076679,0.000406199076679,[[ 0.01892568  0.01611583  0.01572297  0.02176486  0.02630918]],0.0,0.0,0.0
2014-04-10 05:05:00,0.0,0,0.000388581043808,0.000388581043808,[[ 0.0185674   0.01565009  0.01539583  0.02134226  0.02570425]],0.0,0.0,0.0
2014-04-10 05:10:00,0.0,0,0.000371411762899,0.000371411762899,[[ 0.01820944  0.01518562  0.01507017  0.0209203   0.02510185]],0.0,0.0,0.0
2014-04-10 05:15:00,0.0,0,0.000354712858098,0.000354712858098,[[ 0.01785237  0.01472332  0.01474642  0.02049964  0.02450284]],0.0,0.0,0.0
2014-04-10 05:20:00,0.0,0,0.000338504178217,0.000338504178217,[[ 0.01749678  0.01426405  0.01442501  0.02008092  0.02390808]],0.0,0.0,0.0
2014-04-10 05:25:00,0.0,0,0.000322799460264,0.000322799460264,[[ 0.01714319  0.01380856  0.0141063   0.01966469  0.02331832]],0.0,0.0,0.0
2014-04-10 05:30:00,0.0,0,0.000307608541334,0.000307608541334,[[ 0.01679207  0.01335756  0.01379063  0.01925145  0.02273422]],0.0,0.0,0.0
2014-04-10 05:35:00,0.0,0,0.000292937562335,0.000292937562335,[[ 0.01644379  0.01291162  0.01347831  0.01884168  0.0221564 ]],0.0,0.0,0.0
2014-04-10 05:40:00,0.0,0,0.000278789841104,0.000278789841104,[[ 0.01609878  0.01247132  0.0131696   0.01843576  0.02158538]],0.0,0.0,0.0
2014-04-10 05:45:00,0.0,0,0.000265164679149,0.000265164679149,[[ 0.01575734  0.0120371   0.01286473  0.01803404  0.02102165]],0.0,0.0,0.0
2014-04-10 05:50:00,0.0,0,0.000252059428021,0.000252059428021,[[ 0.01541973  0.01160939  0.01256391  0.01763686  0.02046559]],0.0,0.0,0.0
2014-04-10 05:55:00,0.0,0,0.000239469853113,0.000239469853113,[[ 0.01508625  0.01118857  0.01226734  0.01724451  0.01991757]],0.0,0.0,0.0
2014-04-10 06:00:00,0.0,0,0.000227389245993,0.000227389245993,[[ 0.0147571   0.01077495  0.01197515  0.01685722  0.01937794]],0.0,0.0,0.0
2014-04-10 06:05:00,0.0,0,0.000215809632209,0.000215809632209,[[ 0.0144325   0.01036882  0.01168749  0.01647523  0.01884696]],0.0,0.0,0.0
2014-04-10 06:10:00,0.0,0,0.000204721043701,0.000204721043701,[[ 0.01411261  0.00997038  0.01140448  0.01609871  0.01832486]],0.0,0.0,0.0
2014-04-10 06:15:00,0.0,0,0.000194113250473,0.000194113250473,[[ 0.01379757  0.00957986  0.01112622  0.01572784  0.01781184]],0.0,0.0,0.0
2014-04-10 06:20:00,0.0,0,0.000183974407264,0.000183974407264,[[ 0.01348751  0.00919743  0.01085278  0.01536277  0.01730806]],0.0,0.0,0.0
2014-04-10 06:25:00,0.0,0,0.000174292130396,0.000174292130396,[[ 0.01318254  0.00882321  0.01058424  0.01500358  0.01681365]],0.0,0.0,0.0
2014-04-10 06:30:00,0.0,0,0.000165054021636,0.000165054021636,[[ 0.01288275  0.00845733  0.01032066  0.0146504   0.01632875]],0.0,0.0,0.0
2014-04-10 06:35:00,0.0,0,0.000156245994731,0.000156245994731,[[ 0.01258822  0.0080998   0.01006206  0.01430332  0.01585339]],0.0,0.0,0.0
2014-04-10 06:40:00,0.0,0,0.000147854880197,0.000147854880197,[[ 0.01229898  0.00775076  0.00980848  0.01396238  0.01538768]],0.0,0.0,0.0
2014-04-10 06:45:00,0.0,0,0.000139866111567,0.000139866111567,[[ 0.01201506  0.00741019  0.00955994  0.01362763  0.01493161]],0.0,0.0,0.0
2014-04-10 06:50:00,0.0,0,0.000132266519358,0.000132266519358,[[ 0.01173654  0.00707816  0.00931644  0.01329914  0.01448525]],0.0,0.0,0.0
2014-04-10 06:55:00,0.0,0,0.000125041173305,0.000125041173305,[[ 0.01146339  0.00675463  0.00907798  0.01297688  0.01404857]],0.0,0.0,0.0
2014-04-10 07:00:00,0.0,0,0.000118176234537,0.000118176234537,[[ 0.01119563  0.00643955  0.00884455  0.0126609   0.01362155]],0.0,0.0,0.0
2014-04-10 07:05:00,0.0,0,0.000111657231173,0.000111657231173,[[ 0.01093324  0.00613291  0.00861613  0.01235116  0.01320413]],0.0,0.0,0.0
2014-04-10 07:10:00,0.0,0,0.000105470979179,0.000105470979179,[[ 0.01067623  0.00583469  0.00839271  0.01204766  0.01279631]],0.0,0.0,0.0
2014-04-10 07:15:00,0.0,0,9.96033413685e-05,9.96033413685e-05,[[ 0.01042455  0.00554479  0.00817423  0.01175041  0.012398  ]],0.0,0.0,0.0
2014-04-10 07:20:00,0.0,0,9.40413228818e-05,9.40413228818e-05,[[ 0.01017822  0.00526316  0.00796068  0.01145935  0.01200918]],0.0,0.0,0.0
2014-04-10 07:25:00,0.0,0,8.8770975708e-05,8.8770975708e-05,[[ 0.00993713  0.00498968  0.007752    0.01117444  0.01162969]],0.0,0.0,0.0
2014-04-10 07:30:00,0.0,0,8.37801926536e-05,8.37801926536e-05,[[ 0.00970129  0.00472431  0.00754815  0.01089568  0.01125951]],0.0,0.0,0.0
2014-04-10 07:35:00,0.0,0,7.90556077845e-05,7.90556077845e-05,[[ 0.0094706   0.0044669   0.00734906  0.01062294  0.01089849]],0.0,0.0,0.0
2014-04-10 07:40:00,0.0,0,7.45861470932e-05,7.45861470932e-05,[[ 0.00924511  0.00421739  0.00715471  0.01035625  0.01054658]],0.0,0.0,0.0
2014-04-10 07:45:00,0.0,0,7.03590121702e-05,7.03590121702e-05,[[ 0.00902466  0.00397563  0.00696503  0.0100955   0.01020363]],0.0,0.0,0.0
2014-04-10 07:50:00,0.0,0,6.63630416966e-05,6.63630416966e-05,[[ 0.00880922  0.0037415   0.00677994  0.00984065  0.00986955]],0.0,0.0,0.0
2014-04-10 07:55:00,0.0,0,6.25868924544e-05,6.25868924544e-05,[[ 0.00859874  0.00351489  0.00659937  0.00959161  0.00954416]],0.0,0.0,0.0
2014-04-10 08:00:00,0.0,0,5.90201343584e-05,5.90201343584e-05,[[ 0.00839314  0.00329568  0.00642328  0.0093483   0.00922741]],0.0,0.0,0.0
2014-04-10 08:05:00,0.0,0,5.56523846171e-05,5.56523846171e-05,[[ 0.00819235  0.00308372  0.0062516   0.00911069  0.00891913]],0.0,0.0,0.0
2014-04-10 08:10:00,0.0,0,5.24736424268e-05,5.24736424268e-05,[[ 0.00799631  0.0028789   0.00608424  0.00887868  0.00861917]],0.0,0.0,0.0
2014-04-10 08:15:00,0.0,0,4.9474016123e-05,4.9474016123e-05,[[ 0.00780491  0.00268104  0.00592113  0.00865216  0.00832742]],0.0,0.0,0.0
2014-04-10 08:20:00,0.0,0,4.66448291263e-05,4.66448291263e-05,[[ 0.00761811  0.00249004  0.00576222  0.00843108  0.00804375]],0.0,0.0,0.0
2014-04-10 08:25:00,0.0,0,4.39768045908e-05,4.39768045908e-05,[[ 0.00743581  0.00230576  0.00560741  0.00821535  0.00776796]],0.0,0.0,0.0
2014-04-10 08:30:00,0.0,0,4.14616588387e-05,4.14616588387e-05,[[ 0.00725794  0.00212802  0.00545664  0.00800486  0.00749996]],0.0,0.0,0.0
2014-04-10 08:35:00,0.0,0,3.90912064177e-05,3.90912064177e-05,[[ 0.00708441  0.00195668  0.00530981  0.00779954  0.00723958]],0.0,0.0,0.0
2014-04-10 08:40:00,0.0,0,3.68577821064e-05,3.68577821064e-05,[[ 0.00691516  0.00179161  0.00516688  0.00759931  0.00698666]],0.0,0.0,0.0
2014-04-10 08:45:00,0.0,0,3.47539389622e-05,3.47539389622e-05,[[ 0.00675008  0.00163268  0.00502773  0.00740407  0.00674108]],0.0,0.0,0.0
2014-04-10 08:50:00,0.0,0,3.27728048433e-05,3.27728048433e-05,[[ 0.00658911  0.00147974  0.00489233  0.00721374  0.0065027 ]],0.0,0.0,0.0
2014-04-10 08:55:00,0.0,0,3.09070637741e-05,3.09070637741e-05,[[ 0.00643215  0.00133257  0.00476054  0.00702818  0.00627129]],0.0,0.0,0.0
2014-04-10 09:00:00,1.0,0,2.91511532851e-05,2.91511532851e-05,[[ 0.00627914  0.00119115  0.00463235  0.00684737  0.00604683]],0.0,0.0,0.0
2014-04-10 09:05:00,0.0,0,0.197695866227,0.197695866227,[[ 0.00612996  0.00105524  0.00450765  0.00667116  0.00582907]],0.0,0.0,0.0
2014-04-10 09:10:00,0.0,0,0.197210937738,0.197210937738,[[ 0.00578339  0.00097382  0.00430808  0.00705417  0.00776831]],0.0,0.0,0.0
2014-04-10 09:15:00,0.0,0,0.198404744267,0.198404744267,[[ 0.00535321  0.00096282  0.00410117  0.00888785  0.01003323]],0.0,0.0,0.0
2014-04-10 09:20:00,0.0,0,0.199509456754,0.199509456754,[[ 0.00534008  0.00138231  0.00534282  0.01049075  0.01195356]],0.0,0.0,0.0
2014-04-10 09:25:00,0.0,0,0.197754591703,0.197754591703,[[ 0.00582576  0.00359753  0.00687572  0.01196758  0.01368023]],0.0,0.0,0.0
2014-04-10 09:30:00,1.0,0,0.0290491487831,0.0290491487831,[[ 0.03705443  0.04053325  0.10903547  0.21247314  0.29188389]],0.0,0.0,0.0
2014-04-10 09:35:00,0.0,0,0.130723893642,0.130723893642,[[ 0.07154653  0.10700615  0.11519849  0.16399483  0.2274165 ]],0.0,0.0,0.0
2014-04-10 09:40:00,0.0,0,0.166857331991,0.166857331991,[[ 0.0984379   0.13915929  0.12333755  0.12564582  0.15976229]],0.0,0.0,0.0
2014-04-10 09:45:00,0.0,0,0.165325328708,0.165325328708,[[ 0.1053763   0.14227197  0.11764465  0.08921441  0.09365391]],0.0,0.0,0.0
2014-04-10 09:50:00,0.0,0,0.158504799008,0.158504799008,[[ 0.09517769  0.12355444  0.10261703  0.05485765  0.04205732]],0.0,0.0,0.0
2014-04-10 09:55:00,0.0,0,0.173340812325,0.173340812325,[[ 0.07883127  0.10123593  0.08471461  0.02661043  0.00433182]],0.0,0.0,0.0
2014-04-10 10:00:00,0.0,0,0.00348368659616,0.00348368659616,[[-0.06519926 -0.04568158 -0.03424211  0.01550478  0.09832478]],0.0,0.0,0.0
2014-04-10 10:05:00,0.0,0,0.00151444063522,0.00151444063522,[[ 0.00798075  0.04869539  0.0249433   0.0230838   0.06310499]],0.0,0.0,0.0
2014-04-10 10:10:00,0.0,0,0.00173344241921,0.00173344241921,[[ 0.03759333  0.07061604  0.04256104  0.00696763  0.02018265]],0.0,0.0,0.0
2014-04-10 10:15:00,0.0,0,0.00164863024838,0.00164863024838,[[ 0.04333239  0.06627744  0.04227559 -0.00924767 -0.01000051]],0.0,0.0,0.0
2014-04-10 10:20:00,0.0,0,0.00136197265238,0.00136197265238,[[ 0.03939299  0.05253488  0.03513337 -0.02124102 -0.02850626]],0.0,0.0,0.0
2014-04-10 10:25:00,0.0,0,0.00109424837865,0.00109424837865,[[ 0.03323516  0.03773561  0.02691871 -0.02843381 -0.03754452]],0.0,0.0,0.0
2014-04-10 10:30:00,0.0,0,0.000867428258061,0.000867428258061,[[ 0.02787065  0.02527744  0.0200688  -0.03105385 -0.03942487]],0.0,0.0,0.0
2014-04-10 10:35:00,0.0,0,0.000650298374239,0.000650298374239,[[ 0.02377184  0.0163465   0.01509026 -0.03009836 -0.03585465]],0.0,0.0,0.0
2014-04-10 10:40:00,0.0,0,0.000451379542938,0.000451379542938,[[ 0.02116059  0.0107257   0.01202223 -0.02654157 -0.02907056]],0.0,0.0,0.0
2014-04-10 10:45:00,0.0,0,0.000292202050332,0.000292202050332,[[ 0.01981468  0.00780208  0.01049323 -0.02149805 -0.02086245]],0.0,0.0,0.0
2014-04-10 10:50:00,0.0,0,0.000186073448276,0.000186073448276,[[ 0.01923843  0.00675185  0.00988299 -0.01607209 -0.0125967 ]],0.0,0.0,0.0
2014-04-10 10:55:00,0.0,0,0.000129207124701,0.000129207124701,[[ 0.01907029  0.00669798  0.00972018 -0.01096023 -0.00478417]],0.0,0.0,0.0
2014-04-10 11:00:00,0.0,0,0.000111131637823,0.000111131637823,[[ 0.0190765   0.00701824  0.00969146 -0.00656438  0.00233973]],0.0,0.0,0.0
2014-04-10 11:05:00,0.0,0,0.00012166662782,0.00012166662782,[[ 0.01921938  0.00753052  0.00972626 -0.00274038  0.00895154]],0.0,0.0,0.0
2014-04-10 11:10:00,0.0,0,0.0001218767502,0.0001218767502,[[ 0.01794542  0.0014824   0.00704198 -0.01458446 -0.00478038]],0.0,0.0,0.0
2014-04-10 11:15:00,0.0,0,8.75310361153e-05,8.75310361153e-05,[[ 0.01687925  0.0011867   0.0060626  -0.01015453  0.00338647]],0.0,0.0,0.0
2014-04-10 11:20:00,0.0,0,8.79419239936e-05,8.79419239936e-05,[[ 0.01610737  0.00126462  0.00537055 -0.00620285  0.01055201]],0.0,0.0,0.0
2014-04-10 11:25:00,0.0,0,0.000108599328087,0.000108599328087,[[ 0.01538008  0.00133318  0.00470125 -0.00295874  0.0165474 ]],0.0,0.0,0.0
2014-04-10 11:30:00,0.0,0,0.000137015274959,0.000137015274959,[[ 0.01454692  0.00118777  0.00390935 -0.00047204  0.02136695]],0.0,0.0,0.0
2014-04-10 11:35:00,0.0,0,0.00016635764041,0.00016635764041,[[ 0.01320489  0.00052322  0.00278732  0.00151329  0.02543788]],0.0,0.0,0.0
2014-04-10 11:40:00,0.0,0,0.00057860504603,0.00057860504603,[[ 0.01553171  0.01114689  0.00975779  0.01914912  0.04544926]],0.0,0.0,0.0
2014-04-10 11:45:00,0.0,0,0.000547570292838,0.000547570292838,[[ 0.01410304  0.00912637  0.00787192  0.0178859   0.04553891]],0.0,0.0,0.0
2014-04-10 11:50:00,0.0,0,0.000512451282702,0.000512451282702,[[ 0.01234539  0.00657988  0.0055488   0.0160976   0.04557007]],0.0,0.0,0.0
2014-04-10 11:55:00,0.0,0,0.000475564331282,0.000475564331282,[[ 0.01037584  0.00365853  0.0028712   0.01386242  0.0453472 ]],0.0,0.0,0.0
2014-04-10 12:00:00,0.0,0,0.000440892821644,0.000440892821644,"[[  8.34418833e-03   5.63591719e-04   1.00582838e-05   1.12896487e-02
    4.48002741e-02]]",0.0,0.0,0.0
2014-04-10 12:05:00,0.0,0,0.000412573950598,0.000412573950598,[[ 0.00632647 -0.00234145 -0.00257053  0.00876325  0.04397682]],0.0,0.0,0.0
2014-04-10 12:10:00,0.0,0,0.000387266569305,0.000387266569305,[[ 0.00445474 -0.00486381 -0.00471704  0.00642685  0.04277004]],0.0,0.0,0.0
2014-04-10 12:15:00,0.0,0,0.000361448095646,0.000361448095646,[[ 0.00300297 -0.00663154 -0.00617744  0.00450242  0.04118025]],0.0,0.0,0.0
2014-04-10 12:20:00,0.0,0,0.000332260329742,0.000332260329742,[[ 0.00208778 -0.00747374 -0.0068111   0.00314946  0.03930364]],0.0,0.0,0.0
2014-04-10 12:25:00,0.0,0,0.000299746810924,0.000299746810924,[[ 0.00168198 -0.00748084 -0.00670463  0.00235474  0.03727526]],0.0,0.0,0.0
2014-04-10 12:30:00,0.0,0,0.000266137474682,0.000266137474682,[[ 0.00168069 -0.00686648 -0.00605156  0.00201129  0.03521431]],0.0,0.0,0.0
2014-04-10 12:35:00,0.0,0,0.000234041479416,0.000234041479416,[[ 0.00195231 -0.00586723 -0.00506402  0.00197712  0.03320269]],0.0,0.0,0.0
2014-04-10 12:40:00,0.0,0,0.000205253483728,0.000205253483728,[[ 0.00236053 -0.00470527 -0.00393917  0.00209849  0.03128314]],0.0,0.0,0.0
2014-04-10 12:45:00,0.0,0,0.000180321949301,0.000180321949301,[[ 0.00277674 -0.00357352 -0.00284582  0.00222318  0.02946334]],0.0,0.0,0.0
2014-04-10 12:50:00,0.0,0,0.000158725495567,0.000158725495567,[[ 0.00309242 -0.00262226 -0.00191335  0.00221683  0.02772387]],0.0,0.0,0.0
2014-04-10 12:55:00,0.0,0,0.000139437936014,0.000139437936014,[[ 0.00323162 -0.00194696 -0.00122248  0.00198134  0.02602951]],0.0,0.0,0.0
2014-04-10 13:00:00,0.0,0,0.000121564764413,0.000121564764413,[[ 0.00315747 -0.00158469 -0.00080317  0.001467    0.02434226]],0.0,0.0,0.0
2014-04-10 13:05:00,0.0,0,0.000104725011624,0.000104725011624,[[ 0.00286986 -0.00152199 -0.00064264  0.00067279  0.02263199]],0.0,0.0,0.0
2014-04-10 13:10:00,0.0,0,8.90758383321e-05,8.90758383321e-05,[[ 0.00239818 -0.00170818 -0.00069746 -0.0003611   0.02088284]],0.0,0.0,0.0
2014-04-10 13:15:00,0.0,0,7.50856561353e-05,7.50856561353e-05,[[ 0.00179378 -0.00206754 -0.00090405 -0.00156177  0.01909658]],0.0,0.0,0.0
2014-04-10 13:20:00,0.0,0,6.32080991636e-05,6.32080991636e-05,[[ 0.00112469 -0.00250743 -0.00118589 -0.00283046  0.01729365]],0.0,0.0,0.0
2014-04-10 13:25:00,0.0,0,5.35911458428e-05,5.35911458428e-05,[[ 0.0004701  -0.00292644 -0.0014599  -0.0040504   0.01551237]],0.0,0.0,0.0
2014-04-10 13:30:00,0.0,0,4.59403599962e-05,4.59403599962e-05,"[[ -8.85352492e-05  -3.22556496e-03  -1.64572895e-03  -5.10042161e-03
    1.38045996e-02]]",0.0,0.0,0.0
2014-04-10 13:35:00,0.0,0,3.96233881474e-05,3.96233881474e-05,[[-0.00048185 -0.00332561 -0.00167942 -0.00587657  0.01222581]],0.0,0.0,0.0
2014-04-10 13:40:00,0.0,0,3.39839680237e-05,3.39839680237e-05,[[-0.00066803 -0.00318436 -0.00152724 -0.00631585  0.01082178]],0.0,0.0,0.0
2014-04-10 13:45:00,0.0,0,2.86544327537e-05,2.86544327537e-05,[[-0.00064177 -0.00280465 -0.001192   -0.00640929  0.0096174 ]],0.0,0.0,0.0
2014-04-10 13:50:00,0.0,0,2.36503547058e-05,2.36503547058e-05,[[-0.00043213 -0.00222944 -0.00070886 -0.00619888  0.00861197]],0.0,0.0,0.0
2014-04-10 13:55:00,0.0,0,1.92244660866e-05,1.92244660866e-05,"[[ -9.22307372e-05  -1.52748823e-03  -1.33603811e-04  -5.76210767e-03
    7.78208673e-03]]",0.0,0.0,0.0
2014-04-10 14:00:00,0.0,0,1.56280111696e-05,1.56280111696e-05,[[ 0.00031337 -0.00077802  0.00046992 -0.00519346  0.00708828]],0.0,0.0,0.0
2014-04-10 14:05:00,0.0,0,1.29365416797e-05,1.29365416797e-05,"[[  7.19822943e-04  -5.71757555e-05   1.04049593e-03  -4.58788127e-03
    6.48305565e-03]]",0.0,0.0,0.0
2014-04-10 14:10:00,0.0,0,1.10129176392e-05,1.10129176392e-05,[[ 0.001071    0.00057159  0.00152738 -0.00402766  0.00591911]],0.0,0.0,0.0
2014-04-10 14:15:00,0.0,0,9.5876675914e-06,9.5876675914e-06,[[ 0.00132558  0.00106381  0.00189513 -0.00357332  0.00535624]],0.0,0.0,0.0
2014-04-10 14:20:00,0.0,0,8.38850064611e-06,8.38850064611e-06,[[ 0.00146022  0.00139645  0.0021257  -0.00325913  0.00476652]],0.0,0.0,0.0
2014-04-10 14:25:00,0.0,0,7.24219262338e-06,7.24219262338e-06,[[ 0.00146974  0.00156707  0.00221762 -0.00309314  0.0041364 ]],0.0,0.0,0.0
2014-04-10 14:30:00,0.0,0,6.10992947259e-06,6.10992947259e-06,[[ 0.001365    0.00159091  0.0021839  -0.00306036  0.00346702]],0.0,0.0,0.0
2014-04-10 14:35:00,0.0,0,5.05537809659e-06,5.05537809659e-06,[[ 0.0011698   0.00149682  0.00204869 -0.00312812  0.00277232]],0.0,0.0,0.0
2014-04-10 14:40:00,0.0,0,4.175119102e-06,4.175119102e-06,[[ 0.00091677  0.00132267  0.00184377 -0.00325207  0.0020761 ]],0.0,0.0,0.0
2014-04-10 14:45:00,0.0,0,3.52968027073e-06,3.52968027073e-06,[[ 0.00064317  0.00111076  0.00160472 -0.00338273  0.00140816]],0.0,0.0,0.0
2014-04-10 14:50:00,0.0,0,3.10573591378e-06,3.10573591378e-06,[[ 0.00038617  0.00090273  0.00136694 -0.00347225  0.00079972]],0.0,0.0,0.0
2014-04-10 14:55:00,0.0,0,2.82307996713e-06,2.82307996713e-06,[[ 0.00017766  0.00073418  0.00116106 -0.00348128  0.00027833]],0.0,0.0,0.0
2014-04-10 15:00:00,0.0,0,2.57826900452e-06,2.57826900452e-06,"[[  3.98680568e-05   6.30006194e-04   1.00897253e-03  -3.38467956e-03
   -1.36993825e-04]]",0.0,0.0,0.0
2014-04-10 15:05:00,0.0,0,2.29634633797e-06,2.29634633797e-06,"[[ -1.75237656e-05   6.01485372e-04   9.21234488e-04  -3.17467749e-03
   -4.38623130e-04]]",0.0,0.0,0.0
2014-04-10 15:10:00,0.0,0,1.96092287297e-06,1.96092287297e-06,"[[  1.89244747e-06   6.45473599e-04   8.96386802e-04  -2.86102295e-03
   -6.31675124e-04]]",0.0,0.0,0.0
2014-04-10 15:15:00,0.0,0,1.60817876349e-06,1.60817876349e-06,"[[  8.33943486e-05   7.46861100e-04   9.22597945e-04  -2.46758759e-03
   -7.32094049e-04]]",0.0,0.0,0.0
2014-04-10 15:20:00,0.0,0,1.29508703139e-06,1.29508703139e-06,[[ 0.00020459  0.00088234  0.00098091 -0.00202727 -0.00076356]],0.0,0.0,0.0
2014-04-10 15:25:00,0.0,0,1.06357606455e-06,1.06357606455e-06,[[ 0.0003397   0.0010249   0.00104895 -0.00157616 -0.00075332]],0.0,0.0,0.0
2014-04-10 15:30:00,0.0,0,9.20601280541e-07,9.20601280541e-07,[[ 0.00046381  0.00114863  0.00110484 -0.00114801 -0.00072798]],0.0,0.0,0.0
2014-04-10 15:35:00,0.0,0,8.40522261569e-07,8.40522261569e-07,[[ 0.00055628  0.001232    0.00113039 -0.00077019 -0.00071018]],0.0,0.0,0.0
2014-04-10 15:40:00,0.0,0,7.83504560786e-07,7.83504560786e-07,[[ 0.00060304  0.00126074  0.00111322 -0.00046082 -0.00071609]],0.0,0.0,0.0
2014-04-10 15:45:00,0.0,0,7.17326884114e-07,7.17326884114e-07,[[ 0.00059786  0.00122887  0.00104802 -0.00022773 -0.00075423]],0.0,0.0,0.0
2014-04-10 15:50:00,0.0,0,6.30784143141e-07,6.30784143141e-07,"[[  5.42208552e-04   1.13868713e-03   9.36515629e-04  -6.89774752e-05
   -8.25531781e-04]]",0.0,0.0,0.0
2014-04-10 15:55:00,0.0,0,5.34111563866e-07,5.34111563866e-07,"[[  4.44360077e-04   9.99763608e-04   7.86736608e-04   2.58386135e-05
   -9.24095511e-04]]",0.0,0.0,0.0
2014-04-10 16:00:00,0.0,0,4.48825005606e-07,4.48825005606e-07,"[[  3.17655504e-04   8.27252865e-04   6.11528754e-04   7.30827451e-05
   -1.03902072e-03]]",0.0,0.0,0.0
2014-04-10 16:05:00,0.0,0,3.93713435187e-07,3.93713435187e-07,"[[  1.78419054e-04   6.39542937e-04   4.26545739e-04   9.25064087e-05
   -1.15638226e-03]]",0.0,0.0,0.0
2014-04-10 16:10:00,0.0,0,3.74711191853e-07,3.74711191853e-07,"[[  4.35262918e-05   4.55588102e-04   2.48089433e-04   1.04226172e-04
   -1.26162171e-03]]",0.0,0.0,0.0
2014-04-10 16:15:00,0.0,0,3.83084397981e-07,3.83084397981e-07,"[[ -7.18533993e-05   2.92599201e-04   9.08672810e-05   1.25966966e-04
   -1.34183466e-03]]",0.0,0.0,0.0
2014-04-10 16:20:00,0.0,0,4.01417480589e-07,4.01417480589e-07,"[[ -1.56514347e-04   1.63435936e-04  -3.41013074e-05   1.70730054e-04
   -1.38764828e-03]]",0.0,0.0,0.0
2014-04-10 16:25:00,0.0,0,4.13337232885e-07,4.13337232885e-07,"[[ -2.04265118e-04   7.53700733e-05  -1.20609999e-04   2.45399773e-04
   -1.39445812e-03]]",0.0,0.0,0.0
2014-04-10 16:30:00,0.0,0,4.11094106312e-07,4.11094106312e-07,"[[ -2.14599073e-04   2.95042992e-05  -1.67876482e-04   3.50303948e-04
   -1.36295706e-03]]",0.0,0.0,0.0
2014-04-10 16:35:00,0.0,0,3.97237499783e-07,3.97237499783e-07,"[[ -1.92210078e-04   2.09808350e-05  -1.80251896e-04   4.79735434e-04
   -1.29852444e-03]]",0.0,0.0,0.0
2014-04-10 16:40:00,0.0,0,3.80829021651e-07,3.80829021651e-07,"[[ -1.45860016e-04   4.05013561e-05  -1.65961683e-04   6.23539090e-04
   -1.21032447e-03]]",0.0,0.0,0.0
2014-04-10 16:45:00,0.0,0,3.70783084236e-07,3.70783084236e-07,"[[ -8.65235925e-05   7.61002302e-05  -1.35585666e-04   7.69093633e-04
   -1.10939145e-03]]",0.0,0.0,0.0
2014-04-10 16:50:00,0.0,0,3.70895804735e-07,3.70895804735e-07,"[[ -2.57417560e-05   1.15200877e-04  -1.00202858e-04   9.03390348e-04
   -1.00716949e-03]]",0.0,0.0,0.0
2014-04-10 16:55:00,0.0,0,3.78455382588e-07,3.78455382588e-07,"[[  2.62930989e-05   1.46538019e-04  -6.97821379e-05   1.01508200e-03
   -9.13701952e-04]]",0.0,0.0,0.0
2014-04-10 17:00:00,0.0,0,3.86664680718e-07,3.86664680718e-07,"[[  6.18174672e-05   1.61573291e-04  -5.19081950e-05   1.09583139e-03
   -8.36573541e-04]]",0.0,0.0,0.0
2014-04-10 17:05:00,0.0,0,3.88738214951e-07,3.88738214951e-07,"[[  7.63908029e-05   1.55389309e-04  -5.10364771e-05   1.14122778e-03
   -7.80194998e-04]]",0.0,0.0,0.0
2014-04-10 17:10:00,0.0,0,3.81265550686e-07,3.81265550686e-07,"[[  6.92307949e-05   1.27032399e-04  -6.82026148e-05   1.15107745e-03
   -7.45497644e-04]]",0.0,0.0,0.0
2014-04-10 17:15:00,0.0,0,3.65278168601e-07,3.65278168601e-07,"[[  4.27514315e-05   7.91847706e-05  -1.01231039e-04   1.12900138e-03
   -7.30343163e-04]]",0.0,0.0,0.0
2014-04-10 17:20:00,1.0,0,3.44923137163e-07,3.44923137163e-07,"[[  2.09361315e-06   1.74790621e-05  -1.45420432e-04   1.08177960e-03
   -7.30007887e-04]]",0.0,0.0,0.0
2014-04-10 17:25:00,0.0,0,0.200295597315,0.200295597315,"[[ -4.59477305e-05  -5.05596399e-05  -1.94437802e-04   1.01806223e-03
   -7.38196075e-04]]",0.0,0.0,0.0
2014-04-10 17:30:00,0.0,0,0.198623478413,0.198623478413,[[ 0.00123494  0.00165926  0.00114305  0.00345572  0.00335272]],0.0,0.0,0.0
2014-04-10 17:35:00,0.0,0,0.198873654008,0.198873654008,[[ 0.0028925   0.00389832  0.00289722  0.00808147  0.00808801]],0.0,0.0,0.0
2014-04-10 17:40:00,0.0,0,0.197398602962,0.197398602962,[[ 0.00517119  0.00671723  0.00645818  0.01257656  0.01247402]],0.0,0.0,0.0
2014-04-10 17:45:00,0.0,0,0.196977555752,0.196977555752,[[ 0.00798833  0.01152075  0.01028108  0.01693069  0.01660063]],0.0,0.0,0.0
2014-04-10 17:50:00,1.0,0,0.0331066921353,0.0331066921353,[[ 0.04421011  0.04965463  0.12222033  0.23090333  0.30472803]],0.0,0.0,0.0
2014-04-10 17:55:00,0.0,0,0.126256123185,0.126256123185,[[ 0.07950895  0.12230027  0.13058674  0.18811712  0.25330016]],0.0,0.0,0.0
2014-04-10 18:00:00,0.0,0,0.162408694625,0.162408694625,[[ 0.10819265  0.15962499  0.14070919  0.15155545  0.18761781]],0.0,0.0,0.0
2014-04-10 18:05:00,0.0,0,0.163445293903,0.163445293903,[[ 0.11588755  0.16590945  0.13448456  0.1136781   0.11929309]],0.0,0.0,0.0
2014-04-10 18:10:00,0.0,0,0.152242153883,0.152242153883,[[ 0.10589986  0.1478145   0.11816095  0.07643858  0.06301548]],0.0,0.0,0.0
2014-04-10 18:15:00,0.0,0,0.171184033155,0.171184033155,[[ 0.09010875  0.12583385  0.09893842  0.04478146  0.01974255]],0.0,0.0,0.0
2014-04-10 18:20:00,0.0,0,0.00326493987814,0.00326493987814,[[-0.05565324 -0.03525293 -0.02436583  0.02686664  0.10329151]],0.0,0.0,0.0
2014-04-10 18:25:00,0.0,0,0.00245584873483,0.00245584873483,[[ 0.01747418  0.06527938  0.03659472  0.03713772  0.07066905]],0.0,0.0,0.0
2014-04-10 18:30:00,0.0,0,0.00269059394486,0.00269059394486,[[ 0.04647391  0.08648203  0.05212114  0.0193561   0.02688365]],0.0,0.0,0.0
2014-04-10 18:35:00,0.0,0,0.00236421194859,0.00236421194859,[[ 0.05184871  0.08094823  0.05057317  0.00316977 -0.00353017]],0.0,0.0,0.0
2014-04-10 18:40:00,0.0,0,0.00180596928112,0.00180596928112,[[ 0.04764044  0.06625238  0.04290107 -0.00730289 -0.02184087]],0.0,0.0,0.0
2014-04-10 18:45:00,0.0,0,0.00132421869785,0.00132421869785,[[ 0.04140949  0.05126393  0.03486655 -0.01189303 -0.03035188]],0.0,0.0,0.0
2014-04-10 18:50:00,0.0,0,0.000965727958828,0.000965727958828,[[ 0.03628555  0.03935356  0.0287313  -0.01161658 -0.03166801]],0.0,0.0,0.0
2014-04-10 18:55:00,0.0,0,0.000709640444256,0.000709640444256,[[ 0.03303072  0.03140266  0.02493721 -0.00800607 -0.02801937]],0.0,0.0,0.0
2014-04-10 19:00:00,0.0,0,0.000539893750101,0.000539893750101,[[ 0.03125083  0.02702725  0.02302635 -0.00267589 -0.02133095]],0.0,0.0,0.0
2014-04-10 19:05:00,0.0,0,0.000453907996416,0.000453907996416,[[ 0.03060717  0.02516961  0.02246279  0.00319365 -0.01358143]],0.0,0.0,0.0
2014-04-10 19:10:00,0.0,0,0.000438025919721,0.000438025919721,[[ 0.0306396   0.02493136  0.02270556  0.00891521 -0.00589477]],0.0,0.0,0.0
2014-04-10 19:15:00,0.0,0,0.000469172373414,0.000469172373414,[[ 0.03093413  0.0255193   0.02326992  0.01397157  0.0010065 ]],0.0,0.0,0.0
2014-04-10 19:20:00,0.0,0,0.000522404327057,0.000522404327057,[[ 0.03122976  0.026361    0.02383658  0.01810182  0.00677957]],0.0,0.0,0.0
2014-04-10 19:25:00,0.0,0,0.000586598762311,0.000586598762311,[[ 0.03153861  0.02730828  0.02440078  0.02150632  0.01160381]],0.0,0.0,0.0
2014-04-10 19:30:00,0.0,0,0.000329639064148,0.000329639064148,[[ 0.02764764  0.01912964  0.0191267   0.00626543 -0.01061951]],0.0,0.0,0.0
2014-04-10 19:35:00,0.0,0,0.000315128592774,0.000315128592774,[[ 0.026768    0.01935755  0.01892595  0.01076314 -0.0032196 ]],0.0,0.0,0.0
2014-04-10 19:40:00,0.0,0,0.000334684329573,0.000334684329573,[[ 0.02625626  0.01998761  0.019021    0.01460585  0.00306533]],0.0,0.0,0.0
2014-04-10 19:45:00,0.0,0,0.000359312951332,0.000359312951332,[[ 0.02561288  0.02043407  0.01892012  0.01740186  0.00788663]],0.0,0.0,0.0
2014-04-10 19:50:00,0.0,0,0.000369426503312,0.000369426503312,[[ 0.02456232  0.02039926  0.01837265  0.01907091  0.01124461]],0.0,0.0,0.0
2014-04-10 19:55:00,0.0,0,0.000370498310076,0.000370498310076,[[ 0.02332496  0.02012546  0.01762586  0.02010818  0.01372566]],0.0,0.0,0.0
2014-04-10 20:00:00,0.0,0,0.00197807652876,0.00197807652876,[[ 0.0398787   0.04485332  0.03815339  0.04993472  0.04836418]],0.0,0.0,0.0
2014-04-10 20:05:00,0.0,0,0.00194329652004,0.00194329652004,[[ 0.03954674  0.04428963  0.03767728  0.04961218  0.04806268]],0.0,0.0,0.0
2014-04-10 20:10:00,0.0,0,0.0018933864776,0.0018933864776,[[ 0.03913734  0.04348225  0.0370367   0.04911835  0.04754119]],0.0,0.0,0.0
2014-04-10 20:15:00,0.0,0,0.00184559635818,0.00184559635818,[[ 0.03879479  0.04273002  0.03649836  0.04862738  0.04690778]],0.0,0.0,0.0
2014-04-10 20:20:00,0.0,0,0.00178773608059,0.00178773608059,[[ 0.0384146   0.04180479  0.03585249  0.04800998  0.0460977 ]],0.0,0.0,0.0
2014-04-10 20:25:00,0.0,0,0.00172277260572,0.00172277260572,[[ 0.03803504  0.04076578  0.03513622  0.0472773   0.04511822]],0.0,0.0,0.0
2014-04-10 20:30:00,0.0,0,0.00165904371534,0.00165904371534,[[ 0.03770496  0.03986903  0.03442118  0.04645915  0.04405389]],0.0,0.0,0.0
2014-04-10 20:35:00,0.0,0,0.00159840600099,0.00159840600099,[[ 0.03724608  0.03926203  0.03363023  0.04559048  0.04305543]],0.0,0.0,0.0
2014-04-10 20:40:00,0.0,0,0.00153445801698,0.00153445801698,[[ 0.03673664  0.03859168  0.032807    0.04465362  0.04198984]],0.0,0.0,0.0
2014-04-10 20:45:00,0.0,0,0.00148085155524,0.00148085155524,[[ 0.03616823  0.03781489  0.03225216  0.04394242  0.04117053]],0.0,0.0,0.0
2014-04-10 20:50:00,0.0,0,0.0014246617211,0.0014246617211,[[ 0.03555287  0.03698283  0.03165656  0.04318232  0.04030783]],0.0,0.0,0.0
2014-04-10 20:55:00,0.0,0,0.00136652460787,0.00136652460787,[[ 0.034896    0.03610225  0.03102486  0.04237936  0.03940772]],0.0,0.0,0.0
2014-04-10 21:00:00,0.0,0,0.00130705325864,0.00130705325864,[[ 0.03420296  0.03518026  0.03036176  0.04153924  0.03847634]],0.0,0.0,0.0
2014-04-10 21:05:00,0.0,0,0.00124683836475,0.00124683836475,[[ 0.03347925  0.03422382  0.02967221  0.04066803  0.03751976]],0.0,0.0,0.0
2014-04-10 21:10:00,0.0,0,0.00118638051208,0.00118638051208,[[ 0.03272974  0.03323911  0.02896054  0.03977092  0.03654298]],0.0,0.0,0.0
2014-04-10 21:15:00,0.0,0,0.00112612650264,0.00112612650264,[[ 0.03195903  0.03223193  0.02823087  0.03885269  0.03555055]],0.0,0.0,0.0
2014-04-10 21:20:00,0.0,0,0.00106646039058,0.00106646039058,[[ 0.03117134  0.03120748  0.02748693  0.03791765  0.03454654]],0.0,0.0,0.0
2014-04-10 21:25:00,0.0,0,0.00100392871536,0.00100392871536,[[ 0.03024758  0.03005628  0.02664467  0.0369405   0.03356797]],0.0,0.0,0.0
2014-04-10 21:30:00,0.0,0,0.000935244665015,0.000935244665015,[[ 0.02909784  0.02872211  0.02563757  0.03585024  0.03258919]],0.0,0.0,0.0
2014-04-10 21:35:00,0.0,0,0.000862441607751,0.000862441607751,[[ 0.02780259  0.02726051  0.02451471  0.03464263  0.0315437 ]],0.0,0.0,0.0
2014-04-10 21:40:00,0.0,0,0.00078825186938,0.00078825186938,[[ 0.02639741  0.02570263  0.02330548  0.03335704  0.03046265]],0.0,0.0,0.0
2014-04-10 21:45:00,0.0,0,0.000714070454706,0.000714070454706,[[ 0.02490015  0.02406538  0.02202424  0.03200715  0.02935418]],0.0,0.0,0.0
2014-04-10 21:50:00,0.0,0,0.000640896440018,0.000640896440018,[[ 0.02332447  0.02236038  0.02068117  0.03060051  0.02821989]],0.0,0.0,0.0
2014-04-10 21:55:00,0.0,0,0.000570027099457,0.000570027099457,[[ 0.02169071  0.02060788  0.01929309  0.02915338  0.02707066]],0.0,0.0,0.0
2014-04-10 22:00:00,0.0,0,0.000502134789713,0.000502134789713,[[ 0.02001036  0.01881753  0.01786844  0.02767145  0.02590695]],0.0,0.0,0.0
2014-04-10 22:05:00,0.0,0,0.000437961512944,0.000437961512944,[[ 0.01829742  0.01700255  0.0164184   0.0261646   0.02473409]],0.0,0.0,0.0
2014-04-10 22:10:00,0.0,0,0.000378261815058,0.000378261815058,[[ 0.01657011  0.01518078  0.01495785  0.02464657  0.02356043]],0.0,0.0,0.0
2014-04-10 22:15:00,0.0,0,0.000323445419781,0.000323445419781,[[ 0.01484183  0.01336477  0.01349744  0.02312632  0.02239023]],0.0,0.0,0.0
2014-04-10 22:20:00,0.0,0,0.000273445009952,0.000273445009952,[[ 0.01311435  0.01155415  0.0120374   0.02160142  0.0212184 ]],0.0,0.0,0.0
2014-04-10 22:25:00,0.0,0,0.000228763004998,0.000228763004998,[[ 0.01140881  0.00977074  0.01059569  0.02008982  0.02005784]],0.0,0.0,0.0
2014-04-10 22:30:00,0.0,0,0.000189426747966,0.000189426747966,[[ 0.0097366   0.00802535  0.00918147  0.01859944  0.01891264]],0.0,0.0,0.0
2014-04-10 22:35:00,0.0,0,0.000155349669512,0.000155349669512,[[ 0.00810831  0.00632799  0.00780322  0.01713771  0.01778676]],0.0,0.0,0.0
2014-04-10 22:40:00,0.0,0,0.000126344937598,0.000126344937598,[[ 0.00653372  0.00468799  0.00646888  0.01571159  0.01668405]],0.0,0.0,0.0
2014-04-10 22:45:00,0.0,0,0.000102142897958,0.000102142897958,[[ 0.00502192  0.0031141   0.00518581  0.0143278   0.01560829]],0.0,0.0,0.0
2014-04-10 22:50:00,0.0,0,8.23524169391e-05,8.23524169391e-05,[[ 0.00357787  0.00161046  0.00395774  0.01298897  0.01455989]],0.0,0.0,0.0
2014-04-10 22:55:00,0.0,0,6.65925763315e-05,6.65925763315e-05,[[ 0.00220797  0.00018324  0.00278995  0.0117      0.0135418 ]],0.0,0.0,0.0
2014-04-10 23:00:00,0.0,0,5.44901340618e-05,5.44901340618e-05,[[ 0.00092274 -0.00115666  0.00169148  0.01047018  0.01256087]],0.0,0.0,0.0
2014-04-10 23:05:00,0.0,0,4.53350185126e-05,4.53350185126e-05,[[-0.00028651 -0.00239734  0.00065215  0.00928798  0.01158248]],0.0,0.0,0.0
2014-04-10 23:10:00,0.0,0,3.88455882785e-05,3.88455882785e-05,[[-0.00142326 -0.00354987 -0.00032891  0.0081612   0.01062484]],0.0,0.0,0.0
2014-04-10 23:15:00,0.0,0,3.47011664417e-05,3.47011664417e-05,[[-0.00247848 -0.00461152 -0.00124315  0.00709899  0.00970339]],0.0,0.0,0.0
2014-04-10 23:20:00,0.0,0,3.24966022163e-05,3.24966022163e-05,[[-0.00344111 -0.00557539 -0.00208099  0.00610831  0.00882694]],0.0,0.0,0.0
2014-04-10 23:25:00,0.0,0,3.18039274134e-05,3.18039274134e-05,[[-0.00430444 -0.00643723 -0.00283652  0.00519425  0.00800171]],0.0,0.0,0.0
2014-04-10 23:30:00,0.0,0,3.21925836033e-05,3.21925836033e-05,[[-0.00506128 -0.00719258 -0.0035035   0.00436119  0.00723317]],0.0,0.0,0.0
2014-04-10 23:35:00,0.0,0,3.3247830288e-05,3.3247830288e-05,[[-0.00570548 -0.00783803 -0.00407669  0.00361244  0.00652556]],0.0,0.0,0.0
2014-04-10 23:40:00,0.0,0,3.45918015228e-05,3.45918015228e-05,[[-0.00623327 -0.00837177 -0.00455287  0.00294954  0.00588135]],0.0,0.0,0.0
2014-04-10 23:45:00,0.0,0,3.59336154361e-05,3.59336154361e-05,[[-0.00664821 -0.00879723 -0.00493463  0.00237179  0.00530116]],0.0,0.0,0.0
2014-04-10 23:50:00,0.0,0,3.70148409274e-05,3.70148409274e-05,[[-0.00694919 -0.00911514 -0.00522107  0.00187888  0.00478616]],0.0,0.0,0.0
2014-04-10 23:55:00,0.0,0,3.7661218812e-05,3.7661218812e-05,[[-0.00714032 -0.00932987 -0.00541539  0.00146823  0.00433514]],0.0,0.0,0.0
2014-04-11 00:00:00,0.0,0,3.77689502784e-05,3.77689502784e-05,[[-0.00722753 -0.0094471  -0.00552243  0.00113615  0.00394611]],0.0,0.0,0.0
2014-04-11 00:05:00,0.0,0,3.72960275854e-05,3.72960275854e-05,[[-0.00721804 -0.00947371 -0.0055481   0.00087806  0.00361614]],0.0,0.0,0.0
2014-04-11 00:10:00,0.0,0,3.62540522474e-05,3.62540522474e-05,[[-0.0071203  -0.00941744 -0.00549933  0.00068858  0.00334164]],0.0,0.0,0.0
2014-04-11 00:15:00,0.0,0,3.47233581124e-05,3.47233581124e-05,[[-0.00694785 -0.00928943 -0.00538712  0.00056039  0.003117  ]],0.0,0.0,0.0
2014-04-11 00:20:00,0.0,0,3.27649868268e-05,3.27649868268e-05,[[-0.00670743 -0.00909646 -0.00521723  0.00048777  0.00293808]],0.0,0.0,0.0
2014-04-11 00:25:00,0.0,0,3.04741843138e-05,3.04741843138e-05,[[-0.0064084  -0.00884716 -0.00499741  0.00046427  0.00280025]],0.0,0.0,0.0
2014-04-11 00:30:00,0.0,0,2.79917094304e-05,2.79917094304e-05,[[-0.00606642 -0.00855431 -0.00474039  0.00048205  0.00269762]],0.0,0.0,0.0
2014-04-11 00:35:00,0.0,0,2.53991347563e-05,2.53991347563e-05,[[-0.00568836 -0.00822452 -0.00445214  0.0005345   0.00262456]],0.0,0.0,0.0
2014-04-11 00:40:00,0.0,0,2.28138324019e-05,2.28138324019e-05,[[-0.00528824 -0.00786912 -0.0041442   0.00061399  0.00257473]],0.0,0.0,0.0
2014-04-11 00:45:00,0.0,0,2.03029903787e-05,2.03029903787e-05,[[-0.00487342 -0.00749493 -0.00382292  0.00071425  0.00254281]],0.0,0.0,0.0
2014-04-11 00:50:00,0.0,0,1.79453309102e-05,1.79453309102e-05,[[-0.004457   -0.00711176 -0.0034993   0.00082754  0.00252086]],0.0,0.0,0.0
2014-04-11 00:55:00,0.0,0,1.57526992552e-05,1.57526992552e-05,[[-0.00403927 -0.0067219  -0.00317369  0.00095065  0.00250755]],0.0,0.0,0.0
2014-04-11 01:00:00,0.0,0,1.3772470993e-05,1.3772470993e-05,[[-0.00363589 -0.00633416 -0.00285979  0.0010734   0.00248808]],0.0,0.0,0.0
2014-04-11 01:05:00,0.0,0,1.19749147416e-05,1.19749147416e-05,[[-0.00323851 -0.00594588 -0.00255051  0.00119743  0.00246865]],0.0,0.0,0.0
2014-04-11 01:10:00,0.0,0,1.03571719592e-05,1.03571719592e-05,[[-0.00285503 -0.00555851 -0.00225334  0.00131486  0.00243543]],0.0,0.0,0.0
2014-04-11 01:15:00,0.0,0,8.934140169e-06,8.934140169e-06,[[-0.00248102 -0.00517879 -0.00196307  0.00143173  0.00240662]],0.0,0.0,0.0
2014-04-11 01:20:00,0.0,0,7.70193946664e-06,7.70193946664e-06,[[-0.00211926 -0.00480959 -0.00168201  0.00154582  0.00238067]],0.0,0.0,0.0
2014-04-11 01:25:00,0.0,0,6.65181278237e-06,6.65181278237e-06,[[-0.0017722  -0.00445348 -0.00141222  0.00165511  0.00235608]],0.0,0.0,0.0
2014-04-11 01:30:00,0.0,0,5.77065202378e-06,5.77065202378e-06,[[-0.0014417  -0.00411241 -0.00115524  0.00175807  0.00233184]],0.0,0.0,0.0
2014-04-11 01:35:00,0.0,0,5.0426983762e-06,5.0426983762e-06,[[-0.00112925 -0.00378798 -0.00091235  0.00185341  0.00230695]],0.0,0.0,0.0
2014-04-11 01:40:00,1.0,0,4.45061095888e-06,4.45061095888e-06,[[-0.00083601 -0.00348146 -0.00068451  0.00194006  0.00228061]],0.0,0.0,0.0
2014-04-11 01:45:00,0.0,0,0.199103102088,0.199103102088,[[-0.00056288 -0.00319375 -0.00047247  0.00201721  0.00225218]],0.0,0.0,0.0
2014-04-11 01:50:00,0.0,0,0.198596090078,0.198596090078,[[ 0.00045656 -0.00183871  0.00050373  0.00353134  0.00517909]],0.0,0.0,0.0
2014-04-11 01:55:00,0.0,0,0.198944970965,0.198944970965,[[ 0.00289158  0.00100231  0.00271722  0.0078182   0.00902365]],0.0,0.0,0.0
2014-04-11 02:00:00,0.0,0,0.198010921478,0.198010921478,[[ 0.00682818  0.00519834  0.00731944  0.0126194   0.0128407 ]],0.0,0.0,0.0
2014-04-11 02:05:00,0.0,0,0.195411220193,0.195411220193,[[ 0.01199348  0.01183134  0.01273432  0.01782593  0.01671295]],0.0,0.0,0.0
2014-04-11 02:10:00,1.0,0,0.0315904580057,0.0315904580057,[[ 0.0316807   0.02890851  0.11404222  0.22570005  0.30358982]],0.0,0.0,0.0
2014-04-11 02:15:00,0.0,0,0.124051690102,0.124051690102,[[ 0.08548461  0.12528995  0.13944988  0.19778173  0.26604539]],0.0,0.0,0.0
2014-04-11 02:20:00,0.0,0,0.161930114031,0.161930114031,[[ 0.12920651  0.17983902  0.16104475  0.16663188  0.20044041]],0.0,0.0,0.0
2014-04-11 02:25:00,0.0,0,0.15991973877,0.15991973877,[[ 0.14352597  0.19425213  0.15744236  0.12579569  0.12464818]],0.0,0.0,0.0
2014-04-11 02:30:00,0.0,0,0.146113097668,0.146113097668,[[ 0.13012749  0.17247675  0.13634636  0.08116899  0.06048855]],0.0,0.0,0.0
2014-04-11 02:35:00,0.0,0,0.16613432765,0.16613432765,[[ 0.1078295   0.14408766  0.11026823  0.04114897  0.00947949]],0.0,0.0,0.0
2014-04-11 02:40:00,0.0,0,0.00272837886587,0.00272837886587,[[-0.05070403 -0.047207   -0.03169374  0.00726947  0.08823353]],0.0,0.0,0.0
2014-04-11 02:45:00,0.0,0,0.00189035688527,0.00189035688527,[[ 0.02302577  0.06938088  0.03278778  0.01737549  0.05225845]],0.0,0.0,0.0
2014-04-11 02:50:00,0.0,0,0.00229245843366,0.00229245843366,[[ 0.04669435  0.08569866  0.04306321 -0.009021   -0.00136072]],0.0,0.0,0.0
2014-04-11 02:55:00,0.0,0,0.00206797453575,0.00206797453575,[[ 0.04232859  0.07057223  0.03288098 -0.0320905  -0.0381676 ]],0.0,0.0,0.0
2014-04-11 03:00:00,0.0,0,0.00185860227793,0.00185860227793,[[ 0.03015399  0.04769892  0.01821619 -0.04697266 -0.05975199]],0.0,0.0,0.0
2014-04-11 03:05:00,0.0,0,0.00169062172063,0.00169062172063,[[ 0.01837988  0.02694842  0.0057769  -0.05245393 -0.06785487]],0.0,0.0,0.0
2014-04-11 03:10:00,0.0,0,0.00138728669845,0.00138728669845,[[ 0.01076978  0.01242965 -0.00147553 -0.04922249 -0.06512234]],0.0,0.0,0.0
2014-04-11 03:15:00,0.0,0,0.000930996262468,0.000930996262468,[[ 0.00874487  0.00512193 -0.00284985 -0.03916588 -0.05486517]],0.0,0.0,0.0
2014-04-11 03:20:00,0.0,0,0.000498727429658,0.000498727429658,[[ 0.01157661  0.00396411  0.00045156 -0.02557432 -0.04110542]],0.0,0.0,0.0
2014-04-11 03:25:00,0.0,0,0.000246805953793,0.000246805953793,[[ 0.01759122  0.00710408  0.0066198  -0.01112521 -0.02658042]],0.0,0.0,0.0
2014-04-11 03:30:00,0.0,0,0.000206892495044,0.000206892495044,[[ 0.02355973  0.01233179  0.01296163  0.00152859 -0.01252948]],0.0,0.0,0.0
2014-04-11 03:35:00,0.0,0,0.0003227602283,0.0003227602283,[[ 0.02865775  0.01770279  0.01849878  0.01168418 -0.00064883]],0.0,0.0,0.0
2014-04-11 03:40:00,0.0,0,0.000514881394338,0.000514881394338,[[ 0.03279494  0.02260767  0.02302168  0.01954945  0.0086956 ]],0.0,0.0,0.0
2014-04-11 03:45:00,0.0,0,0.000734064378776,0.000734064378776,[[ 0.03618333  0.02704386  0.02671812  0.0257504   0.01589898]],0.0,0.0,0.0
2014-04-11 03:50:00,0.0,0,0.000385339197237,0.000385339197237,[[ 0.03240269  0.01730372  0.02039586  0.01101197 -0.00633153]],0.0,0.0,0.0
2014-04-11 03:55:00,0.0,0,0.00049716536887,0.00049716536887,[[ 0.03421962  0.02074613  0.02320524  0.01821574  0.00376112]],0.0,0.0,0.0
2014-04-11 04:00:00,0.0,0,0.000653777620755,0.000653777620755,[[ 0.03603945  0.02426146  0.02580079  0.02403753  0.01174495]],0.0,0.0,0.0
2014-04-11 04:05:00,0.0,0,0.000804309383966,0.000804309383966,[[ 0.03733958  0.02714852  0.02772336  0.02839148  0.0177651 ]],0.0,0.0,0.0
2014-04-11 04:10:00,0.0,0,0.000929042114876,0.000929042114876,[[ 0.03811201  0.02929275  0.02901015  0.03153712  0.02232579]],0.0,0.0,0.0
2014-04-11 04:15:00,0.0,0,0.0010325324256,0.0010325324256,[[ 0.03852925  0.03088077  0.02994565  0.03395435  0.02597878]],0.0,0.0,0.0
2014-04-11 04:20:00,0.0,0,0.00198093568906,0.00198093568906,[[ 0.03941602  0.04152196  0.0402674   0.05050947  0.04954102]],0.0,0.0,0.0
2014-04-11 04:25:00,0.0,0,0.00195500487462,0.00195500487462,[[ 0.03905658  0.04107641  0.03986162  0.05030363  0.04942602]],0.0,0.0,0.0
2014-04-11 04:30:00,0.0,0,0.00191052129958,0.00191052129958,[[ 0.03859685  0.0404107   0.03915341  0.04984647  0.04911419]],0.0,0.0,0.0
2014-04-11 04:35:00,0.0,0,0.00185066869017,0.00185066869017,[[ 0.03805024  0.03955609  0.0381846   0.04917118  0.04863095]],0.0,0.0,0.0
2014-04-11 04:40:00,0.0,0,0.0017771642888,0.0017771642888,[[ 0.03743128  0.03852831  0.03697655  0.04828576  0.04797406]],0.0,0.0,0.0
2014-04-11 04:45:00,0.0,0,0.00169191171881,0.00169191171881,[[ 0.03675689  0.03734387  0.03554628  0.04719699  0.04714691]],0.0,0.0,0.0
2014-04-11 04:50:00,0.0,0,0.00159750727471,0.00159750727471,[[ 0.03612668  0.03607798  0.03392003  0.0458743   0.04610595]],0.0,0.0,0.0
2014-04-11 04:55:00,0.0,0,0.0015410289634,0.0015410289634,[[ 0.03574168  0.03548785  0.03308389  0.04504882  0.04521448]],0.0,0.0,0.0
2014-04-11 05:00:00,0.0,0,0.00148803507909,0.00148803507909,[[ 0.03531748  0.03496318  0.03235745  0.04428615  0.04429627]],0.0,0.0,0.0
2014-04-11 05:05:00,0.0,0,0.00144353264477,0.00144353264477,[[ 0.03488195  0.03438842  0.03184568  0.04368701  0.04353903]],0.0,0.0,0.0
2014-04-11 05:10:00,0.0,0,0.00140180881135,0.00140180881135,[[ 0.03441393  0.03376009  0.03140185  0.04315603  0.04285398]],0.0,0.0,0.0
2014-04-11 05:15:00,0.0,0,0.00135917181615,0.00135917181615,[[ 0.03392531  0.03310388  0.03094073  0.04260543  0.04214871]],0.0,0.0,0.0
2014-04-11 05:20:00,0.0,0,0.00131592701655,0.00131592701655,[[ 0.0334191   0.03242414  0.03046501  0.04203812  0.04142649]],0.0,0.0,0.0
2014-04-11 05:25:00,0.0,0,0.00127234193496,0.00127234193496,[[ 0.03289795  0.03172466  0.02997697  0.04145668  0.04069035]],0.0,0.0,0.0
2014-04-11 05:30:00,0.0,0,0.00122865359299,0.00122865359299,[[ 0.03236433  0.03100894  0.02947874  0.04086347  0.03994302]],0.0,0.0,0.0
2014-04-11 05:35:00,0.0,0,0.00118506932631,0.00118506932631,[[ 0.03182037  0.03028009  0.02897215  0.0402606   0.03918706]],0.0,0.0,0.0
2014-04-11 05:40:00,0.0,0,0.0011417720234,0.0011417720234,[[ 0.03126813  0.02954103  0.02845898  0.03965     0.03842467]],0.0,0.0,0.0
2014-04-11 05:45:00,0.0,0,0.00109891965985,0.00109891965985,[[ 0.03070941  0.02879433  0.02794074  0.03903345  0.03765796]],0.0,0.0,0.0
2014-04-11 05:50:00,0.0,0,0.0010566492565,0.0010566492565,[[ 0.03014586  0.02804235  0.02741892  0.03841252  0.03688877]],0.0,0.0,0.0
2014-04-11 05:55:00,0.0,0,0.00101507734507,0.00101507734507,[[ 0.02957898  0.02728727  0.02689476  0.03778865  0.03611877]],0.0,0.0,0.0
2014-04-11 06:00:00,0.0,0,0.000974304042757,0.000974304042757,[[ 0.02901015  0.02653103  0.02636943  0.03716315  0.03534953]],0.0,0.0,0.0
2014-04-11 06:05:00,0.0,0,0.000934413168579,0.000934413168579,[[ 0.02844063  0.0257754   0.02584405  0.0365372   0.03458241]],0.0,0.0,0.0
2014-04-11 06:10:00,0.0,0,0.000895473640412,0.000895473640412,[[ 0.02787154  0.02502203  0.02531958  0.03591187  0.03381863]],0.0,0.0,0.0
2014-04-11 06:15:00,0.0,0,0.000857541162986,0.000857541162986,[[ 0.02730391  0.02427232  0.02479689  0.03528815  0.0330593 ]],0.0,0.0,0.0
2014-04-11 06:20:00,0.0,0,0.000820660032332,0.000820660032332,[[ 0.02673867  0.02352761  0.02427676  0.03466688  0.03230545]],0.0,0.0,0.0
2014-04-11 06:25:00,0.0,0,0.000784863892477,0.000784863892477,[[ 0.02617663  0.02278903  0.02375994  0.03404885  0.03155796]],0.0,0.0,0.0
2014-04-11 06:30:00,0.0,0,0.000750175327994,0.000750175327994,[[ 0.02561853  0.02205763  0.02324702  0.03343473  0.03081758]],0.0,0.0,0.0
2014-04-11 06:35:00,0.0,0,0.000716611626558,0.000716611626558,[[ 0.02506505  0.02133437  0.0227386   0.03282518  0.03008505]],0.0,0.0,0.0
2014-04-11 06:40:00,0.0,0,0.000684180587996,0.000684180587996,[[ 0.02451678  0.02062001  0.02223518  0.03222072  0.02936098]],0.0,0.0,0.0
2014-04-11 06:45:00,0.0,0,0.000652883551084,0.000652883551084,[[ 0.02397423  0.01991531  0.0217372   0.03162184  0.0286459 ]],0.0,0.0,0.0
2014-04-11 06:50:00,0.0,0,0.000622719468083,0.000622719468083,[[ 0.02343793  0.01922094  0.02124511  0.03102901  0.02794033]],0.0,0.0,0.0
2014-04-11 06:55:00,0.0,0,0.000593678560108,0.000593678560108,[[ 0.02290825  0.01853746  0.02075922  0.03044258  0.02724467]],0.0,0.0,0.0
2014-04-11 07:00:00,0.0,0,0.000565748312511,0.000565748312511,[[ 0.02238555  0.01786533  0.02027986  0.0298629   0.02655924]],0.0,0.0,0.0
2014-04-11 07:05:00,0.0,0,0.000538914580829,0.000538914580829,[[ 0.02187021  0.01720501  0.01980731  0.02929028  0.02588444]],0.0,0.0,0.0
2014-04-11 07:10:00,0.0,0,0.00051315582823,0.00051315582823,[[ 0.02136246  0.01655682  0.01934178  0.02872495  0.0252204 ]],0.0,0.0,0.0
2014-04-11 07:15:00,0.0,0,0.000488367164508,0.000488367164508,[[ 0.02086207  0.01591891  0.01888206  0.02816507  0.0245641 ]],0.0,0.0,0.0
2014-04-11 07:20:00,0.0,0,0.000464521493996,0.000464521493996,[[ 0.02036879  0.01529086  0.01842801  0.02761072  0.02391582]],0.0,0.0,0.0
2014-04-11 07:25:00,0.0,0,0.000441612501163,0.000441612501163,[[ 0.01988301  0.01467329  0.01798011  0.02706229  0.02327598]],0.0,0.0,0.0
2014-04-11 07:30:00,0.0,0,0.000419638294261,0.000419638294261,[[ 0.01940502  0.01406688  0.01753888  0.02652038  0.02264545]],0.0,0.0,0.0
2014-04-11 07:35:00,0.0,0,0.000398568401579,0.000398568401579,[[ 0.01893488  0.01347153  0.01710432  0.02598489  0.02202402]],0.0,0.0,0.0
2014-04-11 07:40:00,0.0,0,0.000378349039238,0.000378349039238,[[ 0.01847294  0.0128868   0.01667622  0.02545484  0.02140982]],0.0,0.0,0.0
2014-04-11 07:45:00,0.0,0,0.000358963443432,0.000358963443432,[[ 0.01801994  0.01231362  0.01625513  0.02493011  0.02080226]],0.0,0.0,0.0
2014-04-11 07:50:00,0.0,0,0.000340398401022,0.000340398401022,[[ 0.01757691  0.01175306  0.01584182  0.02441062  0.0202007 ]],0.0,0.0,0.0
2014-04-11 07:55:00,0.0,0,0.000322640524246,0.000322640524246,[[ 0.01714622  0.01120773  0.01543783  0.02389564  0.01960276]],0.0,0.0,0.0
2014-04-11 08:00:00,0.0,0,0.000305743626086,0.000305743626086,[[ 0.01673317  0.01068476  0.01504722  0.02338552  0.01900667]],0.0,0.0,0.0
2014-04-11 08:05:00,0.0,0,0.000290109834168,0.000290109834168,[[ 0.01635303  0.01021206  0.0146844   0.02288925  0.01841988]],0.0,0.0,0.0
2014-04-11 08:10:00,0.0,0,0.000275765021797,0.000275765021797,[[ 0.01599832  0.00978656  0.01434612  0.02241436  0.01785741]],0.0,0.0,0.0
2014-04-11 08:15:00,0.0,0,0.00026210033684,0.00026210033684,[[ 0.01564969  0.00937197  0.0140142   0.02194885  0.01730911]],0.0,0.0,0.0
2014-04-11 08:20:00,0.0,0,0.000249087024713,0.000249087024713,[[ 0.01530715  0.00896815  0.0136886   0.02149257  0.01677469]],0.0,0.0,0.0
2014-04-11 08:25:00,0.0,0,0.000236697611399,0.000236697611399,[[ 0.0149707   0.00857493  0.01336928  0.02104541  0.01625392]],0.0,0.0,0.0
2014-04-11 08:30:00,0.0,0,0.000224898845772,0.000224898845772,[[ 0.01464013  0.00819183  0.01305595  0.02060703  0.01574634]],0.0,0.0,0.0
2014-04-11 08:35:00,0.0,0,0.00021367133013,0.00021367133013,[[ 0.01431563  0.00781902  0.01274883  0.02017747  0.01525186]],0.0,0.0,0.0
2014-04-11 08:40:00,0.0,0,0.000202989249374,0.000202989249374,[[ 0.01399713  0.0074563   0.01244782  0.01975657  0.01477024]],0.0,0.0,0.0
2014-04-11 08:45:00,0.0,0,0.000192827850697,0.000192827850697,[[ 0.01368459  0.00710347  0.01215286  0.01934417  0.01430116]],0.0,0.0,0.0
2014-04-11 08:50:00,0.0,0,0.000183164607733,0.000183164607733,[[ 0.01337798  0.00676041  0.01186391  0.01894015  0.01384442]],0.0,0.0,0.0
2014-04-11 08:55:00,0.0,0,0.000173977154191,0.000173977154191,[[ 0.01307727  0.00642695  0.01158089  0.01854438  0.01339978]],0.0,0.0,0.0
2014-04-11 09:00:00,0.0,0,0.000165243720403,0.000165243720403,[[ 0.01278242  0.0061029   0.01130376  0.0181567   0.01296696]],0.0,0.0,0.0
2014-04-11 09:05:00,0.0,0,0.000156943555339,0.000156943555339,[[ 0.01249338  0.00578812  0.01103244  0.01777699  0.01254571]],0.0,0.0,0.0
2014-04-11 09:10:00,0.0,0,0.000149056140799,0.000149056140799,[[ 0.01221003  0.00548239  0.01076683  0.01740509  0.01213579]],0.0,0.0,0.0
2014-04-11 09:15:00,0.0,0,0.000141563505167,0.000141563505167,[[ 0.01193242  0.00518562  0.0105069   0.0170409   0.011737  ]],0.0,0.0,0.0
2014-04-11 09:20:00,0.0,0,0.000134446090669,0.000134446090669,[[ 0.01166041  0.00489756  0.01025255  0.01668424  0.01134903]],0.0,0.0,0.0
2014-04-11 09:25:00,0.0,0,0.000127687380882,0.000127687380882,[[ 0.01139398  0.00461813  0.01000373  0.01633503  0.01097174]],0.0,0.0,0.0
2014-04-11 09:30:00,0.0,0,0.000121269476949,0.000121269476949,[[ 0.01113304  0.0043471   0.00976034  0.0159931   0.01060481]],0.0,0.0,0.0
2014-04-11 09:35:00,0.0,0,0.000115177230327,0.000115177230327,[[ 0.01087758  0.00408437  0.00952233  0.01565835  0.0102481 ]],0.0,0.0,0.0
2014-04-11 09:40:00,0.0,0,0.000109394335595,0.000109394335595,[[ 0.01062746  0.00382975  0.00928962  0.01533063  0.00990134]],0.0,0.0,0.0
2014-04-11 09:45:00,0.0,0,0.000103905891592,0.000103905891592,[[ 0.01038267  0.00358304  0.0090621   0.01500981  0.00956428]],0.0,0.0,0.0
2014-04-11 09:50:00,0.0,0,9.86979939626e-05,9.86979939626e-05,[[ 0.01014309  0.00334412  0.00883973  0.01469579  0.00923675]],0.0,0.0,0.0
2014-04-11 09:55:00,0.0,0,9.37571385293e-05,9.37571385293e-05,[[ 0.00990869  0.00311286  0.00862242  0.01438844  0.00891853]],0.0,0.0,0.0
2014-04-11 10:00:00,1.0,0,8.90698138392e-05,8.90698138392e-05,[[ 0.00967938  0.00288904  0.00841009  0.01408762  0.00860939]],0.0,0.0,0.0
2014-04-11 10:05:00,0.0,0,0.196760967374,0.196760967374,[[ 0.00945511  0.00267255  0.00820266  0.01379322  0.00830915]],0.0,0.0,0.0
2014-04-11 10:10:00,0.0,0,0.194516927004,0.194516927004,[[ 0.00908032  0.00261914  0.00796719  0.01393069  0.00995593]],0.0,0.0,0.0
2014-04-11 10:15:00,0.0,0,0.197007015347,0.197007015347,[[ 0.0086472   0.00266626  0.00774241  0.01542517  0.01183599]],0.0,0.0,0.0
2014-04-11 10:20:00,0.0,0,0.198904186487,0.198904186487,[[ 0.00858485  0.00305148  0.00891493  0.01674198  0.01345834]],0.0,0.0,0.0
2014-04-11 10:25:00,0.0,0,0.196587219834,0.196587219834,[[ 0.00891194  0.0050054   0.01030059  0.01799609  0.01502185]],0.0,0.0,0.0
2014-04-11 10:30:00,1.0,0,0.0361259058118,0.0361259058118,[[ 0.04088858  0.03509206  0.12784956  0.24301806  0.31987953]],0.0,0.0,0.0
2014-04-11 10:35:00,0.0,0,0.119903936982,0.119903936982,[[ 0.0868642   0.12266807  0.1477475   0.21417016  0.2863974 ]],0.0,0.0,0.0
2014-04-11 10:40:00,0.0,0,0.158252179623,0.158252179623,[[ 0.13290998  0.17752045  0.17128259  0.1850532   0.22046846]],0.0,0.0,0.0
2014-04-11 10:45:00,0.0,0,0.158268541098,0.158268541098,[[ 0.15049145  0.19201209  0.16864578  0.14441457  0.14078732]],0.0,0.0,0.0
2014-04-11 10:50:00,0.0,0,0.147162288427,0.147162288427,[[ 0.14675489  0.17706856  0.15051799  0.09827206  0.06888615]],0.0,0.0,0.0
2014-04-11 10:55:00,0.0,0,0.160967797041,0.160967797041,[[ 0.12483377  0.14513117  0.12091809  0.05538726  0.01308013]],0.0,0.0,0.0
2014-04-11 11:00:00,0.0,0,0.00288934214041,0.00288934214041,[[-0.04375882 -0.06422123 -0.03515038  0.01238803  0.08377647]],0.0,0.0,0.0
2014-04-11 11:05:00,0.0,0,0.00112171610817,0.00112171610817,[[ 0.01522785  0.03867055  0.02124146  0.02426463  0.05330393]],0.0,0.0,0.0
2014-04-11 11:10:00,0.0,0,0.00101862114388,0.00101862114388,[[ 0.03593788  0.05431661  0.02882806 -0.00047575  0.00447179]],0.0,0.0,0.0
2014-04-11 11:15:00,0.0,0,0.00080489506945,0.00080489506945,[[ 0.02907445  0.0391911   0.01655785 -0.02286299 -0.02909176]],0.0,0.0,0.0
2014-04-11 11:20:00,0.0,0,0.000880980864167,0.000880980864167,"[[  1.43822953e-02   1.66799128e-02   8.41096044e-05  -3.85869369e-02
   -4.93039116e-02]]",0.0,0.0,0.0
2014-04-11 11:25:00,0.0,0,0.00115280493628,0.00115280493628,[[ 0.00044892 -0.00331755 -0.01381699 -0.0465447  -0.05827091]],0.0,0.0,0.0
2014-04-11 11:30:00,0.0,0,0.0012874774402,0.0012874774402,[[-0.00854376 -0.01657329 -0.0219673  -0.04695841 -0.05832721]],0.0,0.0,0.0
2014-04-11 11:35:00,0.0,0,0.00111306761391,0.00111306761391,[[-0.01108795 -0.02211829 -0.02349692 -0.04107045 -0.05209885]],0.0,0.0,0.0
2014-04-11 11:40:00,0.0,0,0.0007292413502,0.0007292413502,[[-0.00779107 -0.0211197  -0.01941545 -0.03105591 -0.04240324]],0.0,0.0,0.0
2014-04-11 11:45:00,0.0,0,0.000352340954123,0.000352340954123,[[-0.00099804 -0.01576993 -0.01211618 -0.01957198 -0.03133933]],0.0,0.0,0.0
2014-04-11 11:50:00,0.0,0,0.000124064754345,0.000124064754345,[[ 0.00562829 -0.00891769 -0.00477226 -0.00919601 -0.02004445]],0.0,0.0,0.0
2014-04-11 11:55:00,0.0,0,4.82319555886e-05,4.82319555886e-05,[[ 0.01144636 -0.00223374  0.00176457 -0.00051494 -0.01008821]],0.0,0.0,0.0
2014-04-11 12:00:00,0.0,0,7.78749308665e-05,7.78749308665e-05,[[ 0.01651369  0.00387125  0.00742921  0.00658535 -0.00176807]],0.0,0.0,0.0
2014-04-11 12:05:00,0.0,0,0.000168477024999,0.000168477024999,[[ 0.02077368  0.00942151  0.01213977  0.01226487  0.00492679]],0.0,0.0,0.0
2014-04-11 12:10:00,0.0,0,0.000143908313476,0.000143908313476,[[ 0.02042095  0.00206059  0.00780327  0.00047009 -0.01540028]],0.0,0.0,0.0
2014-04-11 12:15:00,0.0,0,0.000158002658281,0.000158002658281,[[ 0.0228389   0.006741    0.01171435  0.00742594 -0.0055305 ]],0.0,0.0,0.0
2014-04-11 12:20:00,0.0,0,0.000227219818044,0.000227219818044,[[ 0.02495214  0.01108831  0.01493079  0.01276369  0.00216772]],0.0,0.0,0.0
2014-04-11 12:25:00,0.0,0,0.00031091258279,0.00031091258279,[[ 0.02647106  0.01460162  0.01729283  0.01670179  0.00791498]],0.0,0.0,0.0
2014-04-11 12:30:00,0.0,0,0.000392724847188,0.000392724847188,[[ 0.02758227  0.01737797  0.01906611  0.0196593   0.01228187]],0.0,0.0,0.0
2014-04-11 12:35:00,0.0,0,0.000457159418147,0.000457159418147,[[ 0.02790143  0.01912508  0.02012716  0.02193743  0.01597451]],0.0,0.0,0.0
2014-04-11 12:40:00,0.0,0,0.000866213464178,0.000866213464178,[[ 0.02702427  0.02692803  0.02518167  0.03160192  0.03525392]],0.0,0.0,0.0
2014-04-11 12:45:00,0.0,0,0.000861447595526,0.000861447595526,[[ 0.02687319  0.02675548  0.025047    0.0315572   0.03529879]],0.0,0.0,0.0
2014-04-11 12:50:00,0.0,0,0.000848834984936,0.000848834984936,[[ 0.02666686  0.0264037   0.02478505  0.03137635  0.03517277]],0.0,0.0,0.0
2014-04-11 12:55:00,0.0,0,0.000829499098472,0.000829499098472,[[ 0.02642213  0.02589955  0.02441733  0.03107288  0.03488337]],0.0,0.0,0.0
2014-04-11 13:00:00,0.0,0,0.000804866664112,0.000804866664112,[[ 0.02616476  0.025283    0.02397193  0.03066127  0.0344346 ]],0.0,0.0,0.0
2014-04-11 13:05:00,0.0,0,0.000778392131906,0.000778392131906,[[ 0.02596062  0.02465487  0.02352747  0.03018228  0.03384719]],0.0,0.0,0.0
2014-04-11 13:10:00,0.0,0,0.000762558076531,0.000762558076531,[[ 0.02573207  0.02430528  0.02329623  0.02990999  0.03350497]],0.0,0.0,0.0
2014-04-11 13:15:00,0.0,0,0.000746182515286,0.000746182515286,[[ 0.02543227  0.02395565  0.02304558  0.02964212  0.03317356]],0.0,0.0,0.0
2014-04-11 13:20:00,0.0,0,0.000728297745809,0.000728297745809,[[ 0.02510215  0.02356696  0.02277033  0.02935319  0.03280048]],0.0,0.0,0.0
2014-04-11 13:25:00,0.0,0,0.000709187355824,0.000709187355824,[[ 0.02474555  0.02314441  0.02247366  0.02904586  0.03239141]],0.0,0.0,0.0
2014-04-11 13:30:00,0.0,0,0.000689037435222,0.000689037435222,[[ 0.02436635  0.02269224  0.02215846  0.02872172  0.03194677]],0.0,0.0,0.0
2014-04-11 13:35:00,0.0,0,0.000668073538691,0.000668073538691,[[ 0.02396941  0.02221654  0.02182867  0.02838268  0.03146733]],0.0,0.0,0.0
2014-04-11 13:40:00,0.0,0,0.000646526517812,0.000646526517812,[[ 0.02355999  0.02172394  0.02148852  0.0280307   0.03095405]],0.0,0.0,0.0
2014-04-11 13:45:00,0.0,0,0.000624776643235,0.000624776643235,[[ 0.02314962  0.02123065  0.02114797  0.0276696   0.03040385]],0.0,0.0,0.0
2014-04-11 13:50:00,0.0,0,0.000604057917371,0.000604057917371,[[ 0.02276353  0.02078155  0.02083013  0.02731588  0.029836  ]],0.0,0.0,0.0
2014-04-11 13:55:00,0.0,0,0.000584135414101,0.000584135414101,[[ 0.02238843  0.02035651  0.02052148  0.02696604  0.02927027]],0.0,0.0,0.0
2014-04-11 14:00:00,0.0,0,0.000564223271795,0.000564223271795,[[ 0.02200761  0.01992325  0.02020591  0.02660845  0.02869768]],0.0,0.0,0.0
2014-04-11 14:05:00,0.0,0,0.000544403388631,0.000544403388631,[[ 0.02162194  0.01948337  0.01988465  0.02624484  0.02811967]],0.0,0.0,0.0
2014-04-11 14:10:00,0.0,0,0.000524763250723,0.000524763250723,[[ 0.02123271  0.01903875  0.01955893  0.02587648  0.02753852]],0.0,0.0,0.0
2014-04-11 14:15:00,0.0,0,0.000505362928379,0.000505362928379,[[ 0.02084091  0.01859067  0.01922967  0.02550433  0.02695565]],0.0,0.0,0.0
2014-04-11 14:20:00,0.0,0,0.000486221106257,0.000486221106257,[[ 0.02044719  0.01813944  0.01889739  0.02512864  0.02637078]],0.0,0.0,0.0
2014-04-11 14:25:00,0.0,0,0.00046740489779,0.00046740489779,[[ 0.02005216  0.01768673  0.0185632   0.0247512   0.02578566]],0.0,0.0,0.0
2014-04-11 14:30:00,0.0,0,0.000448962848168,0.000448962848168,[[ 0.01965669  0.01723374  0.01822787  0.02437285  0.02520191]],0.0,0.0,0.0
2014-04-11 14:35:00,0.0,0,0.000430923129898,0.000430923129898,[[ 0.01926147  0.01678129  0.01789202  0.02399405  0.02462033]],0.0,0.0,0.0
2014-04-11 14:40:00,0.0,0,0.000413262838265,0.000413262838265,[[ 0.01886632  0.01632892  0.01755589  0.02361512  0.02403871]],0.0,0.0,0.0
2014-04-11 14:45:00,0.0,0,0.000396056100726,0.000396056100726,[[ 0.01847224  0.01587866  0.01722045  0.0232375   0.0234606 ]],0.0,0.0,0.0
2014-04-11 14:50:00,0.0,0,0.000379317731131,0.000379317731131,[[ 0.01807982  0.01543108  0.01688614  0.02286152  0.02288667]],0.0,0.0,0.0
2014-04-11 14:55:00,0.0,0,0.000363008584827,0.000363008584827,[[ 0.01768926  0.01498546  0.01655294  0.02248627  0.02231451]],0.0,0.0,0.0
2014-04-11 15:00:00,0.0,0,0.000347177643562,0.000347177643562,[[ 0.01730061  0.0145433   0.01622171  0.0221139   0.02174629]],0.0,0.0,0.0
2014-04-11 15:05:00,0.0,0,0.000331839488354,0.000331839488354,[[ 0.01691444  0.01410531  0.01589284  0.02174472  0.0211831 ]],0.0,0.0,0.0
2014-04-11 15:10:00,0.0,0,0.000316924211802,0.000316924211802,[[ 0.01653041  0.01367002  0.01556627  0.02137769  0.02061995]],0.0,0.0,0.0
2014-04-11 15:15:00,0.0,0,0.000302510394249,0.000302510394249,[[ 0.01614906  0.0132397   0.01524276  0.02101508  0.02006228]],0.0,0.0,0.0
2014-04-11 15:20:00,0.0,0,0.000288518553134,0.000288518553134,[[ 0.01577131  0.01281283  0.0149221   0.02065375  0.01950495]],0.0,0.0,0.0
2014-04-11 15:25:00,0.0,0,0.000274991529295,0.000274991529295,[[ 0.0153966   0.0123907   0.01460491  0.02029639  0.01895062]],0.0,0.0,0.0
2014-04-11 15:30:00,0.0,0,0.000261866400251,0.000261866400251,[[ 0.01502533  0.0119722   0.01429129  0.01994106  0.01839432]],0.0,0.0,0.0
2014-04-11 15:35:00,0.0,0,0.000249140925007,0.000249140925007,[[ 0.01465963  0.01155802  0.01398164  0.01958554  0.01783627]],0.0,0.0,0.0
2014-04-11 15:40:00,0.0,0,0.000236829466303,0.000236829466303,[[ 0.01430312  0.01114963  0.01367661  0.01922644  0.01727855]],0.0,0.0,0.0
2014-04-11 15:45:00,0.0,0,0.000225197436521,0.000225197436521,[[ 0.01396581  0.01075493  0.01337589  0.01885965  0.01675332]],0.0,0.0,0.0
2014-04-11 15:50:00,0.0,0,0.00021448363259,0.00021448363259,[[ 0.01364803  0.01037861  0.01307703  0.01849161  0.01629373]],0.0,0.0,0.0
2014-04-11 15:55:00,0.0,0,0.000204218318686,0.000204218318686,[[ 0.01333535  0.01000958  0.0127826   0.01812882  0.01584358]],0.0,0.0,0.0
2014-04-11 16:00:00,0.0,0,0.000194388572709,0.000194388572709,[[ 0.01302782  0.00964791  0.01249272  0.01777136  0.01540284]],0.0,0.0,0.0
2014-04-11 16:05:00,0.0,0,0.000184981370694,0.000184981370694,[[ 0.0127255   0.00929363  0.01220741  0.01741929  0.01497145]],0.0,0.0,0.0
2014-04-11 16:10:00,0.0,0,0.000175983470399,0.000175983470399,[[ 0.0124284   0.00894681  0.01192679  0.01707267  0.01454931]],0.0,0.0,0.0
2014-04-11 16:15:00,0.0,0,0.000167382211657,0.000167382211657,[[ 0.01213659  0.00860749  0.01165088  0.01673155  0.01413639]],0.0,0.0,0.0
2014-04-11 16:20:00,0.0,0,0.000159163813805,0.000159163813805,[[ 0.01185005  0.0082757   0.01137975  0.01639592  0.01373257]],0.0,0.0,0.0
2014-04-11 16:25:00,0.0,0,0.000151315660332,0.000151315660332,[[ 0.01156881  0.00795139  0.01111341  0.01606585  0.01333779]],0.0,0.0,0.0
2014-04-11 16:30:00,0.0,0,0.000143824363477,0.000143824363477,[[ 0.01129286  0.00763458  0.01085189  0.01574133  0.01295196]],0.0,0.0,0.0
2014-04-11 16:35:00,0.0,0,0.000136676899274,0.000136676899274,[[ 0.01102221  0.00732525  0.0105952   0.01542234  0.01257494]],0.0,0.0,0.0
2014-04-11 16:40:00,0.0,0,0.000129860578454,0.000129860578454,[[ 0.01075682  0.00702335  0.01034336  0.0151089   0.01220665]],0.0,0.0,0.0
2014-04-11 16:45:00,0.0,0,0.000123362915474,0.000123362915474,[[ 0.0104967   0.00672887  0.01009634  0.01480097  0.011847  ]],0.0,0.0,0.0
2014-04-11 16:50:00,0.0,0,0.000117171133752,0.000117171133752,[[ 0.01024181  0.0064417   0.00985415  0.01449853  0.01149582]],0.0,0.0,0.0
2014-04-11 16:55:00,0.0,0,0.000111273591756,0.000111273591756,[[ 0.00999212  0.00616186  0.00961678  0.01420157  0.01115303]],0.0,0.0,0.0
2014-04-11 17:00:00,0.0,0,0.000105658298708,0.000105658298708,[[ 0.00974761  0.00588923  0.00938418  0.01391005  0.01081852]],0.0,0.0,0.0
2014-04-11 17:05:00,0.0,0,0.000100313554867,0.000100313554867,[[ 0.00950822  0.00562377  0.00915636  0.01362391  0.01049214]],0.0,0.0,0.0
2014-04-11 17:10:00,0.0,0,9.52282862272e-05,9.52282862272e-05,[[ 0.00927392  0.00536539  0.00893327  0.01334314  0.01017378]],0.0,0.0,0.0
2014-04-11 17:15:00,0.0,0,9.03914915398e-05,9.03914915398e-05,[[ 0.00904467  0.00511404  0.00871487  0.01306767  0.00986332]],0.0,0.0,0.0
2014-04-11 17:20:00,0.0,0,8.57923150761e-05,8.57923150761e-05,[[ 0.00882041  0.00486957  0.00850114  0.01279745  0.0095606 ]],0.0,0.0,0.0
2014-04-11 17:25:00,0.0,0,8.14205850475e-05,8.14205850475e-05,[[ 0.00860109  0.00463194  0.00829201  0.01253244  0.00926552]],0.0,0.0,0.0
2014-04-11 17:30:00,0.0,0,7.72660205257e-05,7.72660205257e-05,[[ 0.00838662  0.00440104  0.00808744  0.01227257  0.00897791]],0.0,0.0,0.0
2014-04-11 17:35:00,0.0,0,7.33196357032e-05,7.33196357032e-05,[[ 0.00817702  0.0041768   0.00788742  0.01201779  0.00869771]],0.0,0.0,0.0
2014-04-11 17:40:00,0.0,0,6.95715280017e-05,6.95715280017e-05,[[ 0.00797218  0.00395909  0.00769183  0.01176805  0.00842474]],0.0,0.0,0.0
2014-04-11 17:45:00,0.0,0,6.60123478156e-05,6.60123478156e-05,[[ 0.00777201  0.00374778  0.00750066  0.01152325  0.00815883]],0.0,0.0,0.0
2014-04-11 17:50:00,0.0,0,6.26339242444e-05,6.26339242444e-05,[[ 0.00757647  0.0035428   0.00731385  0.01128337  0.0078999 ]],0.0,0.0,0.0
2014-04-11 17:55:00,0.0,0,5.94279954385e-05,5.94279954385e-05,[[ 0.00738552  0.00334409  0.00713133  0.01104833  0.00764785]],0.0,0.0,0.0
2014-04-11 18:00:00,0.0,0,5.63858011446e-05,5.63858011446e-05,[[ 0.00719906  0.00315145  0.00695305  0.01081802  0.00740246]],0.0,0.0,0.0
2014-04-11 18:05:00,0.0,0,5.35000981472e-05,5.35000981472e-05,[[ 0.00701704  0.00296482  0.00677893  0.01059242  0.00716367]],0.0,0.0,0.0
2014-04-11 18:10:00,0.0,0,5.07632794324e-05,5.07632794324e-05,[[ 0.00683939  0.0027841   0.00660893  0.01037145  0.0069313 ]],0.0,0.0,0.0
2014-04-11 18:15:00,0.0,0,4.81680799567e-05,4.81680799567e-05,[[ 0.006666    0.00260913  0.00644297  0.01015504  0.00670525]],0.0,0.0,0.0
2014-04-11 18:20:00,1.0,0,4.57076457678e-05,4.57076457678e-05,[[ 0.00649685  0.00243984  0.00628098  0.00994311  0.00648538]],0.0,0.0,0.0
2014-04-11 18:25:00,0.0,0,0.197534769773,0.197534769773,[[ 0.00633183  0.00227607  0.00612291  0.00973559  0.00627156]],0.0,0.0,0.0
2014-04-11 18:30:00,0.0,0,0.196072995663,0.196072995663,[[ 0.00600017  0.00224864  0.00592048  0.00993694  0.00799775]],0.0,0.0,0.0
2014-04-11 18:35:00,0.0,0,0.197768777609,0.197768777609,[[ 0.00561435  0.00231481  0.00572831  0.01149344  0.00993402]],0.0,0.0,0.0
2014-04-11 18:40:00,0.0,0,0.198984712362,0.198984712362,[[ 0.00562292  0.00273202  0.00696103  0.01287116  0.01159661]],0.0,0.0,0.0
2014-04-11 18:45:00,0.0,0,0.19768448174,0.19768448174,[[ 0.00604098  0.00473431  0.00841509  0.01417825  0.01317661]],0.0,0.0,0.0
2014-04-11 18:50:00,1.0,0,0.0350805595517,0.0350805595517,[[ 0.02934305  0.02753147  0.12400248  0.23946111  0.31790808]],0.0,0.0,0.0
2014-04-11 18:55:00,0.0,0,0.1174364537,0.1174364537,[[ 0.08106002  0.12180222  0.15294155  0.22279063  0.29803917]],0.0,0.0,0.0
2014-04-11 19:00:00,0.0,0,0.156178742647,0.156178742647,[[ 0.13619427  0.18604474  0.18528834  0.20154539  0.23636967]],0.0,0.0,0.0
2014-04-11 19:05:00,0.0,0,0.156083077192,0.156083077192,[[ 0.16241245  0.20775193  0.18850684  0.16523831  0.15827799]],0.0,0.0,0.0
2014-04-11 19:10:00,0.0,0,0.14325197041,0.14325197041,[[ 0.1729262   0.20493026  0.17902735  0.12244963  0.08470989]],0.0,0.0,0.0
2014-04-11 19:15:00,0.0,0,0.15350535512,0.15350535512,[[ 0.16009149  0.17922185  0.15236804  0.07814931  0.02523313]],0.0,0.0,0.0
2014-04-11 19:20:00,0.0,0,0.0017975482624,0.0017975482624,[[-0.00830174 -0.03809491 -0.01053706  0.02476326  0.08211792]],0.0,0.0,0.0
2014-04-11 19:25:00,0.0,0,0.00234281271696,0.00234281271696,[[ 0.04086771  0.05574583  0.0403474   0.04092644  0.06027777]],0.0,0.0,0.0
2014-04-11 19:30:00,0.0,0,0.00244328938425,0.00244328938425,[[ 0.06259273  0.07303041  0.04840102  0.01904778  0.01611456]],0.0,0.0,0.0
2014-04-11 19:35:00,0.0,0,0.00162248243578,0.00162248243578,[[ 0.05596428  0.05886009  0.03641438 -0.00117746 -0.01372977]],0.0,0.0,0.0
2014-04-11 19:40:00,0.0,0,0.000906506436877,0.000906506436877,[[ 0.04030476  0.03627767  0.01965056 -0.01551855 -0.03106477]],0.0,0.0,0.0
2014-04-11 19:45:00,0.0,0,0.000574447505642,0.000574447505642,[[ 0.02422883  0.01514652  0.00461493 -0.02338695 -0.0385686 ]],0.0,0.0,0.0
2014-04-11 19:50:00,0.0,0,0.000470240134746,0.000470240134746,[[ 0.01178403 -0.00048099 -0.00590712 -0.02553721 -0.03905205]],0.0,0.0,0.0
2014-04-11 19:55:00,0.0,0,0.000402476172894,0.000402476172894,[[ 0.00445501 -0.00962026 -0.01119753 -0.02329612 -0.0350983 ]],0.0,0.0,0.0
2014-04-11 20:00:00,0.0,0,0.000291129166726,0.000291129166726,[[ 0.00131553 -0.01298143 -0.01235019 -0.01847455 -0.0281347 ]],0.0,0.0,0.0
2014-04-11 20:05:00,0.0,0,0.000171202700585,0.000171202700585,[[ 0.00090361 -0.01271614 -0.01098756 -0.01274125 -0.02025909]],0.0,0.0,0.0
2014-04-11 20:10:00,0.0,0,7.86906311987e-05,7.86906311987e-05,[[ 0.00208585 -0.0104422  -0.0083404  -0.00707402 -0.01266724]],0.0,0.0,0.0
2014-04-11 20:15:00,0.0,0,2.78584666376e-05,2.78584666376e-05,[[ 0.0039226  -0.00739521 -0.00536624 -0.00206849 -0.00601176]],0.0,0.0,0.0
2014-04-11 20:20:00,0.0,0,1.27821303977e-05,1.27821303977e-05,[[ 0.00593359 -0.00420599 -0.002495    0.00214652 -0.00042458]],0.0,0.0,0.0
2014-04-11 20:25:00,0.0,0,2.50117700489e-05,2.50117700489e-05,[[ 0.00830261 -0.0007222   0.00056809  0.00591622  0.00450327]],0.0,0.0,0.0
2014-04-11 20:30:00,0.0,0,0.000133407957037,0.000133407957037,[[ 0.00318377 -0.01371148 -0.00957553 -0.00848725 -0.01746924]],0.0,0.0,0.0
2014-04-11 20:35:00,0.0,0,4.19392199547e-05,4.19392199547e-05,[[ 0.00548575 -0.00882366 -0.00530086 -0.00194716 -0.00835793]],0.0,0.0,0.0
2014-04-11 20:40:00,0.0,0,1.96037526621e-05,1.96037526621e-05,[[ 0.0083293  -0.0037618  -0.00096855  0.00357612 -0.00087385]],0.0,0.0,0.0
2014-04-11 20:45:00,0.0,0,4.21645017923e-05,4.21645017923e-05,[[ 0.01087709  0.00061736  0.0026466   0.00776457  0.0049837 ]],0.0,0.0,0.0
2014-04-11 20:50:00,0.0,0,8.39755157358e-05,8.39755157358e-05,[[ 0.01293877  0.0041914   0.00546648  0.01084392  0.00935014]],0.0,0.0,0.0
2014-04-11 20:55:00,0.0,0,0.000136113929329,0.000136113929329,[[ 0.01489045  0.00745411  0.00799312  0.01333959  0.01270613]],0.0,0.0,0.0
2014-04-11 21:00:00,0.0,0,0.0005701322807,0.0005701322807,[[ 0.02211512  0.02201444  0.02127033  0.0246974   0.02854048]],0.0,0.0,0.0
2014-04-11 21:05:00,0.0,0,0.000567098264582,0.000567098264582,[[ 0.0220428   0.02192504  0.02113228  0.02460061  0.02858559]],0.0,0.0,0.0
2014-04-11 21:10:00,0.0,0,0.00055712624453,0.00055712624453,[[ 0.02187303  0.02163445  0.02079605  0.02434973  0.0285266 ]],0.0,0.0,0.0
2014-04-11 21:15:00,0.0,0,0.00054099119734,0.00054099119734,[[ 0.02163805  0.02117344  0.02028115  0.02394662  0.02834909]],0.0,0.0,0.0
2014-04-11 21:20:00,0.0,0,0.000519764027558,0.000519764027558,[[ 0.02136803  0.02057526  0.01960939  0.02339894  0.02805081]],0.0,0.0,0.0
2014-04-11 21:25:00,0.0,0,0.0004990354646,0.0004990354646,[[ 0.02123038  0.02004752  0.01892339  0.0227766   0.02767088]],0.0,0.0,0.0
2014-04-11 21:30:00,0.0,0,0.000490740756504,0.000490740756504,[[ 0.02110064  0.0198564   0.01876018  0.02255777  0.027448  ]],0.0,0.0,0.0
2014-04-11 21:35:00,0.0,0,0.000481315277284,0.000481315277284,[[ 0.02092216  0.01962705  0.0185923   0.02233818  0.02718364]],0.0,0.0,0.0
2014-04-11 21:40:00,0.0,0,0.000470893399324,0.000470893399324,[[ 0.02071983  0.01937116  0.01840624  0.02210375  0.02688026]],0.0,0.0,0.0
2014-04-11 21:45:00,0.0,0,0.000459991628304,0.000459991628304,[[ 0.02050495  0.01910701  0.01821164  0.02186149  0.0265488 ]],0.0,0.0,0.0
2014-04-11 21:50:00,0.0,0,0.000448699865956,0.000448699865956,[[ 0.02027699  0.01883281  0.01800696  0.02161151  0.02619848]],0.0,0.0,0.0
2014-04-11 21:55:00,0.0,0,0.000436852627899,0.000436852627899,[[ 0.02003175  0.01853871  0.01778773  0.02135029  0.0258277 ]],0.0,0.0,0.0
2014-04-11 22:00:00,0.0,0,0.000424565689173,0.000424565689173,[[ 0.01977134  0.0182272   0.01755576  0.02107929  0.02543916]],0.0,0.0,0.0
2014-04-11 22:05:00,0.0,0,0.000411945220549,0.000411945220549,[[ 0.0194977   0.01790064  0.01731265  0.02079986  0.02503539]],0.0,0.0,0.0
2014-04-11 22:10:00,0.0,0,0.000399084703531,0.000399084703531,[[ 0.0192126   0.0175611   0.01705988  0.0205132   0.02461861]],0.0,0.0,0.0
2014-04-11 22:15:00,0.0,0,0.000386068277294,0.000386068277294,[[ 0.01891764  0.01721045  0.01679881  0.02022041  0.0241909 ]],0.0,0.0,0.0
2014-04-11 22:20:00,0.0,0,0.000372972717742,0.000372972717742,[[ 0.01861431  0.01685053  0.01653067  0.01992252  0.02375417]],0.0,0.0,0.0
2014-04-11 22:25:00,0.0,0,0.000359863974154,0.000359863974154,[[ 0.01830397  0.0164829   0.01625659  0.01962044  0.02331009]],0.0,0.0,0.0
2014-04-11 22:30:00,0.0,0,0.000346802466083,0.000346802466083,[[ 0.01798786  0.01610906  0.01597763  0.01931502  0.0228603 ]],0.0,0.0,0.0
2014-04-11 22:35:00,0.0,0,0.000333838863298,0.000333838863298,[[ 0.01766711  0.01573029  0.01569471  0.019007    0.02240615]],0.0,0.0,0.0
2014-04-11 22:40:00,0.0,0,0.00032101906254,0.00032101906254,[[ 0.01734274  0.01534789  0.0154087   0.01869709  0.02194898]],0.0,0.0,0.0
2014-04-11 22:45:00,0.0,0,0.000308382499497,0.000308382499497,[[ 0.01701572  0.01496294  0.01512039  0.01838594  0.02148998]],0.0,0.0,0.0
2014-04-11 22:50:00,0.0,0,0.000295962323435,0.000295962323435,[[ 0.01668689  0.01457646  0.01483051  0.0180741   0.02103019]],0.0,0.0,0.0
2014-04-11 22:55:00,0.0,0,0.000283787900116,0.000283787900116,[[ 0.01635704  0.01418944  0.01453972  0.01776213  0.02057061]],0.0,0.0,0.0
2014-04-11 23:00:00,0.0,0,0.00027188155218,0.00027188155218,[[ 0.01602685  0.01380263  0.01424856  0.01745047  0.02011206]],0.0,0.0,0.0
2014-04-11 23:05:00,0.0,0,0.000260262662778,0.000260262662778,[[ 0.0156969   0.0134168   0.01395761  0.01713964  0.01965524]],0.0,0.0,0.0
2014-04-11 23:10:00,0.0,0,0.000248948286753,0.000248948286753,[[ 0.0153678   0.01303264  0.01366736  0.01683003  0.01920093]],0.0,0.0,0.0
2014-04-11 23:15:00,0.0,0,0.000237951942836,0.000237951942836,[[ 0.01504009  0.01265088  0.01337829  0.01652201  0.01874981]],0.0,0.0,0.0
2014-04-11 23:20:00,0.0,0,0.000227282595006,0.000227282595006,[[ 0.01471426  0.01227199  0.0130908   0.01621586  0.01830242]],0.0,0.0,0.0
2014-04-11 23:25:00,0.0,0,0.000216948028537,0.000216948028537,[[ 0.01439077  0.01189659  0.01280523  0.0159119   0.0178593 ]],0.0,0.0,0.0
2014-04-11 23:30:00,0.0,0,0.000206950280699,0.000206950280699,[[ 0.01406994  0.01152496  0.01252189  0.01561031  0.01742079]],0.0,0.0,0.0
2014-04-11 23:35:00,0.0,0,0.000197292858502,0.000197292858502,[[ 0.01375204  0.01115759  0.0122411   0.01531149  0.01698728]],0.0,0.0,0.0
2014-04-11 23:40:00,0.0,0,0.00018797859957,0.00018797859957,[[ 0.01343748  0.01079495  0.01196316  0.01501567  0.01655925]],0.0,0.0,0.0
2014-04-11 23:45:00,0.0,0,0.000179004768142,0.000179004768142,[[ 0.01312649  0.01043727  0.01168829  0.01472297  0.01613694]],0.0,0.0,0.0
2014-04-11 23:50:00,0.0,0,0.000170369778061,0.000170369778061,[[ 0.01281933  0.01008489  0.01141673  0.01443356  0.01572067]],0.0,0.0,0.0
2014-04-11 23:55:00,0.0,0,0.000162064359756,0.000162064359756,[[ 0.01251409  0.00973919  0.01114766  0.01414745  0.01531166]],0.0,0.0,0.0
2014-04-12 00:00:00,0.0,0,0.000154087101691,0.000154087101691,[[ 0.01221195  0.00939955  0.01088171  0.01386512  0.0149097 ]],0.0,0.0,0.0
2014-04-12 00:05:00,0.0,0,0.000146432896145,0.000146432896145,[[ 0.01191331  0.00906601  0.01061915  0.01358667  0.01451486]],0.0,0.0,0.0
2014-04-12 00:10:00,0.0,0,0.000139096286148,0.000139096286148,[[ 0.01161851  0.00873877  0.01036017  0.01331216  0.01412724]],0.0,0.0,0.0
2014-04-12 00:15:00,0.0,0,0.000132084765937,0.000132084765937,[[ 0.01132595  0.00842078  0.01010431  0.01304209  0.01374933]],0.0,0.0,0.0
2014-04-12 00:20:00,0.0,0,0.000125375852804,0.000125375852804,[[ 0.01103916  0.00810869  0.00985298  0.01277571  0.0133778 ]],0.0,0.0,0.0
2014-04-12 00:25:00,0.0,0,0.000118962474517,0.000118962474517,[[ 0.01075819  0.00780267  0.00960623  0.01251312  0.01301285]],0.0,0.0,0.0
2014-04-12 00:30:00,0.0,0,0.000112836212793,0.000112836212793,[[ 0.010483    0.00750287  0.00936408  0.01225438  0.01265461]],0.0,0.0,0.0
2014-04-12 00:35:00,0.0,0,0.000106985797174,0.000106985797174,[[ 0.01021346  0.00720921  0.00912646  0.01199946  0.01230293]],0.0,0.0,0.0
2014-04-12 00:40:00,0.0,0,0.000101411460491,0.000101411460491,[[ 0.00994954  0.00692277  0.00889359  0.01174883  0.01195861]],0.0,0.0,0.0
2014-04-12 00:45:00,0.0,0,9.60964243859e-05,9.60964243859e-05,[[ 0.0096938   0.00664137  0.00866644  0.01150165  0.01161936]],0.0,0.0,0.0
2014-04-12 00:50:00,0.0,0,9.10265371203e-05,9.10265371203e-05,[[ 0.00944587  0.00636445  0.00844475  0.01125786  0.01128489]],0.0,0.0,0.0
2014-04-12 00:55:00,0.0,0,8.61956068547e-05,8.61956068547e-05,[[ 0.00920547  0.00609242  0.00822842  0.01101759  0.01095562]],0.0,0.0,0.0
2014-04-12 01:00:00,0.0,0,8.16064202809e-05,8.16064202809e-05,[[ 0.00896977  0.00582834  0.00801651  0.01078185  0.01063452]],0.0,0.0,0.0
2014-04-12 01:05:00,0.0,0,7.72428902565e-05,7.72428902565e-05,[[ 0.00873882  0.00557115  0.0078089   0.0105504   0.01032085]],0.0,0.0,0.0
2014-04-12 01:10:00,0.0,0,7.30959000066e-05,7.30959000066e-05,[[ 0.00851258  0.00532077  0.00760555  0.01032321  0.01001458]],0.0,0.0,0.0
2014-04-12 01:15:00,0.0,0,6.91564127919e-05,6.91564127919e-05,[[ 0.00829105  0.00507712  0.00740646  0.01010025  0.00971559]],0.0,0.0,0.0
2014-04-12 01:20:00,0.0,0,6.5416614234e-05,6.5416614234e-05,[[ 0.00807425  0.00484023  0.0072116   0.0098815   0.00942392]],0.0,0.0,0.0
2014-04-12 01:25:00,0.0,0,6.18674312136e-05,6.18674312136e-05,[[ 0.00786212  0.00460996  0.00702096  0.00966693  0.00913943]],0.0,0.0,0.0
2014-04-12 01:30:00,0.0,0,5.85011512158e-05,5.85011512158e-05,[[ 0.00765467  0.00438631  0.00683451  0.0094565   0.00886206]],0.0,0.0,0.0
2014-04-12 01:35:00,0.0,0,5.53090467292e-05,5.53090467292e-05,[[ 0.0074518   0.00416911  0.00665219  0.00925016  0.0085917 ]],0.0,0.0,0.0
2014-04-12 01:40:00,0.0,0,5.22839909536e-05,5.22839909536e-05,[[ 0.00725354  0.00395837  0.006474    0.00904788  0.0083283 ]],0.0,0.0,0.0
2014-04-12 01:45:00,0.0,0,4.94182349939e-05,4.94182349939e-05,[[ 0.00705983  0.00375396  0.0062999   0.00884963  0.00807175]],0.0,0.0,0.0
2014-04-12 01:50:00,0.0,0,4.67043500976e-05,4.67043500976e-05,[[ 0.00687061  0.00355577  0.00612981  0.00865535  0.00782198]],0.0,0.0,0.0
2014-04-12 01:55:00,0.0,0,4.41349002358e-05,4.41349002358e-05,[[ 0.00668582  0.00336372  0.00596369  0.00846498  0.00757879]],0.0,0.0,0.0
2014-04-12 02:00:00,0.0,0,4.17035189457e-05,4.17035189457e-05,[[ 0.00650544  0.00317773  0.00580152  0.0082785   0.00734217]],0.0,0.0,0.0
2014-04-12 02:05:00,0.0,0,3.94034250348e-05,3.94034250348e-05,[[ 0.0063294   0.0029977   0.00564325  0.00809586  0.00711199]],0.0,0.0,0.0
2014-04-12 02:10:00,0.0,0,3.7227942812e-05,3.7227942812e-05,[[ 0.00615762  0.00282349  0.00548878  0.00791699  0.0068881 ]],0.0,0.0,0.0
2014-04-12 02:15:00,0.0,0,3.51710841642e-05,3.51710841642e-05,[[ 0.00599007  0.00265503  0.00533809  0.00774183  0.00667039]],0.0,0.0,0.0
2014-04-12 02:20:00,0.0,0,3.32271119987e-05,3.32271119987e-05,[[ 0.00582668  0.00249217  0.00519113  0.00757036  0.0064588 ]],0.0,0.0,0.0
2014-04-12 02:25:00,0.0,0,3.13898635795e-05,3.13898635795e-05,[[ 0.00566734  0.00233481  0.00504781  0.00740249  0.00625315]],0.0,0.0,0.0
2014-04-12 02:30:00,0.0,0,2.96544985758e-05,2.96544985758e-05,[[ 0.00551204  0.00218295  0.00490811  0.00723821  0.00605339]],0.0,0.0,0.0
2014-04-12 02:35:00,0.0,0,2.80171916529e-05,2.80171916529e-05,[[ 0.00536195  0.00203611  0.00477252  0.00707722  0.00585882]],0.0,0.0,0.0
2014-04-12 02:40:00,1.0,0,2.64702593995e-05,2.64702593995e-05,[[ 0.00521684  0.00189362  0.00464082  0.00691932  0.00566885]],0.0,0.0,0.0
2014-04-12 02:45:00,0.0,0,0.1978315413,0.1978315413,[[ 0.00507648  0.00175546  0.00451291  0.00676458  0.00548362]],0.0,0.0,0.0
2014-04-12 02:50:00,0.0,0,0.197226151824,0.197226151824,[[ 0.0046054   0.00219923  0.00425632  0.00701154  0.00777704]],0.0,0.0,0.0
2014-04-12 02:55:00,0.0,0,0.198382183909,0.198382183909,[[ 0.00400233  0.00318239  0.00415966  0.00895296  0.01032917]],0.0,0.0,0.0
2014-04-12 03:00:00,0.0,0,0.198239669204,0.198239669204,[[ 0.00388909  0.0045706   0.00557744  0.01073252  0.01253887]],0.0,0.0,0.0
2014-04-12 03:05:00,0.0,0,0.198343321681,0.198343321681,[[ 0.00441092  0.00848857  0.0075613   0.01281278  0.01502139]],0.0,0.0,0.0
2014-04-12 03:10:00,1.0,0,0.0332463979721,0.0332463979721,[[ 0.00979158  0.01426937  0.11023678  0.23056251  0.31720859]],0.0,0.0,0.0
2014-04-12 03:15:00,0.0,0,0.113180138171,0.113180138171,[[ 0.06857279  0.12179996  0.15052542  0.2268008   0.31278339]],0.0,0.0,0.0
2014-04-12 03:20:00,0.0,0,0.156412348151,0.156412348151,[[ 0.13968609  0.20105205  0.19562966  0.21207631  0.25106359]],0.0,0.0,0.0
2014-04-12 03:25:00,0.0,0,0.155317991972,0.155317991972,[[ 0.17846631  0.23339142  0.20519991  0.17568624  0.16641897]],0.0,0.0,0.0
2014-04-12 03:30:00,0.0,0,0.13777564466,0.13777564466,[[ 0.19307497  0.23106319  0.19373778  0.12620392  0.0829142 ]],0.0,0.0,0.0
2014-04-12 03:35:00,0.0,0,0.149927839637,0.149927839637,[[ 0.17596731  0.19837739  0.15964895  0.07423843  0.01601962]],0.0,0.0,0.0
2014-04-12 03:40:00,0.0,0,0.00153817655519,0.00153817655519,"[[ -7.52355158e-03  -5.63091487e-02  -2.73159817e-02   4.62234020e-05
    6.09704331e-02]]",0.0,0.0,0.0
2014-04-12 03:45:00,0.0,0,0.00108173128683,0.00108173128683,[[ 0.02365785  0.03682576  0.01418664  0.02277265  0.05265901]],0.0,0.0,0.0
2014-04-12 03:50:00,0.0,0,0.00114652211778,0.00114652211778,[[ 0.04542619  0.05596258  0.02165407  0.00079789  0.00822962]],0.0,0.0,0.0
2014-04-12 03:55:00,0.0,0,0.000772685743868,0.000772685743868,[[ 0.03615907  0.04006104  0.00706629 -0.02044609 -0.02197926]],0.0,0.0,0.0
2014-04-12 04:00:00,0.0,0,0.000665655825287,0.000665655825287,[[ 0.01654325  0.01459451 -0.01263937 -0.03496926 -0.03819682]],0.0,0.0,0.0
2014-04-12 04:05:00,0.0,0,0.000886581081431,0.000886581081431,[[-0.00236662 -0.00795455 -0.0287818  -0.04116969 -0.04290331]],0.0,0.0,0.0
2014-04-12 04:10:00,0.0,0,0.00103500694968,0.00103500694968,[[-0.01445523 -0.02190213 -0.03692646 -0.03949153 -0.03953775]],0.0,0.0,0.0
2014-04-12 04:15:00,0.0,0,0.000867439899594,0.000867439899594,[[-0.01760294 -0.02624209 -0.03619377 -0.03188566 -0.03181201]],0.0,0.0,0.0
2014-04-12 04:20:00,0.0,0,0.000496819149703,0.000496819149703,[[-0.01303701 -0.02299264 -0.02859459 -0.02113142 -0.02283163]],0.0,0.0,0.0
2014-04-12 04:25:00,0.0,0,0.000183047523024,0.000183047523024,[[-0.00557367 -0.01569237 -0.01874671 -0.01051176 -0.01326594]],0.0,0.0,0.0
2014-04-12 04:30:00,0.0,0,3.74030969397e-05,3.74030969397e-05,[[ 0.00106964 -0.00811808 -0.00996004 -0.0017039  -0.0042264 ]],0.0,0.0,0.0
2014-04-12 04:35:00,0.0,0,1.7193309759e-05,1.7193309759e-05,[[ 0.00614619 -0.00139578 -0.00309977  0.00505316  0.00333162]],0.0,0.0,0.0
2014-04-12 04:40:00,0.0,0,6.40459984425e-05,6.40459984425e-05,[[ 0.00939827  0.0049973   0.00195497  0.01012038  0.01003421]],0.0,0.0,0.0
2014-04-12 04:45:00,0.0,0,0.0001605078578,0.0001605078578,[[ 0.01262265  0.01189654  0.00669345  0.01439942  0.01579668]],0.0,0.0,0.0
2014-04-12 04:50:00,0.0,0,4.41821757704e-05,4.41821757704e-05,[[ 0.01031556 -0.00515322 -0.00399508  0.00032578 -0.00847807]],0.0,0.0,0.0
2014-04-12 04:55:00,0.0,0,4.85603013658e-05,4.85603013658e-05,[[ 0.01352089  0.00125971  0.00209015  0.00727426  0.00105668]],0.0,0.0,0.0
2014-04-12 05:00:00,0.0,0,0.000114896116429,0.000114896116429,[[ 0.01546601  0.00764562  0.00674736  0.01231202  0.00892832]],0.0,0.0,0.0
2014-04-12 05:05:00,0.0,0,0.000213603489101,0.000213603489101,[[ 0.01708364  0.01382564  0.01034962  0.01602402  0.01487058]],0.0,0.0,0.0
2014-04-12 05:10:00,0.0,0,0.000325268920278,0.000325268920278,[[ 0.01864737  0.01940827  0.01327138  0.01885411  0.01924401]],0.0,0.0,0.0
2014-04-12 05:15:00,0.0,0,0.000443353230366,0.000443353230366,[[ 0.02027549  0.0244213   0.01590287  0.02113206  0.02257888]],0.0,0.0,0.0
2014-04-12 05:20:00,0.0,0,0.000967815518379,0.000967815518379,[[ 0.02645679  0.03998605  0.02729899  0.02832847  0.03150388]],0.0,0.0,0.0
2014-04-12 05:25:00,0.0,0,0.000958302698564,0.000958302698564,[[ 0.02633262  0.03975539  0.02718797  0.02820267  0.03135345]],0.0,0.0,0.0
2014-04-12 05:30:00,0.0,0,0.000942449085414,0.000942449085414,[[ 0.02613512  0.0393906   0.02696539  0.02798085  0.03110499]],0.0,0.0,0.0
2014-04-12 05:35:00,0.0,0,0.000921064231079,0.000921064231079,[[ 0.02587152  0.03890531  0.02664254  0.02767312  0.03076909]],0.0,0.0,0.0
2014-04-12 05:40:00,0.0,0,0.000894921831787,0.000894921831787,[[ 0.02554749  0.03831131  0.02623002  0.02728914  0.03035568]],0.0,0.0,0.0
2014-04-12 05:45:00,0.0,0,0.000864808331244,0.000864808331244,[[ 0.02517088  0.03762335  0.02573693  0.02683624  0.02987271]],0.0,0.0,0.0
2014-04-12 05:50:00,0.0,0,0.000832272111438,0.000832272111438,[[ 0.02473085  0.03682829  0.02520793  0.02636889  0.02937116]],0.0,0.0,0.0
2014-04-12 05:55:00,0.0,0,0.00080091052223,0.00080091052223,[[ 0.02427252  0.035927    0.02479277  0.02599105  0.02888654]],0.0,0.0,0.0
2014-04-12 06:00:00,0.0,0,0.000768535886891,0.000768535886891,[[ 0.02379017  0.0349646   0.02437059  0.02560346  0.0283676 ]],0.0,0.0,0.0
2014-04-12 06:05:00,0.0,0,0.000735178007744,0.000735178007744,[[ 0.02327847  0.03395413  0.02391969  0.02519599  0.02782321]],0.0,0.0,0.0
2014-04-12 06:10:00,0.0,0,0.000701222685166,0.000701222685166,[[ 0.0227398   0.03290384  0.02344277  0.02477248  0.02726011]],0.0,0.0,0.0
2014-04-12 06:15:00,0.0,0,0.000666926149279,0.000666926149279,[[ 0.02217668  0.03181848  0.0229422   0.02433498  0.02668097]],0.0,0.0,0.0
2014-04-12 06:20:00,0.0,0,0.000632417562883,0.000632417562883,[[ 0.02159437  0.03069995  0.02242168  0.02388262  0.02608012]],0.0,0.0,0.0
2014-04-12 06:25:00,0.0,0,0.000598259095568,0.000598259095568,[[ 0.02099783  0.02956411  0.021888    0.02342331  0.02546789]],0.0,0.0,0.0
2014-04-12 06:30:00,0.0,0,0.000564528512768,0.000564528512768,[[ 0.02038422  0.02841153  0.02133918  0.02295872  0.0248485 ]],0.0,0.0,0.0
2014-04-12 06:35:00,0.0,0,0.000531321449671,0.000531321449671,[[ 0.01976058  0.02724487  0.02077986  0.02248694  0.02421527]],0.0,0.0,0.0
2014-04-12 06:40:00,0.0,0,0.000498997978866,0.000498997978866,[[ 0.01913028  0.02607552  0.02021517  0.02201415  0.0235757 ]],0.0,0.0,0.0
2014-04-12 06:45:00,0.0,0,0.000467195408419,0.000467195408419,[[ 0.01848952  0.02489045  0.01963987  0.02153445  0.02291557]],0.0,0.0,0.0
2014-04-12 06:50:00,0.0,0,0.000436268805061,0.000436268805061,[[ 0.01784518  0.02370115  0.01906101  0.02105201  0.0222405 ]],0.0,0.0,0.0
2014-04-12 06:55:00,0.0,0,0.000406385486713,0.000406385486713,[[ 0.01720598  0.02251383  0.01848295  0.02056487  0.02155171]],0.0,0.0,0.0
2014-04-12 07:00:00,0.0,0,0.000379772973247,0.000379772973247,[[ 0.01664866  0.0214102   0.01797156  0.02009167  0.02089589]],0.0,0.0,0.0
2014-04-12 07:05:00,0.0,0,0.000354358751792,0.000354358751792,[[ 0.01609986  0.02032162  0.01745614  0.01961019  0.02025694]],0.0,0.0,0.0
2014-04-12 07:10:00,0.0,0,0.000327998626744,0.000327998626744,[[ 0.01551045  0.01915947  0.01687127  0.01907998  0.01958695]],0.0,0.0,0.0
2014-04-12 07:15:00,0.0,0,0.000302838365315,0.000302838365315,[[ 0.01493115  0.01800828  0.01628578  0.01854565  0.01891525]],0.0,0.0,0.0
2014-04-12 07:20:00,0.0,0,0.000279559782939,0.000279559782939,[[ 0.01438927  0.01690067  0.01573485  0.01802378  0.01823932]],0.0,0.0,0.0
2014-04-12 07:25:00,0.0,0,0.000257990614045,0.000257990614045,[[ 0.01387341  0.01583062  0.01521067  0.01751579  0.01757003]],0.0,0.0,0.0
2014-04-12 07:30:00,0.0,0,0.000237622763962,0.000237622763962,[[ 0.01338109  0.01477929  0.0146996   0.01700719  0.01689112]],0.0,0.0,0.0
2014-04-12 07:35:00,0.0,0,0.00021861102141,0.00021861102141,[[ 0.01292719  0.01376071  0.01421192  0.01649979  0.01619766]],0.0,0.0,0.0
2014-04-12 07:40:00,0.0,0,0.000201338130864,0.000201338130864,[[ 0.0125302   0.01280537  0.01376389  0.01600341  0.01549689]],0.0,0.0,0.0
2014-04-12 07:45:00,0.0,0,0.000186756908079,0.000186756908079,[[ 0.01222343  0.01198554  0.01339073  0.01554938  0.01481972]],0.0,0.0,0.0
2014-04-12 07:50:00,0.0,0,0.000174330867594,0.000174330867594,[[ 0.01197165  0.01127686  0.01307052  0.01513766  0.01418376]],0.0,0.0,0.0
2014-04-12 07:55:00,0.0,0,0.000162774202181,0.000162774202181,[[ 0.01172368  0.01059759  0.01275727  0.01473763  0.01357098]],0.0,0.0,0.0
2014-04-12 08:00:00,0.0,0,0.000152020802489,0.000152020802489,[[ 0.01147812  0.00994616  0.01245005  0.01434912  0.0129819 ]],0.0,0.0,0.0
2014-04-12 08:05:00,0.0,0,0.000142035001772,0.000142035001772,[[ 0.01123844  0.00932327  0.01215098  0.01397166  0.01241352]],0.0,0.0,0.0
2014-04-12 08:10:00,0.0,0,0.000132783985464,0.000132783985464,[[ 0.01100764  0.00872988  0.0118619   0.01360497  0.01186344]],0.0,0.0,0.0
2014-04-12 08:15:00,0.0,0,0.00012417662947,0.00012417662947,[[ 0.01077903  0.00816141  0.01157847  0.01324902  0.01133532]],0.0,0.0,0.0
2014-04-12 08:20:00,0.0,0,0.000116167939268,0.000116167939268,[[ 0.01055273  0.00761694  0.0113007   0.01290353  0.01082842]],0.0,0.0,0.0
2014-04-12 08:25:00,0.0,0,0.000108787826321,0.000108787826321,[[ 0.01033886  0.0071025   0.01103512  0.0125685   0.01033734]],0.0,0.0,0.0
2014-04-12 08:30:00,0.0,0,0.000101922931208,0.000101922931208,[[ 0.01012719  0.00661072  0.01077499  0.01224352  0.00986655]],0.0,0.0,0.0
2014-04-12 08:35:00,0.0,0,9.55328723649e-05,9.55328723649e-05,[[ 0.00991745  0.00614043  0.01052     0.01192825  0.00941542]],0.0,0.0,0.0
2014-04-12 08:40:00,0.0,0,8.96451674635e-05,8.96451674635e-05,[[ 0.0097173   0.00569732  0.0102753   0.01162317  0.00898112]],0.0,0.0,0.0
2014-04-12 08:45:00,0.0,0,8.41841247166e-05,8.41841247166e-05,[[ 0.00952134  0.00527671  0.01003718  0.01132771  0.008565  ]],0.0,0.0,0.0
2014-04-12 08:50:00,0.0,0,7.90958147263e-05,7.90958147263e-05,[[ 0.00932675  0.00487524  0.00980362  0.01104125  0.00816716]],0.0,0.0,0.0
2014-04-12 08:55:00,0.0,0,7.44052085793e-05,7.44052085793e-05,[[ 0.00913972  0.00449845  0.00957886  0.01076453  0.00778625]],0.0,0.0,0.0
2014-04-12 09:00:00,0.0,0,7.0060021244e-05,7.0060021244e-05,[[ 0.00895701  0.00414328  0.00936069  0.01049705  0.0074226 ]],0.0,0.0,0.0
2014-04-12 09:05:00,0.0,0,6.6003172833e-05,6.6003172833e-05,[[ 0.00877506  0.00380491  0.00914639  0.01023784  0.00707582]],0.0,0.0,0.0
2014-04-12 09:10:00,0.0,0,6.2259954575e-05,6.2259954575e-05,[[ 0.0085991   0.00348921  0.00893973  0.00998786  0.00674571]],0.0,0.0,0.0
2014-04-12 09:15:00,0.0,0,5.87848990108e-05,5.87848990108e-05,[[ 0.00842617  0.00319289  0.0087386   0.00974651  0.00643212]],0.0,0.0,0.0
2014-04-12 09:20:00,0.0,0,5.55304686713e-05,5.55304686713e-05,[[ 0.0082534   0.00291106  0.0085407   0.00951266  0.00613392]],0.0,0.0,0.0
2014-04-12 09:25:00,0.0,0,5.25169998582e-05,5.25169998582e-05,[[ 0.00808467  0.0026494   0.00834894  0.00928736  0.00585184]],0.0,0.0,0.0
2014-04-12 09:30:00,0.0,0,4.97057153552e-05,4.97057153552e-05,[[ 0.0079174   0.00240416  0.0081614   0.00906979  0.00558515]],0.0,0.0,0.0
2014-04-12 09:35:00,0.0,0,4.70622653665e-05,4.70622653665e-05,[[ 0.00774989  0.00217103  0.00797648  0.00885896  0.00533216]],0.0,0.0,0.0
2014-04-12 09:40:00,0.0,0,4.45930381829e-05,4.45930381829e-05,[[ 0.00758377  0.00195363  0.00779561  0.00865544  0.0050938 ]],0.0,0.0,0.0
2014-04-12 09:45:00,0.0,0,4.22790835728e-05,4.22790835728e-05,[[ 0.00741827  0.00175048  0.00761813  0.00845888  0.00486949]],0.0,0.0,0.0
2014-04-12 09:50:00,0.0,0,4.00948265451e-05,4.00948265451e-05,[[ 0.0072526   0.00155714  0.00744294  0.00826825  0.00465702]],0.0,0.0,0.0
2014-04-12 09:55:00,0.0,0,3.80316378141e-05,3.80316378141e-05,[[ 0.00708703  0.00137307  0.00727016  0.00808326  0.00445561]],0.0,0.0,0.0
2014-04-12 10:00:00,0.0,0,3.60897756764e-05,3.60897756764e-05,[[ 0.00692174  0.00120121  0.00710025  0.00790434  0.00426655]],0.0,0.0,0.0
2014-04-12 10:05:00,0.0,0,3.42542625731e-05,3.42542625731e-05,[[ 0.00675681  0.00103827  0.00693277  0.00773077  0.00408787]],0.0,0.0,0.0
2014-04-12 10:10:00,0.0,0,3.25168948621e-05,3.25168948621e-05,[[ 0.00659268  0.00088271  0.00676776  0.00756215  0.00391832]],0.0,0.0,0.0
2014-04-12 10:15:00,0.0,0,3.0872397474e-05,3.0872397474e-05,[[ 0.00642964  0.00073425  0.00660532  0.00739828  0.00375737]],0.0,0.0,0.0
2014-04-12 10:20:00,0.0,0,2.93155226245e-05,2.93155226245e-05,[[ 0.00626793  0.00059256  0.00644552  0.00723897  0.00360446]],0.0,0.0,0.0
2014-04-12 10:25:00,0.0,0,2.78417919617e-05,2.78417919617e-05,[[ 0.00610781  0.00045741  0.00628844  0.00708407  0.00345916]],0.0,0.0,0.0
2014-04-12 10:30:00,0.0,0,2.64468453679e-05,2.64468453679e-05,[[ 0.00594953  0.0003285   0.00613417  0.00693339  0.00332106]],0.0,0.0,0.0
2014-04-12 10:35:00,0.0,0,2.51263318205e-05,2.51263318205e-05,[[ 0.00579322  0.00020562  0.00598276  0.00678679  0.00318966]],0.0,0.0,0.0
2014-04-12 10:40:00,0.0,0,2.38762331719e-05,2.38762331719e-05,"[[  5.63906878e-03   8.84979963e-05   5.83422184e-03   6.64410740e-03
    3.06462497e-03]]",0.0,0.0,0.0
2014-04-12 10:45:00,0.0,0,2.26930296776e-05,2.26930296776e-05,"[[  5.48724085e-03  -2.30520964e-05   5.68863004e-03   6.50521368e-03
    2.94558704e-03]]",0.0,0.0,0.0
2014-04-12 10:50:00,0.0,0,2.15729560296e-05,2.15729560296e-05,[[ 0.00533784 -0.00012924  0.005546    0.00636995  0.00283217]],0.0,0.0,0.0
2014-04-12 10:55:00,0.0,0,2.05126925721e-05,2.05126925721e-05,[[ 0.00519098 -0.0002303   0.00540633  0.00623819  0.0027241 ]],0.0,0.0,0.0
2014-04-12 11:00:00,1.0,0,1.95090324269e-05,1.95090324269e-05,[[ 0.00504678 -0.00032638  0.00526964  0.00610982  0.00262101]],0.0,0.0,0.0
2014-04-12 11:05:00,0.0,0,0.199009478092,0.199009478092,[[ 0.00490531 -0.00041768  0.00513595  0.00598475  0.00252271]],0.0,0.0,0.0
2014-04-12 11:10:00,0.0,0,0.197497114539,0.197497114539,[[ 0.00437424 -0.0002559   0.00486208  0.00630912  0.00460758]],0.0,0.0,0.0
2014-04-12 11:15:00,0.0,0,0.198179736733,0.198179736733,[[ 0.00379359  0.00013131  0.00462517  0.00804736  0.00696383]],0.0,0.0,0.0
2014-04-12 11:20:00,0.0,0,0.199714198709,0.199714198709,[[ 0.00373869  0.00082523  0.00590713  0.00958923  0.00893988]],0.0,0.0,0.0
2014-04-12 11:25:00,0.0,0,0.198468714952,0.198468714952,[[ 0.00399277  0.00342108  0.00738751  0.01114774  0.01107657]],0.0,0.0,0.0
2014-04-12 11:30:00,1.0,0,0.0328865535557,0.0328865535557,"[[ -3.13073397e-04  -1.83117390e-03   1.08286880e-01   2.30165541e-01
    3.15795958e-01]]",0.0,0.0,0.0
2014-04-12 11:35:00,0.0,0,0.111243404448,0.111243404448,[[ 0.06106194  0.11061662  0.1557025   0.23677906  0.32180768]],0.0,0.0,0.0
2014-04-12 11:40:00,0.0,0,0.153575316072,0.153575316072,[[ 0.14158611  0.20050213  0.20931998  0.22780818  0.25987265]],0.0,0.0,0.0
2014-04-12 11:45:00,0.0,0,0.152689933777,0.152689933777,[[ 0.18982968  0.24055201  0.22321033  0.19155855  0.17161646]],0.0,0.0,0.0
2014-04-12 11:50:00,0.0,0,0.13744276762,0.13744276762,[[ 0.21629778  0.24688584  0.21627398  0.14066544  0.08177392]],0.0,0.0,0.0
2014-04-12 11:55:00,0.0,0,0.14285197854,0.14285197854,[[ 0.21120012  0.22126269  0.18798533  0.08763401  0.00890686]],0.0,0.0,0.0
2014-04-12 12:00:00,0.0,0,0.00086548255058,0.00086548255058,[[ 0.03055459 -0.04467468 -0.00380417  0.00114822  0.03717812]],0.0,0.0,0.0
2014-04-12 12:05:00,0.0,0,0.00135107547976,0.00135107547976,[[ 0.047415    0.03888106  0.02810088  0.02702966  0.03840829]],0.0,0.0,0.0
2014-04-12 12:10:00,0.0,0,0.00186933833174,0.00186933833174,[[ 0.06710617  0.05829768  0.03643564  0.01060793  0.00217956]],0.0,0.0,0.0
2014-04-12 12:15:00,0.0,0,0.00130818225443,0.00130818225443,[[ 0.05831252  0.04536289  0.02434837 -0.00588521 -0.02133755]],0.0,0.0,0.0
2014-04-12 12:20:00,0.0,0,0.000686753191985,0.000686753191985,[[ 0.03906494  0.02276193  0.00671036 -0.01713779 -0.03241695]],0.0,0.0,0.0
2014-04-12 12:25:00,0.0,0,0.000421552045736,0.000421552045736,[[ 0.0193972   0.00173616 -0.00888463 -0.02217771 -0.0340251 ]],0.0,0.0,0.0
2014-04-12 12:30:00,0.0,0,0.000381254416425,0.000381254416425,[[ 0.00459576 -0.01284035 -0.01891642 -0.02185915 -0.02974261]],0.0,0.0,0.0
2014-04-12 12:35:00,0.0,0,0.000346100248862,0.000346100248862,[[-0.00332613 -0.01979537 -0.02243639 -0.01768984 -0.02261104]],0.0,0.0,0.0
2014-04-12 12:40:00,0.0,0,0.000258245505393,0.000258245505393,[[-0.00620821 -0.020898   -0.02163291 -0.01203315 -0.01425412]],0.0,0.0,0.0
2014-04-12 12:45:00,0.0,0,0.000158082490088,0.000158082490088,[[-0.00594049 -0.01858403 -0.01833413 -0.00609085 -0.00604303]],0.0,0.0,0.0
2014-04-12 12:50:00,0.0,0,8.913250349e-05,8.913250349e-05,[[-0.00425886 -0.01486024 -0.01430417 -0.00073314  0.00124542]],0.0,0.0,0.0
2014-04-12 12:55:00,0.0,0,5.81896820222e-05,5.81896820222e-05,[[-0.00191706 -0.01072061 -0.01026307  0.00373425  0.00728468]],0.0,0.0,0.0
2014-04-12 13:00:00,0.0,0,5.8086887293e-05,5.8086887293e-05,[[ 0.00040429 -0.00686549 -0.00674219  0.00719111  0.01208168]],0.0,0.0,0.0
2014-04-12 13:05:00,0.0,0,7.65028380556e-05,7.65028380556e-05,[[ 0.00313015 -0.0029134  -0.00309692  0.01010167  0.0158932 ]],0.0,0.0,0.0
2014-04-12 13:10:00,0.0,0,0.00020583535661,0.00020583535661,[[-0.00772796 -0.02305889 -0.02028204 -0.00364779 -0.00361601]],0.0,0.0,0.0
2014-04-12 13:15:00,0.0,0,8.0277066445e-05,8.0277066445e-05,[[-0.00252794 -0.01448773 -0.01232018  0.00317559  0.00481969]],0.0,0.0,0.0
2014-04-12 13:20:00,0.0,0,5.53980935365e-05,5.53980935365e-05,[[ 0.00221585 -0.00713463 -0.00566665  0.00807801  0.0111271 ]],0.0,0.0,0.0
2014-04-12 13:25:00,0.0,0,8.2798746007e-05,8.2798746007e-05,[[ 0.00622529 -0.00119428 -0.00038566  0.01148739  0.01554684]],0.0,0.0,0.0
2014-04-12 13:30:00,0.0,0,0.000128115323605,0.000128115323605,[[ 0.00871667  0.00371008  0.00324585  0.01375559  0.01873712]],0.0,0.0,0.0
2014-04-12 13:35:00,0.0,0,0.000182811854756,0.000182811854756,[[ 0.01086161  0.00836132  0.00633492  0.01554116  0.0210835 ]],0.0,0.0,0.0
2014-04-12 13:40:00,0.0,0,0.000619079452008,0.000619079452008,[[ 0.02247983  0.02973996  0.02216589  0.02202231  0.02700518]],0.0,0.0,0.0
2014-04-12 13:45:00,0.0,0,0.000616429490037,0.000616429490037,[[ 0.02245415  0.02973792  0.02212866  0.02188923  0.02692208]],0.0,0.0,0.0
2014-04-12 13:50:00,0.0,0,0.000608120695688,0.000608120695688,[[ 0.02229948  0.02955901  0.02194228  0.02167128  0.02680473]],0.0,0.0,0.0
2014-04-12 13:55:00,0.0,0,0.000595749006607,0.000595749006607,[[ 0.02204632  0.02923869  0.02165785  0.02139971  0.0266607 ]],0.0,0.0,0.0
2014-04-12 14:00:00,0.0,0,0.000580721185543,0.000580721185543,[[ 0.02174431  0.02880526  0.02134084  0.02110211  0.02646352]],0.0,0.0,0.0
2014-04-12 14:05:00,0.0,0,0.000564721703995,0.000564721703995,[[ 0.02143377  0.02832632  0.0210226   0.02079293  0.02622072]],0.0,0.0,0.0
2014-04-12 14:10:00,0.0,0,0.000552436045837,0.000552436045837,[[ 0.0212614   0.02797192  0.0208534   0.02053601  0.02590585]],0.0,0.0,0.0
2014-04-12 14:15:00,0.0,0,0.000538948690519,0.000538948690519,[[ 0.02106418  0.02756839  0.02066497  0.02026667  0.02555874]],0.0,0.0,0.0
2014-04-12 14:20:00,0.0,0,0.00052384508308,0.00052384508308,[[ 0.02082389  0.02709881  0.02043781  0.01997809  0.02518763]],0.0,0.0,0.0
2014-04-12 14:25:00,0.0,0,0.000507297052536,0.000507297052536,[[ 0.02054214  0.02656652  0.02017353  0.01967192  0.02479456]],0.0,0.0,0.0
2014-04-12 14:30:00,0.0,0,0.000489695172291,0.000489695172291,[[ 0.02022671  0.02598324  0.01987906  0.0193513   0.02438397]],0.0,0.0,0.0
2014-04-12 14:35:00,0.0,0,0.000471297942568,0.000471297942568,[[ 0.01988209  0.02535626  0.01955838  0.01901847  0.02395871]],0.0,0.0,0.0
2014-04-12 14:40:00,0.0,0,0.00045233842684,0.00045233842684,[[ 0.01951237  0.0246923   0.01921514  0.0186755   0.02352135]],0.0,0.0,0.0
2014-04-12 14:45:00,0.0,0,0.000432963075582,0.000432963075582,[[ 0.01912008  0.02399525  0.01885136  0.0183237   0.02307236]],0.0,0.0,0.0
2014-04-12 14:50:00,0.0,0,0.000413186935475,0.000413186935475,[[ 0.0187052   0.02326367  0.01846676  0.01796288  0.02260897]],0.0,0.0,0.0
2014-04-12 14:55:00,0.0,0,0.000393378228182,0.000393378228182,[[ 0.01827449  0.02250991  0.01806795  0.01759657  0.02213929]],0.0,0.0,0.0
2014-04-12 15:00:00,0.0,0,0.00037362909643,0.00037362909643,[[ 0.01783131  0.02173665  0.01765737  0.01722506  0.02166154]],0.0,0.0,0.0
2014-04-12 15:05:00,0.0,0,0.000353773997631,0.000353773997631,[[ 0.01737625  0.02093682  0.01723355  0.01684556  0.0211617 ]],0.0,0.0,0.0
2014-04-12 15:10:00,0.0,0,0.000334258045768,0.000334258045768,[[ 0.01691269  0.0201259   0.01680199  0.01646402  0.02065982]],0.0,0.0,0.0
2014-04-12 15:15:00,0.0,0,0.000315050245263,0.000315050245263,[[ 0.01644698  0.01930462  0.01636591  0.01607893  0.02014212]],0.0,0.0,0.0
2014-04-12 15:20:00,0.0,0,0.000296269281534,0.000296269281534,[[ 0.01597931  0.01847641  0.01592635  0.01569198  0.01961488]],0.0,0.0,0.0
2014-04-12 15:25:00,0.0,0,0.000278027961031,0.000278027961031,[[ 0.01552244  0.01765014  0.01549187  0.01530345  0.01906496]],0.0,0.0,0.0
2014-04-12 15:30:00,0.0,0,0.000260488886852,0.000260488886852,[[ 0.01508011  0.01683397  0.01506632  0.01491608  0.0184978 ]],0.0,0.0,0.0
2014-04-12 15:35:00,0.0,0,0.000243913193117,0.000243913193117,[[ 0.01467375  0.01604779  0.01466551  0.01453318  0.01790041]],0.0,0.0,0.0
2014-04-12 15:40:00,0.0,0,0.000229294411838,0.000229294411838,[[ 0.01433609  0.01535372  0.01432106  0.01417874  0.01729399]],0.0,0.0,0.0
2014-04-12 15:45:00,0.0,0,0.000216666987399,0.000216666987399,[[ 0.0140452   0.01475486  0.01402164  0.0138615   0.01672165]],0.0,0.0,0.0
2014-04-12 15:50:00,0.0,0,0.000204636337003,0.000204636337003,[[ 0.01375435  0.01417004  0.01372337  0.0135493   0.01616462]],0.0,0.0,0.0
2014-04-12 15:55:00,0.0,0,0.000193184925593,0.000193184925593,[[ 0.01346406  0.01359928  0.01342669  0.01324226  0.01562273]],0.0,0.0,0.0
2014-04-12 16:00:00,0.0,0,0.000182280462468,0.000182280462468,[[ 0.01317433  0.0130418   0.01313164  0.01294021  0.01509509]],0.0,0.0,0.0
2014-04-12 16:05:00,0.0,0,0.000171915322426,0.000171915322426,[[ 0.01288848  0.01249872  0.01284055  0.01264312  0.01457797]],0.0,0.0,0.0
2014-04-12 16:10:00,0.0,0,0.000162074109539,0.000162074109539,[[ 0.0126062   0.01196999  0.01255335  0.01235127  0.01407242]],0.0,0.0,0.0
2014-04-12 16:15:00,0.0,0,0.000152738153702,0.000152738153702,[[ 0.01232561  0.01145526  0.01226903  0.0120652   0.0135812 ]],0.0,0.0,0.0
2014-04-12 16:20:00,0.0,0,0.000143888843013,0.000143888843013,[[ 0.01204709  0.01095445  0.0119879   0.01178494  0.0131041 ]],0.0,0.0,0.0
2014-04-12 16:25:00,0.0,0,0.00013550654694,0.00013550654694,[[ 0.01177095  0.01046745  0.01171017  0.01151045  0.01264087]],0.0,0.0,0.0
2014-04-12 16:30:00,0.0,0,0.000127572158817,0.000127572158817,[[ 0.01149749  0.0099941   0.01143607  0.01124169  0.01219128]],0.0,0.0,0.0
2014-04-12 16:35:00,0.0,0,0.000120066571981,0.000120066571981,[[ 0.01122695  0.00953427  0.01116575  0.01097863  0.01175507]],0.0,0.0,0.0
2014-04-12 16:40:00,0.0,0,0.000112983994768,0.000112983994768,[[ 0.01096384  0.00908922  0.01090187  0.01072052  0.01132784]],0.0,0.0,0.0
2014-04-12 16:45:00,0.0,0,0.000106295941805,0.000106295941805,[[ 0.0107048   0.00865773  0.01064251  0.01046791  0.01091287]],0.0,0.0,0.0
2014-04-12 16:50:00,0.0,0,9.99816256808e-05,9.99816256808e-05,[[ 0.01044905  0.00823931  0.01038722  0.01022093  0.01051082]],0.0,0.0,0.0
2014-04-12 16:55:00,0.0,0,9.40236350289e-05,9.40236350289e-05,[[ 0.01019675  0.00783379  0.01013609  0.00997952  0.01012152]],0.0,0.0,0.0
2014-04-12 17:00:00,0.0,0,8.84047913132e-05,8.84047913132e-05,[[ 0.00994805  0.00744093  0.00988923  0.00974362  0.00974464]],0.0,0.0,0.0
2014-04-12 17:05:00,0.0,0,8.31081561046e-05,8.31081561046e-05,[[ 0.00970306  0.00706051  0.00964668  0.00951312  0.00937991]],0.0,0.0,0.0
2014-04-12 17:10:00,0.0,0,7.81184789957e-05,7.81184789957e-05,[[ 0.00946193  0.00669236  0.00940854  0.00928803  0.0090271 ]],0.0,0.0,0.0
2014-04-12 17:15:00,0.0,0,7.34152708901e-05,7.34152708901e-05,[[ 0.00922515  0.00633591  0.009175    0.00906783  0.00868464]],0.0,0.0,0.0
2014-04-12 17:20:00,0.0,0,6.9005160185e-05,6.9005160185e-05,[[ 0.00899594  0.00599355  0.00894828  0.0088528   0.00835059]],0.0,0.0,0.0
2014-04-12 17:25:00,0.0,0,6.485528138e-05,6.485528138e-05,[[ 0.0087702   0.00566293  0.00872585  0.0086432   0.00802782]],0.0,0.0,0.0
2014-04-12 17:30:00,0.0,0,6.09521703154e-05,6.09521703154e-05,[[ 0.00854804  0.0053438   0.0085078   0.00843896  0.00771602]],0.0,0.0,0.0
2014-04-12 17:35:00,0.0,0,5.72822864342e-05,5.72822864342e-05,[[ 0.00832959  0.0050359   0.00829411  0.00823993  0.00741487]],0.0,0.0,0.0
2014-04-12 17:40:00,0.0,0,5.38329404662e-05,5.38329404662e-05,[[ 0.0081149   0.00473897  0.00808477  0.00804599  0.00712416]],0.0,0.0,0.0
2014-04-12 17:45:00,0.0,0,5.05920033902e-05,5.05920033902e-05,[[ 0.00790407  0.00445273  0.00787983  0.00785702  0.00684357]],0.0,0.0,0.0
2014-04-12 17:50:00,0.0,0,4.75478809676e-05,4.75478809676e-05,[[ 0.00769713  0.00417694  0.00767924  0.0076729   0.00657288]],0.0,0.0,0.0
2014-04-12 17:55:00,0.0,0,4.46894664492e-05,4.46894664492e-05,[[ 0.00749416  0.00391133  0.00748299  0.00749351  0.00631178]],0.0,0.0,0.0
2014-04-12 18:00:00,0.0,0,4.20062169724e-05,4.20062169724e-05,[[ 0.00729517  0.00365566  0.00729106  0.00731876  0.00606002]],0.0,0.0,0.0
2014-04-12 18:05:00,0.0,0,3.94982453145e-05,3.94982453145e-05,[[ 0.00710258  0.00341126  0.00710492  0.00714842  0.0058162 ]],0.0,0.0,0.0
2014-04-12 18:10:00,0.0,0,3.71494024876e-05,3.71494024876e-05,[[ 0.00691474  0.00317718  0.00692353  0.0069825   0.00558107]],0.0,0.0,0.0
2014-04-12 18:15:00,0.0,0,3.49456313415e-05,3.49456313415e-05,[[ 0.00673056  0.00295244  0.00674615  0.00682095  0.0053549 ]],0.0,0.0,0.0
2014-04-12 18:20:00,0.0,0,3.28779497067e-05,3.28779497067e-05,[[ 0.00655003  0.00273666  0.00657275  0.00666364  0.00513737]],0.0,0.0,0.0
2014-04-12 18:25:00,0.0,0,3.09386341542e-05,3.09386341542e-05,[[ 0.00637322  0.00252968  0.00640333  0.00651047  0.00492819]],0.0,0.0,0.0
2014-04-12 18:30:00,0.0,0,2.9119579267e-05,2.9119579267e-05,[[ 0.00620009  0.00233115  0.00623783  0.00636131  0.00472713]],0.0,0.0,0.0
2014-04-12 18:35:00,0.0,0,2.74137746601e-05,2.74137746601e-05,[[ 0.00603069  0.00214088  0.00607622  0.00621609  0.00453387]],0.0,0.0,0.0
2014-04-12 18:40:00,0.0,0,2.58131476585e-05,2.58131476585e-05,[[ 0.00586497  0.00195839  0.00591838  0.00607459  0.00434796]],0.0,0.0,0.0
2014-04-12 18:45:00,0.0,0,2.4309310902e-05,2.4309310902e-05,[[ 0.00570261  0.00178316  0.00576417  0.00593673  0.00416853]],0.0,0.0,0.0
2014-04-12 18:50:00,0.0,0,2.28991157201e-05,2.28991157201e-05,[[ 0.00554376  0.00161545  0.00561371  0.00580265  0.00399602]],0.0,0.0,0.0
2014-04-12 18:55:00,0.0,0,2.15767176996e-05,2.15767176996e-05,[[ 0.00538842  0.00145501  0.00546692  0.00567221  0.00383019]],0.0,0.0,0.0
2014-04-12 19:00:00,0.0,0,2.0336925445e-05,2.0336925445e-05,[[ 0.0052366   0.00130162  0.00532378  0.00554532  0.00367088]],0.0,0.0,0.0
2014-04-12 19:05:00,0.0,0,1.91743256437e-05,1.91743256437e-05,[[ 0.00508826  0.00115502  0.0051842   0.00542185  0.00351778]],0.0,0.0,0.0
2014-04-12 19:10:00,0.0,0,1.8084407202e-05,1.8084407202e-05,[[ 0.00494344  0.00101505  0.00504816  0.00530171  0.00337077]],0.0,0.0,0.0
2014-04-12 19:15:00,0.0,0,1.7062344341e-05,1.7062344341e-05,[[ 0.00480206  0.00088142  0.00491559  0.00518475  0.0032296 ]],0.0,0.0,0.0
2014-04-12 19:20:00,1.0,0,1.61039133673e-05,1.61039133673e-05,[[ 0.0046641   0.00075397  0.00478639  0.00507092  0.00309409]],0.0,0.0,0.0
2014-04-12 19:25:00,0.0,0,0.198829561472,0.198829561472,[[ 0.0045296   0.00063249  0.00466058  0.00496011  0.00296406]],0.0,0.0,0.0
2014-04-12 19:30:00,0.0,0,0.197942346334,0.197942346334,[[ 0.00415447  0.00090097  0.00442144  0.00519021  0.00524987]],0.0,0.0,0.0
2014-04-12 19:35:00,0.0,0,0.198339819908,0.198339819908,[[ 0.00359414  0.00134803  0.00421999  0.00696313  0.0076237 ]],0.0,0.0,0.0
2014-04-12 19:40:00,0.0,0,0.199210032821,0.199210032821,[[ 0.00352533  0.00208147  0.00553145  0.00854968  0.00962326]],0.0,0.0,0.0
2014-04-12 19:45:00,0.0,0,0.198554724455,0.198554724455,[[ 0.00377619  0.00470092  0.00704397  0.01014123  0.01171355]],0.0,0.0,0.0
2014-04-12 19:50:00,1.0,0,0.0317974202335,0.0317974202335,[[-0.01964238 -0.01787993  0.09551676  0.22319058  0.315189  ]],0.0,0.0,0.0
2014-04-12 19:55:00,0.0,0,0.106829501688,0.106829501688,[[ 0.04507491  0.10238881  0.152556    0.24195182  0.33681208]],0.0,0.0,0.0
2014-04-12 20:00:00,0.0,0,0.152730509639,0.152730509639,[[ 0.14069963  0.2065008   0.21886073  0.23887256  0.27202684]],0.0,0.0,0.0
2014-04-12 20:05:00,0.0,0,0.151516407728,0.151516407728,[[ 0.20258425  0.25773883  0.23855604  0.2006208   0.17339757]],0.0,0.0,0.0
2014-04-12 20:10:00,0.0,0,0.133997350931,0.133997350931,[[ 0.23886403  0.26904985  0.23160735  0.14174417  0.0700661 ]],0.0,0.0,0.0
2014-04-12 20:15:00,0.0,0,0.138766393065,0.138766393065,[[ 0.22828022  0.23310263  0.19374126  0.07927766 -0.01109139]],0.0,0.0,0.0
2014-04-12 20:20:00,0.0,0,0.00159488408826,0.00159488408826,[[ 0.0276459  -0.07442521 -0.02607901 -0.03130849  0.00326754]],0.0,0.0,0.0
2014-04-12 20:25:00,0.0,0,0.000228722434258,0.000228722434258,[[ 0.01390018 -0.00166066 -0.01187093  0.00367361  0.02816425]],0.0,0.0,0.0
2014-04-12 20:30:00,0.0,0,0.000301908294205,0.000301908294205,[[ 0.03107994  0.02230357 -0.00197883 -0.00622402  0.00186426]],0.0,0.0,0.0
2014-04-12 20:35:00,0.0,0,0.000318177597364,0.000318177597364,[[ 0.0255558   0.01742499 -0.00953665 -0.01733537 -0.01557872]],0.0,0.0,0.0
2014-04-12 20:40:00,0.0,0,0.000344050495187,0.000344050495187,[[ 0.01136461  0.00316729 -0.02164203 -0.02426964 -0.02288391]],0.0,0.0,0.0
2014-04-12 20:45:00,0.0,0,0.000447036407422,0.000447036407422,[[-0.00210228 -0.0097931  -0.03095298 -0.02577897 -0.02263217]],0.0,0.0,0.0
2014-04-12 20:50:00,0.0,0,0.000476670276839,0.000476670276839,[[-0.0097984  -0.01689781 -0.03404237 -0.02257831 -0.01825221]],0.0,0.0,0.0
2014-04-12 20:55:00,0.0,0,0.000356590229785,0.000356590229785,[[-0.0104829  -0.0176996  -0.03064574 -0.01622055 -0.01255057]],0.0,0.0,0.0
2014-04-12 21:00:00,0.0,0,0.000173680178705,0.000173680178705,[[-0.00586386 -0.01379535 -0.02287646 -0.00859188 -0.00682286]],0.0,0.0,0.0
2014-04-12 21:05:00,0.0,0,5.90488125454e-05,5.90488125454e-05,[[-0.00067352 -0.0083082  -0.01491843 -0.00174119 -0.00041581]],0.0,0.0,0.0
2014-04-12 21:10:00,0.0,0,2.72801316896e-05,2.72801316896e-05,[[ 0.0038291  -0.0029451  -0.00797746  0.00399292  0.00578634]],0.0,0.0,0.0
2014-04-12 21:15:00,0.0,0,4.98574008816e-05,4.98574008816e-05,[[ 0.00710564  0.00146383 -0.00283881  0.00814304  0.01105831]],0.0,0.0,0.0
2014-04-12 21:20:00,0.0,0,9.56026342465e-05,9.56026342465e-05,[[ 0.00977495  0.00516798  0.00116454  0.01119199  0.01513733]],0.0,0.0,0.0
2014-04-12 21:25:00,0.0,0,0.000153658460476,0.000153658460476,[[ 0.01235096  0.00855598  0.00482056  0.0136207   0.01826965]],0.0,0.0,0.0
2014-04-12 21:30:00,0.0,0,3.74278861273e-05,3.74278861273e-05,[[ 0.00628205 -0.00582139 -0.01049475  0.00152872 -0.00114451]],0.0,0.0,0.0
2014-04-12 21:35:00,0.0,0,4.05062710342e-05,4.05062710342e-05,[[ 0.00953177  0.00035451 -0.00343662  0.00736319  0.00674715]],0.0,0.0,0.0
2014-04-12 21:40:00,0.0,0,9.45864157984e-05,9.45864157984e-05,[[ 0.01243286  0.00541241  0.00228496  0.01133863  0.01246099]],0.0,0.0,0.0
2014-04-12 21:45:00,0.0,0,0.00016495102318,0.00016495102318,[[ 0.01491924  0.00946463  0.00661042  0.01407784  0.01645323]],0.0,0.0,0.0
2014-04-12 21:50:00,0.0,0,0.000226867618039,0.000226867618039,[[ 0.01657076  0.01260783  0.00947535  0.01582129  0.01899197]],0.0,0.0,0.0
2014-04-12 21:55:00,0.0,0,0.000277751212707,0.000277751212707,[[ 0.01733043  0.01524101  0.01147731  0.01702706  0.02084405]],0.0,0.0,0.0
2014-04-12 22:00:00,0.0,0,0.000733005523216,0.000733005523216,[[ 0.02375229  0.03128834  0.02714267  0.02484601  0.02771007]],0.0,0.0,0.0
2014-04-12 22:05:00,0.0,0,0.000729588209651,0.000729588209651,[[ 0.0237003   0.03127248  0.02715364  0.02474706  0.02754145]],0.0,0.0,0.0
2014-04-12 22:10:00,0.0,0,0.000721068354324,0.000721068354324,[[ 0.02355639  0.03112864  0.02703543  0.02456485  0.02733313]],0.0,0.0,0.0
2014-04-12 22:15:00,0.0,0,0.000708076171577,0.000708076171577,[[ 0.02333025  0.0308705   0.02680172  0.02430842  0.02708986]],0.0,0.0,0.0
2014-04-12 22:20:00,0.0,0,0.000691236869898,0.000691236869898,[[ 0.02302969  0.03051041  0.02646475  0.02398664  0.02681773]],0.0,0.0,0.0
2014-04-12 22:25:00,0.0,0,0.000671136542223,0.000671136542223,[[ 0.02266751  0.03006157  0.02603792  0.02360556  0.02651364]],0.0,0.0,0.0
2014-04-12 22:30:00,0.0,0,0.000648736255243,0.000648736255243,[[ 0.02227152  0.02955045  0.02554803  0.02317468  0.02616608]],0.0,0.0,0.0
2014-04-12 22:35:00,0.0,0,0.000626872875728,0.000626872875728,[[ 0.02192464  0.02906554  0.02508122  0.02272851  0.02575298]],0.0,0.0,0.0
2014-04-12 22:40:00,0.0,0,0.000605041335803,0.000605041335803,[[ 0.02160735  0.02858935  0.02461933  0.02226298  0.02528293]],0.0,0.0,0.0
2014-04-12 22:45:00,0.0,0,0.000581884814892,0.000581884814892,[[ 0.02125492  0.0280673   0.0241081   0.02176739  0.02479636]],0.0,0.0,0.0
2014-04-12 22:50:00,0.0,0,0.000557781313546,0.000557781313546,[[ 0.02087615  0.02750822  0.02355646  0.02124573  0.02429204]],0.0,0.0,0.0
2014-04-12 22:55:00,0.0,0,0.000532586418558,0.000532586418558,[[ 0.0204618   0.02690308  0.02295695  0.02069722  0.02377131]],0.0,0.0,0.0
2014-04-12 23:00:00,0.0,0,0.000506871729158,0.000506871729158,[[ 0.0200211   0.02626461  0.02232271  0.02012927  0.02324207]],0.0,0.0,0.0
2014-04-12 23:05:00,0.0,0,0.00048094819067,0.00048094819067,[[ 0.01956088  0.02560037  0.02166116  0.01954565  0.02270453]],0.0,0.0,0.0
2014-04-12 23:10:00,0.0,0,0.000454836816061,0.000454836816061,[[ 0.01907779  0.02490785  0.02097055  0.01894654  0.02216046]],0.0,0.0,0.0
2014-04-12 23:15:00,0.0,0,0.000428616360296,0.000428616360296,[[ 0.01857574  0.02418867  0.02025297  0.01833176  0.02160313]],0.0,0.0,0.0
2014-04-12 23:20:00,0.0,0,0.000402382662287,0.000402382662287,[[ 0.01805647  0.02344267  0.01951063  0.0177016   0.0210311 ]],0.0,0.0,0.0
2014-04-12 23:25:00,0.0,0,0.000376408017473,0.000376408017473,[[ 0.017532    0.0226748   0.01875705  0.01705892  0.02043744]],0.0,0.0,0.0
2014-04-12 23:30:00,0.0,0,0.000352353177732,0.000352353177732,[[ 0.01701829  0.02187118  0.01809707  0.01648979  0.01985896]],0.0,0.0,0.0
2014-04-12 23:35:00,0.0,0,0.000331722549163,0.000331722549163,[[ 0.01652065  0.0210306   0.017619    0.0160783   0.01935081]],0.0,0.0,0.0
2014-04-12 23:40:00,0.0,0,0.000311722891638,0.000311722891638,[[ 0.01601744  0.02018735  0.01713746  0.01567014  0.0188489 ]],0.0,0.0,0.0
2014-04-12 23:45:00,0.0,0,0.000292260665447,0.000292260665447,[[ 0.01551719  0.01934069  0.01665689  0.01526301  0.01833156]],0.0,0.0,0.0
2014-04-12 23:50:00,0.0,0,0.000273459969321,0.000273459969321,[[ 0.01501753  0.01849408  0.01617691  0.01485895  0.01781184]],0.0,0.0,0.0
2014-04-12 23:55:00,0.0,0,0.00025544402888,0.00025544402888,[[ 0.01453487  0.01765878  0.01570839  0.01445846  0.01727208]],0.0,0.0,0.0
2014-04-13 00:00:00,0.0,0,0.000238337132032,0.000238337132032,[[ 0.01407057  0.0168417   0.01525358  0.01406411  0.01672097]],0.0,0.0,0.0
2014-04-13 00:05:00,0.0,0,0.000222417031182,0.000222417031182,[[ 0.01364535  0.01606495  0.01482824  0.0136805   0.0161485 ]],0.0,0.0,0.0
2014-04-13 00:10:00,0.0,0,0.000208595447475,0.000208595447475,[[ 0.0132937   0.01538984  0.014465    0.01333077  0.01557119]],0.0,0.0,0.0
2014-04-13 00:15:00,0.0,0,0.000196739012608,0.000196739012608,[[ 0.01298989  0.0148114   0.01414869  0.01302038  0.01502879]],0.0,0.0,0.0
2014-04-13 00:20:00,0.0,0,0.000185496319318,0.000185496319318,[[ 0.0126868   0.01424871  0.0138349   0.01271692  0.01450436]],0.0,0.0,0.0
2014-04-13 00:25:00,0.0,0,0.000174838787643,0.000174838787643,[[ 0.012385    0.01370138  0.01352395  0.01242019  0.01399712]],0.0,0.0,0.0
2014-04-13 00:30:00,0.0,0,0.000164706027135,0.000164706027135,[[ 0.01208648  0.0131675   0.01321696  0.01212916  0.01350036]],0.0,0.0,0.0
2014-04-13 00:35:00,0.0,0,0.000155111498316,0.000155111498316,[[ 0.0117899   0.01264861  0.0129135   0.01184503  0.01301942]],0.0,0.0,0.0
2014-04-13 00:40:00,0.0,0,0.000146031656186,0.000146031656186,[[ 0.01149547  0.01214447  0.01261369  0.01156768  0.01255419]],0.0,0.0,0.0
2014-04-13 00:45:00,0.0,0,0.00013744350872,0.00013744350872,[[ 0.01120363  0.01165482  0.01231778  0.01129698  0.01210421]],0.0,0.0,0.0
2014-04-13 00:50:00,0.0,0,0.000129324311274,0.000129324311274,[[ 0.01091473  0.0111794   0.01202594  0.01103276  0.01166904]],0.0,0.0,0.0
2014-04-13 00:55:00,0.0,0,0.00012165143562,0.00012165143562,[[ 0.01062902  0.0107179   0.01173834  0.01077484  0.0112482 ]],0.0,0.0,0.0
2014-04-13 01:00:00,0.0,0,0.000114404829219,0.000114404829219,[[ 0.01034687  0.01027012  0.01145515  0.01052314  0.01084131]],0.0,0.0,0.0
2014-04-13 01:05:00,0.0,0,0.000107562998892,0.000107562998892,[[ 0.01006851  0.00983573  0.01117647  0.01027746  0.01044792]],0.0,0.0,0.0
2014-04-13 01:10:00,0.0,0,0.000101106415968,0.000101106415968,[[ 0.00979412  0.00941448  0.01090245  0.01003768  0.01006759]],0.0,0.0,0.0
2014-04-13 01:15:00,0.0,0,9.50148169068e-05,9.50148169068e-05,[[ 0.00952394  0.00900602  0.01063313  0.00980359  0.00969983]],0.0,0.0,0.0
2014-04-13 01:20:00,0.0,0,8.92524258234e-05,8.92524258234e-05,[[ 0.00925734  0.00860878  0.01036812  0.00957483  0.00934224]],0.0,0.0,0.0
2014-04-13 01:25:00,0.0,0,8.38207997731e-05,8.38207997731e-05,[[ 0.00899493  0.00822396  0.01010799  0.00935186  0.00899629]],0.0,0.0,0.0
2014-04-13 01:30:00,0.0,0,7.87057942944e-05,7.87057942944e-05,[[ 0.00873895  0.00785159  0.00985395  0.00913411  0.00865909]],0.0,0.0,0.0
2014-04-13 01:35:00,0.0,0,7.38889284548e-05,7.38889284548e-05,[[ 0.00848753  0.00749116  0.00960491  0.0089218   0.00833283]],0.0,0.0,0.0
2014-04-13 01:40:00,0.0,0,6.93551264703e-05,6.93551264703e-05,[[ 0.00824066  0.00714238  0.0093608   0.00871485  0.00801751]],0.0,0.0,0.0
2014-04-13 01:45:00,0.0,0,6.50893125567e-05,6.50893125567e-05,[[ 0.00799842  0.00680498  0.00912163  0.00851312  0.00771276]],0.0,0.0,0.0
2014-04-13 01:50:00,0.0,0,6.10772840446e-05,6.10772840446e-05,[[ 0.00776092  0.00647873  0.0088874   0.00831645  0.00741832]],0.0,0.0,0.0
2014-04-13 01:55:00,0.0,0,5.73056458961e-05,5.73056458961e-05,[[ 0.00752825  0.00616337  0.00865813  0.0081247   0.00713391]],0.0,0.0,0.0
2014-04-13 02:00:00,0.0,0,5.37608939339e-05,5.37608939339e-05,[[ 0.00730043  0.00585862  0.00843378  0.00793774  0.00685919]],0.0,0.0,0.0
2014-04-13 02:05:00,0.0,0,5.04311647092e-05,5.04311647092e-05,[[ 0.00707752  0.00556426  0.00821436  0.00775546  0.00659398]],0.0,0.0,0.0
2014-04-13 02:10:00,0.0,0,4.73000036436e-05,4.73000036436e-05,[[ 0.00685956  0.00527956  0.00799974  0.00757743  0.00633715]],0.0,0.0,0.0
2014-04-13 02:15:00,0.0,0,4.43522185378e-05,4.43522185378e-05,[[ 0.00664622  0.00500382  0.00778977  0.00740353  0.00608751]],0.0,0.0,0.0
2014-04-13 02:20:00,0.0,0,4.15855683968e-05,4.15855683968e-05,[[ 0.00643758  0.00473778  0.00758463  0.00723416  0.00584628]],0.0,0.0,0.0
2014-04-13 02:25:00,0.0,0,3.89900160371e-05,3.89900160371e-05,[[ 0.00623371  0.00448117  0.00738429  0.00706922  0.00561325]],0.0,0.0,0.0
2014-04-13 02:30:00,0.0,0,3.65556552424e-05,3.65556552424e-05,[[ 0.00603461  0.00423375  0.00718868  0.00690853  0.00538817]],0.0,0.0,0.0
2014-04-13 02:35:00,0.0,0,3.42734019796e-05,3.42734019796e-05,[[ 0.00584029  0.00399529  0.00699777  0.00675195  0.00517089]],0.0,0.0,0.0
2014-04-13 02:40:00,0.0,0,3.21345105476e-05,3.21345105476e-05,[[ 0.00565074  0.0037656   0.00681149  0.0065994   0.00496119]],0.0,0.0,0.0
2014-04-13 02:45:00,0.0,0,3.0130653613e-05,3.0130653613e-05,[[ 0.00546598  0.00354443  0.00662982  0.00645074  0.00475886]],0.0,0.0,0.0
2014-04-13 02:50:00,0.0,0,2.82539731415e-05,2.82539731415e-05,[[ 0.00528599  0.00333158  0.00645269  0.00630587  0.00456373]],0.0,0.0,0.0
2014-04-13 02:55:00,0.0,0,2.64965747192e-05,2.64965747192e-05,[[ 0.00511072  0.00312679  0.00628     0.00616465  0.00437554]],0.0,0.0,0.0
2014-04-13 03:00:00,0.0,0,2.4851426133e-05,2.4851426133e-05,[[ 0.00494012  0.00292984  0.00611171  0.00602699  0.00419413]],0.0,0.0,0.0
2014-04-13 03:05:00,0.0,0,2.33090013353e-05,2.33090013353e-05,[[ 0.00477431  0.00274006  0.00594772  0.00589241  0.00401836]],0.0,0.0,0.0
2014-04-13 03:10:00,0.0,0,2.18613404286e-05,2.18613404286e-05,[[ 0.00461306  0.00255696  0.00578789  0.00576078  0.00384733]],0.0,0.0,0.0
2014-04-13 03:15:00,0.0,0,2.05068954529e-05,2.05068954529e-05,[[ 0.00445618  0.00238107  0.00563224  0.00563258  0.0036823 ]],0.0,0.0,0.0
2014-04-13 03:20:00,0.0,0,1.92402130779e-05,1.92402130779e-05,[[ 0.00430362  0.00221224  0.00548073  0.00550771  0.00352316]],0.0,0.0,0.0
2014-04-13 03:25:00,0.0,0,1.80556253326e-05,1.80556253326e-05,[[ 0.00415535  0.00205022  0.00533322  0.00538603  0.00336974]],0.0,0.0,0.0
2014-04-13 03:30:00,0.0,0,1.69482045749e-05,1.69482045749e-05,[[ 0.00401129  0.00189485  0.0051897   0.00526749  0.00322191]],0.0,0.0,0.0
2014-04-13 03:35:00,0.0,0,1.59130158863e-05,1.59130158863e-05,[[ 0.00387142  0.00174591  0.00505003  0.00515195  0.00307954]],0.0,0.0,0.0
2014-04-13 03:40:00,1.0,0,1.49456755025e-05,1.49456755025e-05,[[ 0.00373571  0.00160326  0.00491419  0.00503936  0.00294245]],0.0,0.0,0.0
2014-04-13 03:45:00,0.0,0,0.198889821768,0.198889821768,[[ 0.00360402  0.00146665  0.00478207  0.0049296   0.00281052]],0.0,0.0,0.0
2014-04-13 03:50:00,0.0,0,0.197970032692,0.197970032692,[[ 0.00333694  0.00165309  0.00457235  0.00511836  0.00509369]],0.0,0.0,0.0
2014-04-13 03:55:00,0.0,0,0.198274597526,0.198274597526,[[ 0.00289743  0.0019411   0.0043799   0.00680629  0.00742247]],0.0,0.0,0.0
2014-04-13 04:00:00,0.0,0,0.199028238654,0.199028238654,[[ 0.00295346  0.00253195  0.00571109  0.00831365  0.00939072]],0.0,0.0,0.0
2014-04-13 04:05:00,0.0,0,0.198723956943,0.198723956943,[[ 0.00334699  0.00496658  0.00723269  0.00979089  0.01138869]],0.0,0.0,0.0
2014-04-13 04:10:00,1.0,0,0.0324666202068,0.0324666202068,[[-0.03311278 -0.02794625  0.09226184  0.22413546  0.31891489]],0.0,0.0,0.0
2014-04-13 04:15:00,0.0,0,0.103124022484,0.103124022484,[[ 0.03240554  0.09968419  0.15823793  0.25575209  0.35642821]],0.0,0.0,0.0
2014-04-13 04:20:00,0.0,0,0.151438504457,0.151438504457,[[ 0.14510614  0.22281244  0.24077758  0.26228788  0.29034168]],0.0,0.0,0.0
2014-04-13 04:25:00,0.0,0,0.150312423706,0.150312423706,[[ 0.22704133  0.29235753  0.27173829  0.22525819  0.18285251]],0.0,0.0,0.0
2014-04-13 04:30:00,0.0,0,0.130136460066,0.130136460066,[[ 0.28072938  0.31576252  0.27091515  0.16108158  0.06595504]],0.0,0.0,0.0
2014-04-13 04:35:00,0.0,0,0.132196173072,0.132196173072,[[ 0.2823053   0.28516245  0.23576123  0.09021778 -0.02924017]],0.0,0.0,0.0
2014-04-13 04:40:00,0.0,0,0.00249841739424,0.00249841739424,[[ 0.08590104 -0.04158001  0.00589611 -0.04276158 -0.03899851]],0.0,0.0,0.0
2014-04-13 04:45:00,0.0,0,0.000496147375088,0.000496147375088,[[ 0.04479232  0.01935183  0.00671291  0.00135587  0.0072794 ]],0.0,0.0,0.0
2014-04-13 04:50:00,0.0,0,0.00105950678699,0.00105950678699,[[ 0.05655374  0.04165538  0.01386069 -0.00456885 -0.01229005]],0.0,0.0,0.0
2014-04-13 04:55:00,0.0,0,0.000807136180811,0.000807136180811,[[ 0.04579297  0.03413199  0.00398751 -0.01296602 -0.02428322]],0.0,0.0,0.0
2014-04-13 05:00:00,0.0,0,0.000407734740293,0.000407734740293,[[ 0.02523342  0.0153681  -0.01125238 -0.01816752 -0.02662884]],0.0,0.0,0.0
2014-04-13 05:05:00,0.0,0,0.000295161327813,0.000295161327813,[[ 0.00518991 -0.00300403 -0.0240813  -0.01894625 -0.02238254]],0.0,0.0,0.0
2014-04-13 05:10:00,0.0,0,0.000354588468326,0.000354588468326,[[-0.00828311 -0.01552528 -0.03079855 -0.01633065 -0.01574984]],0.0,0.0,0.0
2014-04-13 05:15:00,0.0,0,0.000379900651751,0.000379900651751,[[-0.01432082 -0.02166463 -0.03160668 -0.01181777 -0.00929619]],0.0,0.0,0.0
2014-04-13 05:20:00,0.0,0,0.000296722573694,0.000296722573694,[[-0.01412087 -0.02188891 -0.0275279  -0.0061937  -0.00299038]],0.0,0.0,0.0
2014-04-13 05:25:00,0.0,0,0.00020171511278,0.00020171511278,[[-0.01177263 -0.019283   -0.02203014 -0.00092302  0.0034594 ]],0.0,0.0,0.0
2014-04-13 05:30:00,0.0,0,0.000142494609463,0.000142494609463,[[-0.00904888 -0.01584868 -0.01680229  0.00330842  0.00928158]],0.0,0.0,0.0
2014-04-13 05:35:00,0.0,0,0.000114639384265,0.000114639384265,[[-0.00619587 -0.01220113 -0.01223549  0.00658371  0.01388841]],0.0,0.0,0.0
2014-04-13 05:40:00,0.0,0,0.000107941756141,0.000107941756141,[[-0.00334251 -0.00863664 -0.00824748  0.00912984  0.01739454]],0.0,0.0,0.0
2014-04-13 05:45:00,0.0,0,0.000112699344754,0.000112699344754,[[-0.00011257 -0.00494856 -0.00421998  0.01119459  0.01989645]],0.0,0.0,0.0
2014-04-13 05:50:00,0.0,0,0.000209132864256,0.000209132864256,[[-0.0109413  -0.02204515 -0.01916575  0.00330023  0.00785787]],0.0,0.0,0.0
2014-04-13 05:55:00,0.0,0,0.000108740045107,0.000108740045107,[[-0.00435562 -0.01366504 -0.01057485  0.00761236  0.01296997]],0.0,0.0,0.0
2014-04-13 06:00:00,0.0,0,8.77904385561e-05,8.77904385561e-05,[[ 0.00158464 -0.00654626 -0.00339985  0.01068228  0.01636819]],0.0,0.0,0.0
2014-04-13 06:05:00,0.0,0,0.000106729683466,0.000106729683466,[[ 0.00544761 -0.0009131   0.00142628  0.01266912  0.01845528]],0.0,0.0,0.0
2014-04-13 06:10:00,0.0,0,0.000140016854857,0.000140016854857,[[ 0.00783332  0.00361633  0.00472721  0.01412851  0.0200919 ]],0.0,0.0,0.0
2014-04-13 06:15:00,0.0,0,0.000184846488992,0.000184846488992,[[ 0.00991163  0.007743    0.007513    0.0153206   0.02179155]],0.0,0.0,0.0
2014-04-13 06:20:00,0.0,0,0.000423081073677,0.000423081073677,[[ 0.02104798  0.02158637  0.02023496  0.01656715  0.02285809]],0.0,0.0,0.0
2014-04-13 06:25:00,0.0,0,0.000422155571869,0.000422155571869,[[ 0.02118465  0.02171229  0.02028082  0.01639116  0.02259608]],0.0,0.0,0.0
2014-04-13 06:30:00,0.0,0,0.000419499265263,0.000419499265263,[[ 0.02127436  0.02179211  0.02026484  0.01618446  0.02230249]],0.0,0.0,0.0
2014-04-13 06:35:00,0.0,0,0.000414967129473,0.000414967129473,[[ 0.02131366  0.02181575  0.02018552  0.01594431  0.02197637]],0.0,0.0,0.0
2014-04-13 06:40:00,0.0,0,0.00040882313624,0.00040882313624,[[ 0.02130842  0.02179065  0.02005     0.01567498  0.02162237]],0.0,0.0,0.0
2014-04-13 06:45:00,0.0,0,0.000401259487262,0.000401259487262,[[ 0.02126303  0.02172012  0.019865    0.01538004  0.02124273]],0.0,0.0,0.0
2014-04-13 06:50:00,0.0,0,0.000392441259464,0.000392441259464,[[ 0.02118197  0.02160767  0.01963561  0.01506162  0.02083816]],0.0,0.0,0.0
2014-04-13 06:55:00,0.0,0,0.000382585567422,0.000382585567422,[[ 0.02107102  0.02145649  0.01937042  0.01472375  0.02040972]],0.0,0.0,0.0
2014-04-13 07:00:00,0.0,0,0.00037192000309,0.00037192000309,[[ 0.02093648  0.02126949  0.0190796   0.01437122  0.01995771]],0.0,0.0,0.0
2014-04-13 07:05:00,0.0,0,0.000361240061466,0.000361240061466,[[ 0.02078509  0.02103406  0.01881986  0.01404767  0.01949934]],0.0,0.0,0.0
2014-04-13 07:10:00,0.0,0,0.000351425784174,0.000351425784174,[[ 0.0205806   0.02072337  0.01864064  0.01382906  0.01911526]],0.0,0.0,0.0
2014-04-13 07:15:00,0.0,0,0.00034117983887,0.00034117983887,[[ 0.02035245  0.02038969  0.01844092  0.01360595  0.01872826]],0.0,0.0,0.0
2014-04-13 07:20:00,0.0,0,0.000330599723384,0.000330599723384,[[ 0.02010331  0.02003598  0.01822303  0.01337915  0.01833942]],0.0,0.0,0.0
2014-04-13 07:25:00,0.0,0,0.000319775543176,0.000319775543176,[[ 0.01983567  0.019665    0.01798916  0.01314945  0.01794976]],0.0,0.0,0.0
2014-04-13 07:30:00,0.0,0,0.000308785034576,0.000308785034576,[[ 0.01955179  0.01927917  0.01774123  0.01291744  0.01756003]],0.0,0.0,0.0
2014-04-13 07:35:00,0.0,0,0.00029770177207,0.00029770177207,[[ 0.01925377  0.01888083  0.01748111  0.0126838   0.01717113]],0.0,0.0,0.0
2014-04-13 07:40:00,0.0,0,0.000286588503513,0.000286588503513,[[ 0.01894349  0.01847203  0.01721039  0.01244907  0.01678373]],0.0,0.0,0.0
2014-04-13 07:45:00,0.0,0,0.000275501835858,0.000275501835858,[[ 0.01862273  0.01805468  0.01693062  0.01221374  0.01639847]],0.0,0.0,0.0
2014-04-13 07:50:00,0.0,0,0.000264491944108,0.000264491944108,[[ 0.01829311  0.01763053  0.01664319  0.0119783   0.01601596]],0.0,0.0,0.0
2014-04-13 07:55:00,0.0,0,0.000253601523582,0.000253601523582,[[ 0.01795604  0.01720116  0.01634934  0.01174315  0.01563669]],0.0,0.0,0.0
2014-04-13 08:00:00,0.0,0,0.000242867550696,0.000242867550696,[[ 0.01761287  0.01676798  0.01605022  0.01150864  0.0152611 ]],0.0,0.0,0.0
2014-04-13 08:05:00,0.0,0,0.000232323029195,0.000232323029195,[[ 0.01726487  0.01633234  0.0157469   0.01127514  0.0148896 ]],0.0,0.0,0.0
2014-04-13 08:10:00,0.0,0,0.000221995214815,0.000221995214815,[[ 0.01691314  0.01589544  0.01544035  0.01104295  0.01452259]],0.0,0.0,0.0
2014-04-13 08:15:00,0.0,0,0.00021190692496,0.00021190692496,[[ 0.01655874  0.01545837  0.01513145  0.01081233  0.01416031]],0.0,0.0,0.0
2014-04-13 08:20:00,0.0,0,0.000202076364076,0.000202076364076,[[ 0.01620255  0.01502205  0.01482099  0.01058354  0.01380305]],0.0,0.0,0.0
2014-04-13 08:25:00,0.0,0,0.000192520354176,0.000192520354176,[[ 0.01584547  0.01458747  0.01450972  0.01035681  0.01345114]],0.0,0.0,0.0
2014-04-13 08:30:00,0.0,0,0.000183249634574,0.000183249634574,[[ 0.01548824  0.01415536  0.01419829  0.01013234  0.01310468]],0.0,0.0,0.0
2014-04-13 08:35:00,0.0,0,0.000174274464371,0.000174274464371,[[ 0.01513162  0.0137265   0.01388732  0.00991029  0.01276393]],0.0,0.0,0.0
2014-04-13 08:40:00,0.0,0,0.000165600722539,0.000165600722539,[[ 0.0147762   0.01330154  0.01357734  0.00969083  0.012429  ]],0.0,0.0,0.0
2014-04-13 08:45:00,0.0,0,0.00015723319666,0.00015723319666,[[ 0.01442261  0.01288108  0.01326888  0.00947411  0.0121    ]],0.0,0.0,0.0
2014-04-13 08:50:00,0.0,0,0.000149173662066,0.000149173662066,[[ 0.01407135  0.0124656   0.01296237  0.00926024  0.01177707]],0.0,0.0,0.0
2014-04-13 08:55:00,0.0,0,0.000141423035529,0.000141423035529,[[ 0.01372292  0.01205561  0.01265823  0.00904932  0.01146027]],0.0,0.0,0.0
2014-04-13 09:00:00,0.0,0,0.000133979949169,0.000133979949169,[[ 0.01337775  0.01165152  0.01235682  0.00884148  0.01114967]],0.0,0.0,0.0
2014-04-13 09:05:00,0.0,0,0.000126841609017,0.000126841609017,[[ 0.0130362   0.01125368  0.01205847  0.00863676  0.01084528]],0.0,0.0,0.0
2014-04-13 09:10:00,0.0,0,0.000120003962365,0.000120003962365,[[ 0.01269902  0.01086238  0.01176367  0.00843513  0.01054647]],0.0,0.0,0.0
2014-04-13 09:15:00,0.0,0,0.000113462352601,0.000113462352601,[[ 0.01236641  0.01047784  0.01147264  0.00823669  0.01025349]],0.0,0.0,0.0
2014-04-13 09:20:00,0.0,0,0.000107211504655,0.000107211504655,[[ 0.01203834  0.01010039  0.01118545  0.00804156  0.00996679]],0.0,0.0,0.0
2014-04-13 09:25:00,0.0,0,0.000101245415863,0.000101245415863,[[ 0.01171509  0.00973023  0.01090233  0.0078498   0.00968639]],0.0,0.0,0.0
2014-04-13 09:30:00,0.0,0,9.55571595114e-05,9.55571595114e-05,[[ 0.01139686  0.00936759  0.01062344  0.00766142  0.00941227]],0.0,0.0,0.0
2014-04-13 09:35:00,0.0,0,9.01390085346e-05,9.01390085346e-05,[[ 0.01108382  0.00901256  0.01034897  0.00747646  0.00914436]],0.0,0.0,0.0
2014-04-13 09:40:00,0.0,0,8.49836287671e-05,8.49836287671e-05,[[ 0.01077617  0.00866529  0.01007903  0.00729494  0.00888269]],0.0,0.0,0.0
2014-04-13 09:45:00,0.0,0,8.00820853328e-05,8.00820853328e-05,[[ 0.010474    0.00832585  0.00981373  0.00711684  0.00862712]],0.0,0.0,0.0
2014-04-13 09:50:00,0.0,0,7.54268403398e-05,7.54268403398e-05,[[ 0.01017744  0.00799438  0.00955322  0.00694221  0.00837768]],0.0,0.0,0.0
2014-04-13 09:55:00,0.0,0,7.10086897016e-05,7.10086897016e-05,[[ 0.00988658  0.00767085  0.00929753  0.00677102  0.00813427]],0.0,0.0,0.0
2014-04-13 10:00:00,0.0,0,6.68189823045e-05,6.68189823045e-05,[[ 0.00960149  0.0073553   0.00904673  0.00660326  0.00789681]],0.0,0.0,0.0
2014-04-13 10:05:00,0.0,0,6.28493362456e-05,6.28493362456e-05,[[ 0.00932224  0.00704777  0.00880089  0.00643893  0.00766524]],0.0,0.0,0.0
2014-04-13 10:10:00,0.0,0,5.9090933064e-05,5.9090933064e-05,[[ 0.00904888  0.00674824  0.00856005  0.00627801  0.00743947]],0.0,0.0,0.0
2014-04-13 10:15:00,0.0,0,5.55351725779e-05,5.55351725779e-05,[[ 0.00878142  0.0064567   0.00832424  0.00612049  0.00721944]],0.0,0.0,0.0
2014-04-13 10:20:00,0.0,0,5.21736328665e-05,5.21736328665e-05,[[ 0.0085199   0.00617313  0.00809345  0.00596634  0.00700505]],0.0,0.0,0.0
2014-04-13 10:25:00,0.0,0,4.89975609526e-05,4.89975609526e-05,[[ 0.00826427  0.00589744  0.00786772  0.00581553  0.00679621]],0.0,0.0,0.0
2014-04-13 10:30:00,0.0,0,4.59988732473e-05,4.59988732473e-05,[[ 0.00801459  0.00562958  0.007647    0.00566802  0.00659283]],0.0,0.0,0.0
2014-04-13 10:35:00,0.0,0,4.31695552834e-05,4.31695552834e-05,[[ 0.0077708   0.00536951  0.00743132  0.00552381  0.00639483]],0.0,0.0,0.0
2014-04-13 10:40:00,0.0,0,4.05018799938e-05,4.05018799938e-05,[[ 0.00753291  0.00511716  0.00722067  0.00538286  0.00620211]],0.0,0.0,0.0
2014-04-13 10:45:00,0.0,0,3.79876073566e-05,3.79876073566e-05,[[ 0.00730085  0.00487237  0.00701498  0.00524509  0.00601454]],0.0,0.0,0.0
2014-04-13 10:50:00,0.0,0,3.56195087079e-05,3.56195087079e-05,[[ 0.00707457  0.0046351   0.00681423  0.00511049  0.00583206]],0.0,0.0,0.0
2014-04-13 10:55:00,0.0,0,3.33904135914e-05,3.33904135914e-05,[[ 0.00685406  0.00440524  0.0066184   0.00497903  0.00565454]],0.0,0.0,0.0
2014-04-13 11:00:00,0.0,0,3.1293144275e-05,3.1293144275e-05,[[ 0.00663923  0.00418265  0.00642741  0.00485066  0.00548191]],0.0,0.0,0.0
2014-04-13 11:05:00,0.0,0,2.93210378004e-05,2.93210378004e-05,[[ 0.00643003  0.00396726  0.00624122  0.00472532  0.00531406]],0.0,0.0,0.0
2014-04-13 11:10:00,0.0,0,2.74676185654e-05,2.74676185654e-05,[[ 0.0062264   0.00375894  0.0060598   0.004603    0.00515089]],0.0,0.0,0.0
2014-04-13 11:15:00,0.0,0,2.57265837718e-05,2.57265837718e-05,[[ 0.00602826  0.00355756  0.00588306  0.00448363  0.00499234]],0.0,0.0,0.0
2014-04-13 11:20:00,0.0,0,2.40916233452e-05,2.40916233452e-05,[[ 0.00583551  0.00336297  0.00571094  0.00436716  0.00483822]],0.0,0.0,0.0
2014-04-13 11:25:00,0.0,0,2.25571075134e-05,2.25571075134e-05,[[ 0.0056481   0.00317506  0.0055434   0.00425353  0.00468847]],0.0,0.0,0.0
2014-04-13 11:30:00,0.0,0,2.11175010918e-05,2.11175010918e-05,[[ 0.00546592  0.0029937   0.00538033  0.00414272  0.004543  ]],0.0,0.0,0.0
2014-04-13 11:35:00,0.0,0,1.97675126401e-05,1.97675126401e-05,[[ 0.00528891  0.00281873  0.00522168  0.00403467  0.00440173]],0.0,0.0,0.0
2014-04-13 11:40:00,0.0,0,1.85020107892e-05,1.85020107892e-05,[[ 0.00511697  0.00265004  0.00506738  0.00392931  0.00426453]],0.0,0.0,0.0
2014-04-13 11:45:00,0.0,0,1.73162934516e-05,1.73162934516e-05,[[ 0.00495002  0.00248748  0.00491735  0.00382663  0.00413131]],0.0,0.0,0.0
2014-04-13 11:50:00,0.0,0,1.62055657711e-05,1.62055657711e-05,[[ 0.00478794  0.00233093  0.0047715   0.00372655  0.00400198]],0.0,0.0,0.0
2014-04-13 11:55:00,0.0,0,1.51654676301e-05,1.51654676301e-05,[[ 0.00463063  0.00218019  0.00462975  0.00362902  0.00387648]],0.0,0.0,0.0
2014-04-13 12:00:00,1.0,0,1.4191912669e-05,1.4191912669e-05,[[ 0.00447802  0.00203519  0.00449204  0.003534    0.00375465]],0.0,0.0,0.0
2014-04-13 12:05:00,0.0,0,0.198558717966,0.198558717966,[[ 0.00432999  0.00189571  0.00435827  0.00344143  0.00363642]],0.0,0.0,0.0
2014-04-13 12:10:00,0.0,0,0.198540315032,0.198540315032,[[ 0.00392453  0.00196087  0.00411344  0.0036907   0.00576103]],0.0,0.0,0.0
2014-04-13 12:15:00,0.0,0,0.198451191187,0.198451191187,[[ 0.00339394  0.00221051  0.00393504  0.00549046  0.0079973 ]],0.0,0.0,0.0
2014-04-13 12:20:00,0.0,0,0.198923096061,0.198923096061,[[ 0.00337327  0.00279003  0.00530897  0.00714118  0.00985819]],0.0,0.0,0.0
2014-04-13 12:25:00,0.0,0,0.198585033417,0.198585033417,[[ 0.00368828  0.00521835  0.00688807  0.00879022  0.01167096]],0.0,0.0,0.0
2014-04-13 12:30:00,1.0,0,0.0287706200033,0.0287706200033,[[-0.06237011 -0.05240327  0.06481799  0.20304258  0.30296749]],0.0,0.0,0.0
2014-04-13 12:35:00,0.0,0,0.101067557931,0.101067557931,[[ 0.00080954  0.07153372  0.13714117  0.24516708  0.35091954]],0.0,0.0,0.0
2014-04-13 12:40:00,0.0,0,0.147404566407,0.147404566407,[[ 0.11790381  0.19557437  0.2252783   0.25568509  0.28304973]],0.0,0.0,0.0
2014-04-13 12:45:00,0.0,0,0.148261681199,0.148261681199,[[ 0.20649746  0.26835293  0.25955385  0.21941227  0.17393006]],0.0,0.0,0.0
2014-04-13 12:50:00,0.0,0,0.132239922881,0.132239922881,[[ 0.26661649  0.29561862  0.25924915  0.15378454  0.05569883]],0.0,0.0,0.0
2014-04-13 12:55:00,0.0,0,0.132502421737,0.132502421737,[[ 0.267277    0.26307303  0.22008942  0.08153521 -0.03652804]],0.0,0.0,0.0
2014-04-13 13:00:00,0.0,0,0.00305959396064,0.00305959396064,[[ 0.04344752 -0.08802259 -0.03020092 -0.05641075 -0.03959846]],0.0,0.0,0.0
2014-04-13 13:05:00,0.0,0,0.000687569379807,0.000687569379807,[[-0.01503161 -0.03305461 -0.03706504 -0.00168587  0.02725125]],0.0,0.0,0.0
2014-04-13 13:10:00,0.0,0,0.000164624187164,0.000164624187164,[[ 0.00725716  0.0072625  -0.01791936  0.0039008   0.01952923]],0.0,0.0,0.0
2014-04-13 13:15:00,0.0,0,0.000227318800171,0.000227318800171,[[ 0.01912539  0.0244095  -0.00927909  0.00291053  0.00896755]],0.0,0.0,0.0
2014-04-13 13:20:00,0.0,0,0.000253273872659,0.000253273872659,[[ 0.02165249  0.02713862 -0.00776599  0.00030496  0.00079418]],0.0,0.0,0.0
2014-04-13 13:25:00,0.0,0,0.000194025866222,0.000194025866222,[[ 0.01900478  0.02253681 -0.0091635  -0.00154906 -0.00383021]],0.0,0.0,0.0
2014-04-13 13:30:00,0.0,0,0.000124563768622,0.000124563768622,[[ 0.01531441  0.01597507 -0.01008061 -0.00157004 -0.00538526]],0.0,0.0,0.0
2014-04-13 13:35:00,0.0,0,7.90642952779e-05,7.90642952779e-05,[[ 0.01331692  0.01066658 -0.00884919  0.00015604 -0.00508652]],0.0,0.0,0.0
2014-04-13 13:40:00,0.0,0,5.26162730239e-05,5.26162730239e-05,[[ 0.01226582  0.00750709 -0.00660557  0.00252751 -0.00250058]],0.0,0.0,0.0
2014-04-13 13:45:00,0.0,0,3.90634450014e-05,3.90634450014e-05,[[ 0.0108878   0.00541933 -0.00447593  0.00492924  0.00175287]],0.0,0.0,0.0
2014-04-13 13:50:00,0.0,0,4.41673837486e-05,4.41673837486e-05,[[ 0.01009148  0.00466256 -0.00218367  0.00730757  0.00625224]],0.0,0.0,0.0
2014-04-13 13:55:00,0.0,0,6.36777112959e-05,6.36777112959e-05,"[[  9.99366492e-03   4.96251881e-03   7.88420439e-05   9.43763554e-03
    1.02378428e-02]]",0.0,0.0,0.0
2014-04-13 14:00:00,0.0,0,8.7566266302e-05,8.7566266302e-05,[[ 0.01008835  0.00566888  0.0017496   0.01105539  0.01336554]],0.0,0.0,0.0
2014-04-13 14:05:00,0.0,0,0.000113367939775,0.000113367939775,[[ 0.01054109  0.00667965  0.00342818  0.01237384  0.01569213]],0.0,0.0,0.0
2014-04-13 14:10:00,0.0,0,6.60581354168e-05,6.60581354168e-05,[[-0.00026548 -0.0083981  -0.01590911  0.00225251  0.00123233]],0.0,0.0,0.0
2014-04-13 14:15:00,0.0,0,3.62309874617e-05,3.62309874617e-05,[[ 0.00345455 -0.00349185 -0.00854396  0.0064123   0.00655065]],0.0,0.0,0.0
2014-04-13 14:20:00,0.0,0,5.1792281738e-05,5.1792281738e-05,[[ 0.00661022  0.00060095 -0.00255724  0.0095246   0.01084656]],0.0,0.0,0.0
2014-04-13 14:25:00,0.0,0,9.0580957476e-05,9.0580957476e-05,[[ 0.00916416  0.00391679  0.00228801  0.01203886  0.01426227]],0.0,0.0,0.0
2014-04-13 14:30:00,0.0,0,0.00012776661606,0.00012776661606,[[ 0.0110571   0.00651047  0.00547039  0.01351842  0.01617141]],0.0,0.0,0.0
2014-04-13 14:35:00,0.0,0,0.000157053000294,0.000157053000294,[[ 0.01223139  0.00842842  0.00765483  0.01438301  0.01729602]],0.0,0.0,0.0
2014-04-13 14:40:00,0.0,0,0.000638763711322,0.000638763711322,[[ 0.02419562  0.0286389   0.02724715  0.02251231  0.02321623]],0.0,0.0,0.0
2014-04-13 14:45:00,0.0,0,0.000634764204733,0.000634764204733,[[ 0.02417757  0.02864227  0.02723563  0.02234356  0.02297546]],0.0,0.0,0.0
2014-04-13 14:50:00,0.0,0,0.000626823981293,0.000626823981293,[[ 0.02405501  0.02852886  0.02710938  0.02212334  0.02274246]],0.0,0.0,0.0
2014-04-13 14:55:00,0.0,0,0.000615456199739,0.000615456199739,[[ 0.02383915  0.02831167  0.02688128  0.02185812  0.02251766]],0.0,0.0,0.0
2014-04-13 15:00:00,0.0,0,0.00060114543885,0.00060114543885,[[ 0.02354072  0.02800225  0.02656267  0.02155294  0.02230092]],0.0,0.0,0.0
2014-04-13 15:05:00,0.0,0,0.000584173656534,0.000584173656534,[[ 0.02316618  0.02760608  0.02615937  0.02120965  0.02208934]],0.0,0.0,0.0
2014-04-13 15:10:00,0.0,0,0.00056436174782,0.00056436174782,[[ 0.02270795  0.02711289  0.02566168  0.02082353  0.02188396]],0.0,0.0,0.0
2014-04-13 15:15:00,0.0,0,0.000542720488738,0.000542720488738,[[ 0.02218461  0.02654842  0.02509407  0.02040841  0.02168896]],0.0,0.0,0.0
2014-04-13 15:20:00,0.0,0,0.000519268680364,0.000519268680364,[[ 0.02158827  0.02590812  0.02445006  0.01996439  0.02150993]],0.0,0.0,0.0
2014-04-13 15:25:00,0.0,0,0.000493540544994,0.000493540544994,[[ 0.02090805  0.02517201  0.02371043  0.01947824  0.02133869]],0.0,0.0,0.0
2014-04-13 15:30:00,0.0,0,0.000466851430247,0.000466851430247,[[ 0.02018324  0.02437815  0.0229151   0.01896334  0.0211634 ]],0.0,0.0,0.0
2014-04-13 15:35:00,0.0,0,0.000441619369667,0.000441619369667,[[ 0.01950689  0.02361853  0.02215464  0.01844849  0.02094203]],0.0,0.0,0.0
2014-04-13 15:40:00,0.0,0,0.000420902477344,0.000420902477344,[[ 0.01904278  0.02303462  0.02156912  0.01796414  0.02057556]],0.0,0.0,0.0
2014-04-13 15:45:00,0.0,0,0.00040205969708,0.00040205969708,[[ 0.0186616   0.02251998  0.0210489   0.01748989  0.02014798]],0.0,0.0,0.0
2014-04-13 15:50:00,0.0,0,0.000382768717827,0.000382768717827,[[ 0.01825111  0.02197469  0.02049371  0.01700122  0.01971852]],0.0,0.0,0.0
2014-04-13 15:55:00,0.0,0,0.000363424711395,0.000363424711395,[[ 0.01782385  0.02141051  0.01991629  0.01650257  0.0192881 ]],0.0,0.0,0.0
2014-04-13 16:00:00,0.0,0,0.00034415369737,0.00034415369737,[[ 0.01738272  0.02083012  0.01932035  0.01599588  0.01885661]],0.0,0.0,0.0
2014-04-13 16:05:00,0.0,0,0.000325062690536,0.000325062690536,[[ 0.01692799  0.02023469  0.01870851  0.01548366  0.0184272 ]],0.0,0.0,0.0
2014-04-13 16:10:00,0.0,0,0.000306153699057,0.000306153699057,[[ 0.01645794  0.01962333  0.01807898  0.01496527  0.01800058]],0.0,0.0,0.0
2014-04-13 16:15:00,0.0,0,0.000287384056719,0.000287384056719,[[ 0.01597942  0.01899872  0.01743053  0.0144357   0.01756173]],0.0,0.0,0.0
2014-04-13 16:20:00,0.0,0,0.000268970674369,0.000268970674369,[[ 0.01549009  0.01836051  0.01677067  0.01390267  0.01712491]],0.0,0.0,0.0
2014-04-13 16:25:00,0.0,0,0.000251056306297,0.000251056306297,[[ 0.01499484  0.01771608  0.01610277  0.01336753  0.01669092]],0.0,0.0,0.0
2014-04-13 16:30:00,0.0,0,0.000233408456552,0.000233408456552,[[ 0.0145036   0.01706139  0.01542486  0.01281929  0.01622764]],0.0,0.0,0.0
2014-04-13 16:35:00,0.0,0,0.000216302374611,0.000216302374611,[[ 0.01401504  0.01640095  0.01474483  0.01226712  0.01575459]],0.0,0.0,0.0
2014-04-13 16:40:00,0.0,0,0.00019979737408,0.00019979737408,[[ 0.01355184  0.01574152  0.01407763  0.01170769  0.01524105]],0.0,0.0,0.0
2014-04-13 16:45:00,0.0,0,0.000185256634722,0.000185256634722,[[ 0.01312695  0.01506905  0.01354534  0.01124307  0.01473117]],0.0,0.0,0.0
2014-04-13 16:50:00,0.0,0,0.000172713276697,0.000172713276697,[[ 0.01272463  0.01439554  0.01313989  0.01088582  0.01425695]],0.0,0.0,0.0
2014-04-13 16:55:00,0.0,0,0.000161282208865,0.000161282208865,[[ 0.01236749  0.01377306  0.01277079  0.01054455  0.01376511]],0.0,0.0,0.0
2014-04-13 17:00:00,0.0,0,0.000151839893078,0.000151839893078,[[ 0.0120827   0.01326893  0.01246885  0.01024991  0.0132895 ]],0.0,0.0,0.0
2014-04-13 17:05:00,0.0,0,0.000142971868627,0.000142971868627,[[ 0.01180063  0.012784    0.01217286  0.00996611  0.01283246]],0.0,0.0,0.0
2014-04-13 17:10:00,0.0,0,0.000134562738822,0.000134562738822,[[ 0.01151837  0.01231145  0.01187959  0.00969002  0.01239145]],0.0,0.0,0.0
2014-04-13 17:15:00,0.0,0,0.000126592844026,0.000126592844026,[[ 0.0112365   0.01185109  0.01158932  0.00942146  0.01196582]],0.0,0.0,0.0
2014-04-13 17:20:00,0.0,0,0.000119043957966,0.000119043957966,[[ 0.01095558  0.01140282  0.01130237  0.00916018  0.01155502]],0.0,0.0,0.0
2014-04-13 17:25:00,0.0,0,0.000111897694296,0.000111897694296,[[ 0.01067613  0.01096644  0.01101899  0.00890601  0.01115844]],0.0,0.0,0.0
2014-04-13 17:30:00,0.0,0,0.000105136117782,0.000105136117782,[[ 0.01039861  0.0105418   0.01073939  0.00865872  0.01077553]],0.0,0.0,0.0
2014-04-13 17:35:00,0.0,0,9.87361563602e-05,9.87361563602e-05,[[ 0.01012415  0.01012822  0.01046415  0.00841784  0.010404  ]],0.0,0.0,0.0
2014-04-13 17:40:00,0.0,0,9.26884094952e-05,9.26884094952e-05,[[ 0.00985238  0.00972605  0.01019305  0.00818352  0.01004531]],0.0,0.0,0.0
2014-04-13 17:45:00,0.0,0,8.69764262461e-05,8.69764262461e-05,[[ 0.00958361  0.00933512  0.00992627  0.00795557  0.00969898]],0.0,0.0,0.0
2014-04-13 17:50:00,0.0,0,8.1584934378e-05,8.1584934378e-05,[[ 0.00931816  0.00895529  0.00966394  0.00773383  0.00936459]],0.0,0.0,0.0
2014-04-13 17:55:00,0.0,0,7.64985306887e-05,7.64985306887e-05,[[ 0.00905629  0.00858636  0.00940618  0.00751816  0.00904167]],0.0,0.0,0.0
2014-04-13 18:00:00,0.0,0,7.1702641435e-05,7.1702641435e-05,[[ 0.00879823  0.00822818  0.00915307  0.00730837  0.00872986]],0.0,0.0,0.0
2014-04-13 18:05:00,0.0,0,6.71830348438e-05,6.71830348438e-05,[[ 0.00854419  0.00788057  0.00890473  0.00710434  0.00842869]],0.0,0.0,0.0
2014-04-13 18:10:00,0.0,0,6.29260684946e-05,6.29260684946e-05,[[ 0.00829434  0.00754335  0.00866117  0.00690588  0.00813787]],0.0,0.0,0.0
2014-04-13 18:15:00,0.0,0,5.89184855926e-05,5.89184855926e-05,[[ 0.00804885  0.00721633  0.00842249  0.00671288  0.00785698]],0.0,0.0,0.0
2014-04-13 18:20:00,0.0,0,5.5147731473e-05,5.5147731473e-05,[[ 0.00780783  0.00689934  0.0081887   0.00652517  0.0075857 ]],0.0,0.0,0.0
2014-04-13 18:25:00,0.0,0,5.16014406458e-05,5.16014406458e-05,[[ 0.00757141  0.00659218  0.00795984  0.00634264  0.00732366]],0.0,0.0,0.0
2014-04-13 18:30:00,0.0,0,4.82682589791e-05,4.82682589791e-05,[[ 0.00733971  0.00629471  0.00773593  0.00616515  0.00707057]],0.0,0.0,0.0
2014-04-13 18:35:00,0.0,0,4.51366140624e-05,4.51366140624e-05,[[ 0.00711276  0.00600667  0.00751697  0.00599258  0.00682611]],0.0,0.0,0.0
2014-04-13 18:40:00,0.0,0,4.21959557571e-05,4.21959557571e-05,[[ 0.00689065  0.00572792  0.00730295  0.00582478  0.00659002]],0.0,0.0,0.0
2014-04-13 18:45:00,0.0,0,3.94358066842e-05,3.94358066842e-05,[[ 0.00667344  0.00545827  0.00709388  0.00566165  0.00636192]],0.0,0.0,0.0
2014-04-13 18:50:00,0.0,0,3.68463006453e-05,3.68463006453e-05,[[ 0.00646114  0.0051975   0.00688971  0.00550305  0.00614163]],0.0,0.0,0.0
2014-04-13 18:55:00,0.0,0,3.44181535183e-05,3.44181535183e-05,[[ 0.00625378  0.00494544  0.00669046  0.00534887  0.00592883]],0.0,0.0,0.0
2014-04-13 19:00:00,0.0,0,3.21420739056e-05,3.21420739056e-05,[[ 0.00605136  0.00470188  0.00649603  0.00519899  0.00572326]],0.0,0.0,0.0
2014-04-13 19:05:00,0.0,0,3.00097799482e-05,3.00097799482e-05,[[ 0.0058539   0.00446665  0.00630645  0.00505332  0.00552471]],0.0,0.0,0.0
2014-04-13 19:10:00,0.0,0,2.80128297163e-05,2.80128297163e-05,[[ 0.00566137  0.00423956  0.00612162  0.00491172  0.00533291]],0.0,0.0,0.0
2014-04-13 19:15:00,0.0,0,2.61435743596e-05,2.61435743596e-05,[[ 0.00547376  0.00402042  0.00594153  0.00477412  0.00514764]],0.0,0.0,0.0
2014-04-13 19:20:00,0.0,0,2.43945778493e-05,2.43945778493e-05,[[ 0.00529104  0.00380902  0.00576609  0.00464039  0.00496871]],0.0,0.0,0.0
2014-04-13 19:25:00,0.0,0,2.27586315305e-05,2.27586315305e-05,[[ 0.00511317  0.00360517  0.00559527  0.00451044  0.00479586]],0.0,0.0,0.0
2014-04-13 19:30:00,0.0,0,2.12291979551e-05,2.12291979551e-05,[[ 0.00494012  0.00340873  0.00542899  0.00438417  0.00462892]],0.0,0.0,0.0
2014-04-13 19:35:00,0.0,0,1.97997105715e-05,1.97997105715e-05,[[ 0.00477184  0.00321946  0.0052672   0.00426146  0.00446764]],0.0,0.0,0.0
2014-04-13 19:40:00,0.0,0,1.84642594832e-05,1.84642594832e-05,[[ 0.00460825  0.00303718  0.00510982  0.00414225  0.00431188]],0.0,0.0,0.0
2014-04-13 19:45:00,0.0,0,1.72171239683e-05,1.72171239683e-05,[[ 0.00444932  0.00286175  0.00495677  0.00402644  0.00416146]],0.0,0.0,0.0
2014-04-13 19:50:00,0.0,0,1.60528397828e-05,1.60528397828e-05,[[ 0.00429498  0.00269297  0.00480801  0.00391393  0.00401615]],0.0,0.0,0.0
2014-04-13 19:55:00,0.0,0,1.49662473632e-05,1.49662473632e-05,[[ 0.00414516  0.00253065  0.00466342  0.00380465  0.0038758 ]],0.0,0.0,0.0
2014-04-13 20:00:00,0.0,0,1.39523490361e-05,1.39523490361e-05,[[ 0.00399975  0.00237459  0.00452294  0.00369846  0.00374025]],0.0,0.0,0.0
2014-04-13 20:05:00,0.0,0,1.3006867448e-05,1.3006867448e-05,[[ 0.00385875  0.00222467  0.00438651  0.00359534  0.00360933]],0.0,0.0,0.0
2014-04-13 20:10:00,0.0,0,1.21253269754e-05,1.21253269754e-05,[[ 0.00372203  0.00208069  0.00425403  0.00349519  0.00348293]],0.0,0.0,0.0
2014-04-13 20:15:00,0.0,0,1.13036194307e-05,1.13036194307e-05,[[ 0.00358953  0.00194247  0.00412542  0.00339793  0.00336083]],0.0,0.0,0.0
2014-04-13 20:20:00,1.0,0,1.05379394881e-05,1.05379394881e-05,[[ 0.00346114  0.00180987  0.00400062  0.00330347  0.00324295]],0.0,0.0,0.0
2014-04-13 20:25:00,0.0,0,0.198758199811,0.198758199811,[[ 0.00333685  0.00168268  0.00387952  0.00321173  0.00312908]],0.0,0.0,0.0
2014-04-13 20:30:00,0.0,0,0.198624640703,0.198624640703,[[ 0.00295208  0.00173432  0.00365108  0.00347098  0.00530051]],0.0,0.0,0.0
2014-04-13 20:35:00,0.0,0,0.198623001575,0.198623001575,[[ 0.00245071  0.00196512  0.00349636  0.00529336  0.00758833]],0.0,0.0,0.0
2014-04-13 20:40:00,0.0,0,0.199020281434,0.199020281434,[[ 0.00248057  0.00253716  0.00491872  0.00697268  0.0095    ]],0.0,0.0,0.0
2014-04-13 20:45:00,0.0,0,0.198908910155,0.198908910155,[[ 0.00286727  0.00496618  0.00654703  0.00864144  0.01134371]],0.0,0.0,0.0
2014-04-13 20:50:00,1.0,0,0.0312951430678,0.0312951430678,[[-0.06838141 -0.0574142   0.06778568  0.21033543  0.31570145]],0.0,0.0,0.0
2014-04-13 20:55:00,0.0,0,0.0961466878653,0.0961466878653,[[-0.00989055  0.0707173   0.14819244  0.26590872  0.38115734]],0.0,0.0,0.0
2014-04-13 21:00:00,0.0,0,0.146262332797,0.146262332797,[[ 0.12574428  0.21704684  0.25639158  0.28778601  0.30887759]],0.0,0.0,0.0
2014-04-13 21:05:00,0.0,0,0.14747735858,0.14747735858,[[ 0.23991837  0.31422555  0.30353314  0.24948007  0.18379864]],0.0,0.0,0.0
2014-04-13 21:10:00,0.0,0,0.128679648042,0.128679648042,[[ 0.32498497  0.35775167  0.30830297  0.16951124  0.03892758]],0.0,0.0,0.0
2014-04-13 21:15:00,0.0,0,0.12539729476,0.12539729476,[[ 0.33741868  0.32393202  0.26555377  0.07695669 -0.08123676]],0.0,0.0,0.0
2014-04-13 21:20:00,0.0,0,0.00789541564882,0.00789541564882,[[ 0.11947308 -0.05539425 -0.00167359 -0.09570249 -0.11389894]],0.0,0.0,0.0
2014-04-13 21:25:00,0.0,0,0.00104421214201,0.00104421214201,[[ 0.00494915 -0.03276743 -0.04342114 -0.03835141 -0.02768818]],0.0,0.0,0.0
2014-04-13 21:30:00,0.0,0,0.000692610279657,0.000692610279657,[[-0.00065195 -0.01146044 -0.04085501 -0.03074742 -0.02677216]],0.0,0.0,0.0
2014-04-13 21:35:00,0.0,0,0.000569825991988,0.000569825991988,[[-0.00112395 -0.00236101 -0.03656498 -0.02681432 -0.02804081]],0.0,0.0,0.0
2014-04-13 21:40:00,0.0,0,0.000440913543571,0.000440913543571,[[-0.0004258  -0.000938   -0.03137676 -0.02301325 -0.02625635]],0.0,0.0,0.0
2014-04-13 21:45:00,0.0,0,0.000277686165646,0.000277686165646,[[ 0.00136618 -0.00230485 -0.02485496 -0.01776606 -0.02116247]],0.0,0.0,0.0
2014-04-13 21:50:00,0.0,0,0.000155266636284,0.000155266636284,[[ 0.00300372 -0.00348611 -0.01861768 -0.01145989 -0.01664965]],0.0,0.0,0.0
2014-04-13 21:55:00,0.0,0,7.56018052925e-05,7.56018052925e-05,[[ 0.0056673  -0.00348622 -0.01228973 -0.00549388 -0.01234977]],0.0,0.0,0.0
2014-04-13 22:00:00,0.0,0,3.06340516545e-05,3.06340516545e-05,[[ 0.00683359 -0.00316115 -0.00752856 -0.00074629 -0.00626445]],0.0,0.0,0.0
2014-04-13 22:05:00,0.0,0,1.71217852767e-05,1.71217852767e-05,"[[  7.52273202e-03  -2.37660110e-03  -3.59244645e-03   3.23446095e-03
   -4.22969460e-05]]",0.0,0.0,0.0
2014-04-13 22:10:00,0.0,0,2.97593014693e-05,2.97593014693e-05,"[[  8.53568316e-03  -7.97778368e-04  -1.19209290e-07   6.67721778e-03
    5.54228574e-03]]",0.0,0.0,0.0
2014-04-13 22:15:00,0.0,0,5.73009019718e-05,5.73009019718e-05,[[ 0.00971094  0.00127369  0.00286832  0.00938826  0.00970635]],0.0,0.0,0.0
2014-04-13 22:20:00,0.0,0,8.95371413208e-05,8.95371413208e-05,[[ 0.01060437  0.00318365  0.0049315   0.01151336  0.01296998]],0.0,0.0,0.0
2014-04-13 22:25:00,0.0,0,0.000123902224004,0.000123902224004,[[ 0.01149365  0.00501491  0.0067731   0.01325773  0.01551178]],0.0,0.0,0.0
2014-04-13 22:30:00,0.0,0,2.99721777992e-05,2.99721777992e-05,[[ 0.0076118  -0.00515135 -0.00182653  0.00674568  0.0040675 ]],0.0,0.0,0.0
2014-04-13 22:35:00,0.0,0,6.07986657997e-05,6.07986657997e-05,[[ 0.01002886 -0.00069131  0.00298295  0.01028118  0.00939877]],0.0,0.0,0.0
2014-04-13 22:40:00,0.0,0,0.000104305101559,0.000104305101559,[[ 0.01200729  0.00292498  0.00649372  0.01274626  0.01281247]],0.0,0.0,0.0
2014-04-13 22:45:00,0.0,0,0.000144712830661,0.000144712830661,[[ 0.01298884  0.00570573  0.00871956  0.01446174  0.0153989 ]],0.0,0.0,0.0
2014-04-13 22:50:00,0.0,0,0.000180666480446,0.000180666480446,[[ 0.01321201  0.00799127  0.00995632  0.01563217  0.01792824]],0.0,0.0,0.0
2014-04-13 22:55:00,0.0,0,0.000218228247832,0.000218228247832,[[ 0.01347747  0.01016796  0.0109746   0.0165007   0.02033216]],0.0,0.0,0.0
2014-04-13 23:00:00,0.0,0,0.000458628928754,0.000458628928754,[[ 0.02387928  0.02326579  0.02112561  0.01700211  0.02112496]],0.0,0.0,0.0
2014-04-13 23:05:00,0.0,0,0.000456339039374,0.000456339039374,[[ 0.02384631  0.02323709  0.02113175  0.01692403  0.02097888]],0.0,0.0,0.0
2014-04-13 23:10:00,0.0,0,0.000452371605206,0.000452371605206,[[ 0.02376622  0.02315469  0.02109503  0.01682395  0.02080479]],0.0,0.0,0.0
2014-04-13 23:15:00,0.0,0,0.000446919730166,0.000446919730166,[[ 0.02364375  0.02302411  0.02101979  0.01670423  0.0206058 ]],0.0,0.0,0.0
2014-04-13 23:20:00,0.0,0,0.000440167874331,0.000440167874331,[[ 0.02348332  0.0228504   0.02090999  0.01656702  0.02038476]],0.0,0.0,0.0
2014-04-13 23:25:00,0.0,0,0.000432285800343,0.000432285800343,[[ 0.02328885  0.0226381   0.02076919  0.01641422  0.02014421]],0.0,0.0,0.0
2014-04-13 23:30:00,0.0,0,0.000423434714321,0.000423434714321,[[ 0.02306399  0.02239146  0.02060068  0.01624761  0.01988656]],0.0,0.0,0.0
2014-04-13 23:35:00,0.0,0,0.000413763627876,0.000413763627876,[[ 0.02281217  0.02211434  0.02040751  0.01606879  0.01961394]],0.0,0.0,0.0
2014-04-13 23:40:00,0.0,0,0.000403408106649,0.000403408106649,[[ 0.02253636  0.02181025  0.02019238  0.01587924  0.01932831]],0.0,0.0,0.0
2014-04-13 23:45:00,0.0,0,0.000392494082917,0.000392494082917,[[ 0.02223941  0.02148243  0.01995782  0.01568028  0.01903151]],0.0,0.0,0.0
2014-04-13 23:50:00,0.0,0,0.000381135323551,0.000381135323551,[[ 0.02192388  0.02113384  0.01970612  0.01547314  0.01872515]],0.0,0.0,0.0
2014-04-13 23:55:00,0.0,0,0.000369435321772,0.000369435321772,[[ 0.02159216  0.0207672   0.01943939  0.01525892  0.01841071]],0.0,0.0,0.0
2014-04-14 00:00:00,0.0,0,0.000357487646397,0.000357487646397,[[ 0.02124637  0.02038498  0.01915953  0.01503864  0.01808961]],0.0,0.0,0.0
2014-04-14 00:05:00,0.0,0,0.000345376465702,0.000345376465702,[[ 0.02088853  0.01998948  0.01886832  0.01481324  0.01776307]],0.0,0.0,0.0
2014-04-14 00:10:00,0.0,0,0.000333176605636,0.000333176605636,[[ 0.02052043  0.01958278  0.01856736  0.01458354  0.01743225]],0.0,0.0,0.0
2014-04-14 00:15:00,0.0,0,0.000320954364724,0.000320954364724,[[ 0.02014374  0.01916675  0.01825812  0.01435032  0.01709815]],0.0,0.0,0.0
2014-04-14 00:20:00,0.0,0,0.0003087692603,0.0003087692603,[[ 0.01975998  0.01874316  0.01794197  0.01411428  0.01676176]],0.0,0.0,0.0
2014-04-14 00:25:00,0.0,0,0.00029667239869,0.00029667239869,[[ 0.01937056  0.0183136   0.01762009  0.01387604  0.01642387]],0.0,0.0,0.0
2014-04-14 00:30:00,0.0,0,0.000284709298285,0.000284709298285,[[ 0.01897673  0.01787952  0.01729363  0.01363622  0.01608531]],0.0,0.0,0.0
2014-04-14 00:35:00,0.0,0,0.00027291951119,0.00027291951119,[[ 0.01857965  0.01744227  0.01696364  0.01339533  0.01574679]],0.0,0.0,0.0
2014-04-14 00:40:00,0.0,0,0.00026133589563,0.00026133589563,[[ 0.01818042  0.01700304  0.01663102  0.01315385  0.01540889]],0.0,0.0,0.0
2014-04-14 00:45:00,0.0,0,0.000249987206189,0.000249987206189,[[ 0.01777998  0.01656293  0.01629665  0.01291222  0.01507221]],0.0,0.0,0.0
2014-04-14 00:50:00,0.0,0,0.000238897511736,0.000238897511736,[[ 0.01737921  0.01612294  0.0159613   0.01267084  0.01473729]],0.0,0.0,0.0
2014-04-14 00:55:00,0.0,0,0.000228086719289,0.000228086719289,[[ 0.01697893  0.015684    0.01562569  0.01243008  0.01440461]],0.0,0.0,0.0
2014-04-14 01:00:00,0.0,0,0.000217570486711,0.000217570486711,[[ 0.01657985  0.01524693  0.01529044  0.01219025  0.01407453]],0.0,0.0,0.0
2014-04-14 01:05:00,0.0,0,0.00020736179431,0.00020736179431,[[ 0.01618266  0.01481246  0.01495615  0.01195166  0.01374746]],0.0,0.0,0.0
2014-04-14 01:10:00,0.0,0,0.000197470770217,0.000197470770217,[[ 0.01578797  0.01438132  0.01462338  0.01171458  0.01342374]],0.0,0.0,0.0
2014-04-14 01:15:00,0.0,0,0.000187903860933,0.000187903860933,[[ 0.0153963   0.01395408  0.01429258  0.01147925  0.01310366]],0.0,0.0,0.0
2014-04-14 01:20:00,0.0,0,0.000178665184649,0.000178665184649,[[ 0.01500812  0.01353125  0.01396418  0.01124588  0.01278747]],0.0,0.0,0.0
2014-04-14 01:25:00,0.0,0,0.000169757957337,0.000169757957337,[[ 0.01462392  0.0131134   0.0136386   0.01101469  0.01247537]],0.0,0.0,0.0
2014-04-14 01:30:00,0.0,0,0.00016118233907,0.00016118233907,[[ 0.01424407  0.01270091  0.01331617  0.01078583  0.01216761]],0.0,0.0,0.0
2014-04-14 01:35:00,0.0,0,0.000152936991071,0.000152936991071,[[ 0.01386891  0.01229417  0.0129972   0.01055945  0.01186434]],0.0,0.0,0.0
2014-04-14 01:40:00,0.0,0,0.000145020123455,0.000145020123455,[[ 0.01349878  0.01189355  0.01268202  0.01033572  0.01156574]],0.0,0.0,0.0
2014-04-14 01:45:00,0.0,0,0.000137427472509,0.000137427472509,[[ 0.01313393  0.01149936  0.01237082  0.01011475  0.01127193]],0.0,0.0,0.0
2014-04-14 01:50:00,0.0,0,0.000130154425278,0.000130154425278,[[ 0.01277462  0.01111185  0.01206387  0.00989666  0.01098304]],0.0,0.0,0.0
2014-04-14 01:55:00,0.0,0,0.00012319542293,0.00012319542293,[[ 0.0124211   0.01073126  0.01176137  0.00968153  0.01069914]],0.0,0.0,0.0
2014-04-14 02:00:00,0.0,0,0.000116543764307,0.000116543764307,[[ 0.01207352  0.01035781  0.01146346  0.00946946  0.01042032]],0.0,0.0,0.0
2014-04-14 02:05:00,0.0,0,0.000110191642307,0.000110191642307,[[ 0.01173201  0.00999162  0.01117029  0.0092605   0.0101466 ]],0.0,0.0,0.0
2014-04-14 02:10:00,0.0,0,0.000104132166598,0.000104132166598,[[ 0.01139678  0.00963286  0.01088203  0.00905473  0.00987804]],0.0,0.0,0.0
2014-04-14 02:15:00,0.0,0,9.8356998933e-05,9.8356998933e-05,[[ 0.01106789  0.00928164  0.01059876  0.00885221  0.00961471]],0.0,0.0,0.0
2014-04-14 02:20:00,0.0,0,9.28575682337e-05,9.28575682337e-05,[[ 0.01074547  0.00893806  0.01032059  0.00865296  0.00935659]],0.0,0.0,0.0
2014-04-14 02:25:00,0.0,0,8.76246704138e-05,8.76246704138e-05,[[ 0.01042952  0.00860216  0.01004757  0.00845701  0.00910367]],0.0,0.0,0.0
2014-04-14 02:30:00,0.0,0,8.26503528515e-05,8.26503528515e-05,[[ 0.0101202   0.00827403  0.00977979  0.00826443  0.008856  ]],0.0,0.0,0.0
2014-04-14 02:35:00,0.0,0,7.79246765887e-05,7.79246765887e-05,[[ 0.00981747  0.00795367  0.00951727  0.00807519  0.00861352]],0.0,0.0,0.0
2014-04-14 02:40:00,0.0,0,7.34391069273e-05,7.34391069273e-05,[[ 0.00952139  0.00764111  0.00926008  0.00788933  0.00837624]],0.0,0.0,0.0
2014-04-14 02:45:00,0.0,0,6.91844834364e-05,6.91844834364e-05,[[ 0.00923198  0.00733636  0.00900821  0.00770687  0.00814416]],0.0,0.0,0.0
2014-04-14 02:50:00,0.0,0,6.51513255434e-05,6.51513255434e-05,[[ 0.00894919  0.00703935  0.00876167  0.00752778  0.00791717]],0.0,0.0,0.0
2014-04-14 02:55:00,0.0,0,6.13308875472e-05,6.13308875472e-05,[[ 0.00867303  0.0067501   0.00852048  0.00735207  0.0076953 ]],0.0,0.0,0.0
2014-04-14 03:00:00,0.0,0,5.77143437113e-05,5.77143437113e-05,[[ 0.0084035   0.00646854  0.00828463  0.00717973  0.00747845]],0.0,0.0,0.0
2014-04-14 03:05:00,0.0,0,5.42929410585e-05,5.42929410585e-05,[[ 0.00814055  0.00619464  0.00805409  0.00701075  0.00726662]],0.0,0.0,0.0
2014-04-14 03:10:00,0.0,0,5.10581776325e-05,5.10581776325e-05,[[ 0.00788412  0.00592832  0.00782882  0.00684514  0.00705975]],0.0,0.0,0.0
2014-04-14 03:15:00,0.0,0,4.80014277855e-05,4.80014277855e-05,[[ 0.00763416  0.00566953  0.00760882  0.00668284  0.00685775]],0.0,0.0,0.0
2014-04-14 03:20:00,0.0,0,4.51148298453e-05,4.51148298453e-05,[[ 0.00739063  0.00541818  0.00739406  0.00652384  0.00666058]],0.0,0.0,0.0
2014-04-14 03:25:00,0.0,0,4.23902056355e-05,4.23902056355e-05,[[ 0.00715347  0.00517416  0.00718447  0.00636813  0.00646818]],0.0,0.0,0.0
2014-04-14 03:30:00,0.0,0,3.98198790208e-05,3.98198790208e-05,[[ 0.00692257  0.0049374   0.00698     0.00621567  0.00628048]],0.0,0.0,0.0
2014-04-14 03:35:00,0.0,0,3.73962866433e-05,3.73962866433e-05,[[ 0.00669788  0.0047078   0.00678059  0.00606642  0.00609742]],0.0,0.0,0.0
2014-04-14 03:40:00,0.0,0,3.51122798747e-05,3.51122798747e-05,[[ 0.00647931  0.00448525  0.00658621  0.00592037  0.00591892]],0.0,0.0,0.0
2014-04-14 03:45:00,0.0,0,3.29606882588e-05,3.29606882588e-05,[[ 0.00626678  0.00426963  0.00639677  0.00577745  0.00574487]],0.0,0.0,0.0
2014-04-14 03:50:00,0.0,0,3.09350034513e-05,3.09350034513e-05,[[ 0.00606019  0.00406085  0.00621221  0.00563767  0.00557528]],0.0,0.0,0.0
2014-04-14 03:55:00,0.0,0,2.90286752715e-05,2.90286752715e-05,[[ 0.00585946  0.00385879  0.00603248  0.00550097  0.00541002]],0.0,0.0,0.0
2014-04-14 04:00:00,0.0,0,2.72350443993e-05,2.72350443993e-05,[[ 0.00566446  0.00366327  0.00585747  0.00536728  0.00524899]],0.0,0.0,0.0
2014-04-14 04:05:00,0.0,0,2.55485174421e-05,2.55485174421e-05,[[ 0.0054751   0.00347424  0.00568712  0.00523661  0.00509217]],0.0,0.0,0.0
2014-04-14 04:10:00,0.0,0,2.39631808654e-05,2.39631808654e-05,[[ 0.00529129  0.00329152  0.00552136  0.00510888  0.00493944]],0.0,0.0,0.0
2014-04-14 04:15:00,0.0,0,2.24735358643e-05,2.24735358643e-05,[[ 0.00511291  0.003115    0.0053601   0.00498406  0.00479073]],0.0,0.0,0.0
2014-04-14 04:20:00,0.0,0,2.10743255593e-05,2.10743255593e-05,[[ 0.00493987  0.00294454  0.00520326  0.0048621   0.00464597]],0.0,0.0,0.0
2014-04-14 04:25:00,0.0,0,1.97606459551e-05,1.97606459551e-05,[[ 0.00477205  0.00278006  0.00505078  0.00474297  0.00450509]],0.0,0.0,0.0
2014-04-14 04:30:00,0.0,0,1.85275584954e-05,1.85275584954e-05,[[ 0.00460936  0.00262138  0.00490256  0.00462661  0.00436799]],0.0,0.0,0.0
2014-04-14 04:35:00,0.0,0,1.73703992914e-05,1.73703992914e-05,[[ 0.00445164  0.00246835  0.00475848  0.00451298  0.00423463]],0.0,0.0,0.0
2014-04-14 04:40:00,1.0,0,1.62850337802e-05,1.62850337802e-05,[[ 0.00429884  0.0023209   0.00461851  0.00440202  0.00410489]],0.0,0.0,0.0
2014-04-14 04:45:00,0.0,0,0.198423802853,0.198423802853,[[ 0.00415082  0.00217882  0.00448253  0.0042937   0.00397867]],0.0,0.0,0.0
2014-04-14 04:50:00,0.0,0,0.198218613863,0.198218613863,[[ 0.00377125  0.00219117  0.00424348  0.00450028  0.00603091]],0.0,0.0,0.0
2014-04-14 04:55:00,0.0,0,0.198396727443,0.198396727443,[[ 0.00329565  0.00237216  0.00407741  0.00621086  0.00817477]],0.0,0.0,0.0
2014-04-14 05:00:00,0.0,0,0.198890000582,0.198890000582,[[ 0.00332662  0.00287944  0.00543973  0.00778918  0.00996382]],0.0,0.0,0.0
2014-04-14 05:05:00,0.0,0,0.198578134179,0.198578134179,[[ 0.00371132  0.00517868  0.00699603  0.00935502  0.01167494]],0.0,0.0,0.0
2014-04-14 05:10:00,1.0,0,0.0277649406344,0.0277649406344,[[-0.09362531 -0.07626665  0.03637511  0.18559484  0.29744548]],0.0,0.0,0.0
2014-04-14 05:15:00,0.0,0,0.0968385785818,0.0968385785818,[[-0.03869458  0.03851659  0.1172661   0.24338648  0.36107606]],0.0,0.0,0.0
2014-04-14 05:20:00,0.0,0,0.141915634274,0.141915634274,[[ 0.08315448  0.16677868  0.21590146  0.26313633  0.29200485]],0.0,0.0,0.0
2014-04-14 05:25:00,0.0,0,0.146952450275,0.146952450275,[[ 0.18480392  0.25219366  0.2582657   0.2306667   0.18338841]],0.0,0.0,0.0
2014-04-14 05:30:00,0.0,0,0.133225947618,0.133225947618,[[ 0.26066762  0.2953583   0.26396281  0.16626178  0.0659005 ]],0.0,0.0,0.0
2014-04-14 05:35:00,0.0,0,0.132034689188,0.132034689188,[[ 0.28179908  0.28300601  0.23390481  0.09387331 -0.02729227]],0.0,0.0,0.0
2014-04-14 05:40:00,0.0,0,0.00157025665976,0.00157025665976,[[ 0.05719072 -0.05280451 -0.01221991 -0.03723183 -0.01602038]],0.0,0.0,0.0
2014-04-14 05:45:00,0.0,0,0.000596695230342,0.000596695230342,[[ 0.01095547  0.00920311 -0.01106867  0.01750518  0.04847484]],0.0,0.0,0.0
2014-04-14 05:50:00,0.0,0,0.00102466042154,0.00102466042154,[[ 0.03293397  0.04695417  0.00559659  0.01988291  0.03751413]],0.0,0.0,0.0
2014-04-14 05:55:00,0.0,0,0.00112856947817,0.00112856947817,[[ 0.0379758   0.0568238   0.00772837  0.01590792  0.02567005]],0.0,0.0,0.0
2014-04-14 06:00:00,0.0,0,0.000748225837015,0.000748225837015,[[ 0.03054683  0.04910982  0.00118351  0.01024363  0.01702686]],0.0,0.0,0.0
2014-04-14 06:05:00,0.0,0,0.000322879495798,0.000322879495798,[[ 0.01760725  0.03293002 -0.00804577  0.00519941  0.01132378]],0.0,0.0,0.0
2014-04-14 06:10:00,0.0,0,0.000115366070531,0.000115366070531,[[ 0.0055345   0.01583669 -0.01527834  0.00204235  0.00760264]],0.0,0.0,0.0
2014-04-14 06:15:00,0.0,0,7.17558723409e-05,7.17558723409e-05,[[-0.0016026   0.00276867 -0.01793043  0.00121249  0.00505719]],0.0,0.0,0.0
2014-04-14 06:20:00,0.0,0,6.97522191331e-05,6.97522191331e-05,[[-0.00405333 -0.00495191 -0.01702716  0.00170399  0.00387071]],0.0,0.0,0.0
2014-04-14 06:25:00,0.0,0,7.46577934478e-05,7.46577934478e-05,[[-0.0051791  -0.00908175 -0.01508135  0.00278123  0.00536705]],0.0,0.0,0.0
2014-04-14 06:30:00,0.0,0,7.80486225267e-05,7.80486225267e-05,[[-0.00543118 -0.01069869 -0.01262598  0.00440691  0.00821263]],0.0,0.0,0.0
2014-04-14 06:35:00,0.0,0,7.66388257034e-05,7.66388257034e-05,[[-0.00451547 -0.0104087  -0.00979749  0.00613319  0.01099349]],0.0,0.0,0.0
2014-04-14 06:40:00,0.0,0,7.9487421317e-05,7.9487421317e-05,[[-0.0033984  -0.00945301 -0.00706523  0.00791847  0.0135613 ]],0.0,0.0,0.0
2014-04-14 06:45:00,0.0,0,8.22627625894e-05,8.22627625894e-05,[[-0.00170013 -0.00780044 -0.00411218  0.00959836  0.01544467]],0.0,0.0,0.0
2014-04-14 06:50:00,0.0,0,0.00029726093635,0.00029726093635,"[[ -1.53829902e-02  -2.67452598e-02  -2.28732005e-02  -9.81986523e-06
    3.34304571e-03]]",0.0,0.0,0.0
2014-04-14 06:55:00,0.0,0,0.000138675590279,0.000138675590279,[[-0.00840788 -0.01904224 -0.01320958  0.00466982  0.00798614]],0.0,0.0,0.0
2014-04-14 07:00:00,0.0,0,7.42961201468e-05,7.42961201468e-05,[[-0.00199232 -0.01205783 -0.00508209  0.00825571  0.0113197 ]],0.0,0.0,0.0
2014-04-14 07:05:00,0.0,0,6.78282158333e-05,6.78282158333e-05,[[ 0.00271493 -0.00644997  0.00053687  0.010622    0.01330613]],0.0,0.0,0.0
2014-04-14 07:10:00,0.0,0,8.26141331345e-05,8.26141331345e-05,[[ 0.0052201  -0.00230221  0.00381923  0.0120695   0.01484121]],0.0,0.0,0.0
2014-04-14 07:15:00,0.0,0,0.000105007275124,0.000105007275124,[[ 0.00696459  0.00120768  0.00628267  0.01321664  0.01615304]],0.0,0.0,0.0
2014-04-14 07:20:00,0.0,0,0.000466374389362,0.000466374389362,[[ 0.02261783  0.02238196  0.0228232   0.01853807  0.02132593]],0.0,0.0,0.0
2014-04-14 07:25:00,0.0,0,0.000465984776383,0.000465984776383,[[ 0.02278939  0.02253655  0.02286279  0.01833705  0.02106459]],0.0,0.0,0.0
2014-04-14 07:30:00,0.0,0,0.00046346290037,0.00046346290037,[[ 0.02289827  0.02262771  0.02283485  0.0181052   0.0207784 ]],0.0,0.0,0.0
2014-04-14 07:35:00,0.0,0,0.000459020200651,0.000459020200651,[[ 0.02294966  0.0226614   0.02274526  0.01784568  0.02047095]],0.0,0.0,0.0
2014-04-14 07:40:00,0.0,0,0.000452897686046,0.000452897686046,[[ 0.02295057  0.02264398  0.02260143  0.01756172  0.02014377]],0.0,0.0,0.0
2014-04-14 07:45:00,0.0,0,0.000445307872724,0.000445307872724,[[ 0.02290583  0.02258046  0.02240919  0.01725652  0.01979965]],0.0,0.0,0.0
2014-04-14 07:50:00,0.0,0,0.000436449336121,0.000436449336121,[[ 0.02281983  0.02247537  0.0221739   0.01693293  0.01944102]],0.0,0.0,0.0
2014-04-14 07:55:00,0.0,0,0.000426512997365,0.000426512997365,[[ 0.02269654  0.02233294  0.02190052  0.01659378  0.01907054]],0.0,0.0,0.0
2014-04-14 08:00:00,0.0,0,0.000415607588366,0.000415607588366,[[ 0.0225364   0.02215447  0.02159119  0.01624117  0.01869152]],0.0,0.0,0.0
2014-04-14 08:05:00,0.0,0,0.000403928250307,0.000403928250307,[[ 0.0223454   0.02194563  0.02125076  0.01587661  0.01830442]],0.0,0.0,0.0
2014-04-14 08:10:00,0.0,0,0.000391639623558,0.000391639623558,[[ 0.02212746  0.02171026  0.02088366  0.01550227  0.01791062]],0.0,0.0,0.0
2014-04-14 08:15:00,0.0,0,0.000378877855837,0.000378877855837,[[ 0.02188544  0.02145125  0.02049346  0.01512011  0.01751174]],0.0,0.0,0.0
2014-04-14 08:20:00,0.0,0,0.000365680607501,0.000365680607501,[[ 0.02161936  0.0211677   0.02008116  0.01473076  0.01710809]],0.0,0.0,0.0
2014-04-14 08:25:00,0.0,0,0.000352228147676,0.000352228147676,[[ 0.02133423  0.02086574  0.01965071  0.01433589  0.01670162]],0.0,0.0,0.0
2014-04-14 08:30:00,0.0,0,0.000338627753081,0.000338627753081,[[ 0.02103248  0.02054778  0.01920517  0.01393714  0.01629355]],0.0,0.0,0.0
2014-04-14 08:35:00,0.0,0,0.000324886408634,0.000324886408634,[[ 0.02071661  0.02021236  0.01874615  0.01353331  0.01587911]],0.0,0.0,0.0
2014-04-14 08:40:00,0.0,0,0.000311167124892,0.000311167124892,[[ 0.02038816  0.01986533  0.01827625  0.01312768  0.01546511]],0.0,0.0,0.0
2014-04-14 08:45:00,0.0,0,0.00029750802787,0.00029750802787,[[ 0.02005355  0.01950456  0.01780219  0.01272     0.01504165]],0.0,0.0,0.0
2014-04-14 08:50:00,0.0,0,0.000284028210444,0.000284028210444,[[ 0.01971512  0.01913354  0.01732779  0.01231301  0.01461164]],0.0,0.0,0.0
2014-04-14 08:55:00,0.0,0,0.00027091454831,0.00027091454831,[[ 0.01938228  0.01875069  0.01687171  0.01191451  0.01416691]],0.0,0.0,0.0
2014-04-14 09:00:00,0.0,0,0.000259079941316,0.000259079941316,[[ 0.01901511  0.01830489  0.01653299  0.01163641  0.01378443]],0.0,0.0,0.0
2014-04-14 09:05:00,0.0,0,0.000247560004937,0.000247560004937,[[ 0.01863445  0.01784909  0.01620138  0.01137547  0.01341944]],0.0,0.0,0.0
2014-04-14 09:10:00,0.0,0,0.000236281965044,0.000236281965044,[[ 0.01824769  0.01739156  0.01586654  0.01111799  0.01306171]],0.0,0.0,0.0
2014-04-14 09:15:00,0.0,0,0.000225270821829,0.000225270821829,[[ 0.01785615  0.01693348  0.01552939  0.01086412  0.01271134]],0.0,0.0,0.0
2014-04-14 09:20:00,0.0,0,0.000214546249481,0.000214546249481,[[ 0.01746108  0.01647586  0.01519079  0.01061389  0.01236824]],0.0,0.0,0.0
2014-04-14 09:25:00,0.0,0,0.000204125564778,0.000204125564778,[[ 0.0170636   0.01601966  0.01485153  0.01036744  0.01203246]],0.0,0.0,0.0
2014-04-14 09:30:00,0.0,0,0.00019402106409,0.00019402106409,[[ 0.01666474  0.01556571  0.01451232  0.0101248   0.01170392]],0.0,0.0,0.0
2014-04-14 09:35:00,0.0,0,0.000184243283002,0.000184243283002,[[ 0.01626542  0.01511481  0.01417381  0.00988605  0.01138262]],0.0,0.0,0.0
2014-04-14 09:40:00,0.0,0,0.000174798376975,0.000174798376975,[[ 0.01586651  0.01466762  0.01383658  0.00965119  0.01106844]],0.0,0.0,0.0
2014-04-14 09:45:00,0.0,0,0.000165692166775,0.000165692166775,[[ 0.0154688   0.01422481  0.01350118  0.00942031  0.0107614 ]],0.0,0.0,0.0
2014-04-14 09:50:00,0.0,0,0.000156926369527,0.000156926369527,[[ 0.01507298  0.01378693  0.0131681   0.00919342  0.01046135]],0.0,0.0,0.0
2014-04-14 09:55:00,0.0,0,0.000148501625517,0.000148501625517,[[ 0.0146797   0.01335447  0.01283778  0.00897053  0.01016826]],0.0,0.0,0.0
2014-04-14 10:00:00,0.0,0,0.000140416712384,0.000140416712384,[[ 0.01428955  0.0129279   0.01251062  0.00875165  0.00988203]],0.0,0.0,0.0
2014-04-14 10:05:00,0.0,0,0.000132669025334,0.000132669025334,[[ 0.01390304  0.01250762  0.01218697  0.00853682  0.00960261]],0.0,0.0,0.0
2014-04-14 10:10:00,0.0,0,0.000125254577142,0.000125254577142,[[ 0.01352068  0.01209399  0.01186719  0.00832602  0.00932989]],0.0,0.0,0.0
2014-04-14 10:15:00,0.0,0,0.000118167736218,0.000118167736218,[[ 0.01314285  0.01168731  0.01155152  0.00811923  0.00906374]],0.0,0.0,0.0
2014-04-14 10:20:00,0.0,0,0.000111402667244,0.000111402667244,[[ 0.01276995  0.01128784  0.01124024  0.00791648  0.00880412]],0.0,0.0,0.0
2014-04-14 10:25:00,0.0,0,0.000104952036054,0.000104952036054,[[ 0.01240232  0.01089582  0.01093359  0.00771772  0.00855086]],0.0,0.0,0.0
2014-04-14 10:30:00,0.0,0,9.88080646493e-05,9.88080646493e-05,[[ 0.01204026  0.01051144  0.01063171  0.00752294  0.00830388]],0.0,0.0,0.0
2014-04-14 10:35:00,0.0,0,9.2963433417e-05,9.2963433417e-05,[[ 0.01168405  0.01013491  0.01033486  0.00733215  0.00806313]],0.0,0.0,0.0
2014-04-14 10:40:00,0.0,0,8.74084435054e-05,8.74084435054e-05,[[ 0.01133388  0.00976633  0.01004314  0.00714529  0.00782844]],0.0,0.0,0.0
2014-04-14 10:45:00,0.0,0,8.21344656288e-05,8.21344656288e-05,[[ 0.01098999  0.00940584  0.0097567   0.00696232  0.0075997 ]],0.0,0.0,0.0
2014-04-14 10:50:00,0.0,0,7.71320628701e-05,7.71320628701e-05,[[ 0.01065256  0.00905348  0.00947565  0.00678325  0.00737681]],0.0,0.0,0.0
2014-04-14 10:55:00,0.0,0,7.23917764844e-05,7.23917764844e-05,[[ 0.01032169  0.00870937  0.00920006  0.00660803  0.0071597 ]],0.0,0.0,0.0
2014-04-14 11:00:00,0.0,0,6.79037621012e-05,6.79037621012e-05,[[ 0.00999754  0.00837351  0.00893003  0.0064366   0.00694818]],0.0,0.0,0.0
2014-04-14 11:05:00,0.0,0,6.3658641011e-05,6.3658641011e-05,[[ 0.00968019  0.00804596  0.0086656   0.00626895  0.00674221]],0.0,0.0,0.0
2014-04-14 11:10:00,0.0,0,5.96465470153e-05,5.96465470153e-05,[[ 0.00936972  0.0077267   0.00840684  0.00610502  0.00654164]],0.0,0.0,0.0
2014-04-14 11:15:00,0.0,0,5.58578940399e-05,5.58578940399e-05,[[ 0.00906619  0.00741573  0.00815376  0.00594478  0.00634637]],0.0,0.0,0.0
2014-04-14 11:20:00,0.0,0,5.2283059631e-05,5.2283059631e-05,[[ 0.00876965  0.00711303  0.00790636  0.00578818  0.00615628]],0.0,0.0,0.0
2014-04-14 11:25:00,0.0,0,4.89126432512e-05,4.89126432512e-05,[[ 0.00848009  0.00681854  0.00766469  0.00563516  0.00597128]],0.0,0.0,0.0
2014-04-14 11:30:00,0.0,0,4.57373716927e-05,4.57373716927e-05,[[ 0.00819756  0.00653223  0.00742871  0.00548571  0.00579122]],0.0,0.0,0.0
2014-04-14 11:35:00,0.0,0,4.27484410466e-05,4.27484410466e-05,[[ 0.00792207  0.00625403  0.00719842  0.00533975  0.00561604]],0.0,0.0,0.0
2014-04-14 11:40:00,0.0,0,3.99366290367e-05,3.99366290367e-05,[[ 0.00765353  0.00598386  0.0069738   0.00519723  0.00544562]],0.0,0.0,0.0
2014-04-14 11:45:00,0.0,0,3.72931426682e-05,3.72931426682e-05,[[ 0.00739194  0.00572161  0.00675479  0.0050581   0.00527984]],0.0,0.0,0.0
2014-04-14 11:50:00,0.0,0,3.48102330463e-05,3.48102330463e-05,[[ 0.00713728  0.00546725  0.00654139  0.00492234  0.00511862]],0.0,0.0,0.0
2014-04-14 11:55:00,0.0,0,3.24790671584e-05,3.24790671584e-05,[[ 0.00688948  0.00522062  0.00633352  0.00478985  0.0049618 ]],0.0,0.0,0.0
2014-04-14 12:00:00,0.0,0,3.02921198454e-05,3.02921198454e-05,[[ 0.00664847  0.00498163  0.00613114  0.0046606   0.00480934]],0.0,0.0,0.0
2014-04-14 12:05:00,0.0,0,2.82417804556e-05,2.82417804556e-05,[[ 0.00641419  0.00475019  0.00593419  0.00453454  0.00466112]],0.0,0.0,0.0
2014-04-14 12:10:00,0.0,0,2.6320321922e-05,2.6320321922e-05,[[ 0.00618654  0.00452611  0.00574257  0.00441159  0.004517  ]],0.0,0.0,0.0
2014-04-14 12:15:00,0.0,0,2.45212777372e-05,2.45212777372e-05,[[ 0.0059655   0.00430936  0.00555628  0.00429173  0.00437693]],0.0,0.0,0.0
2014-04-14 12:20:00,0.0,0,2.28376047744e-05,2.28376047744e-05,[[ 0.00575091  0.00409977  0.00537519  0.0041749   0.00424081]],0.0,0.0,0.0
2014-04-14 12:25:00,0.0,0,2.12627401197e-05,2.12627401197e-05,[[ 0.00554271  0.00389719  0.00519925  0.00406102  0.00410852]],0.0,0.0,0.0
2014-04-14 12:30:00,0.0,0,1.97906483663e-05,1.97906483663e-05,[[ 0.0053408   0.00370152  0.00502837  0.00395005  0.00398   ]],0.0,0.0,0.0
2014-04-14 12:35:00,0.0,0,1.84151795111e-05,1.84151795111e-05,[[ 0.00514506  0.00351258  0.00486246  0.00384194  0.00385513]],0.0,0.0,0.0
2014-04-14 12:40:00,0.0,0,1.71308020072e-05,1.71308020072e-05,[[ 0.00495539  0.00333026  0.00470144  0.00373662  0.00373384]],0.0,0.0,0.0
2014-04-14 12:45:00,0.0,0,1.59319206432e-05,1.59319206432e-05,[[ 0.00477167  0.00315438  0.00454522  0.00363403  0.003616  ]],0.0,0.0,0.0
2014-04-14 12:50:00,0.0,0,1.48137232827e-05,1.48137232827e-05,[[ 0.00459381  0.00298487  0.00439371  0.00353415  0.0035016 ]],0.0,0.0,0.0
2014-04-14 12:55:00,0.0,0,1.3770843907e-05,1.3770843907e-05,[[ 0.00442165  0.00282148  0.00424679  0.00343687  0.00339046]],0.0,0.0,0.0
2014-04-14 13:00:00,1.0,0,1.2799061551e-05,1.2799061551e-05,[[ 0.00425511  0.00266413  0.00410441  0.0033422   0.00328257]],0.0,0.0,0.0
2014-04-14 13:05:00,0.0,0,0.198740750551,0.198740750551,[[ 0.00409404  0.00251268  0.00396645  0.00325004  0.00317783]],0.0,0.0,0.0
2014-04-14 13:10:00,0.0,0,0.198613420129,0.198613420129,[[ 0.00366933  0.00251511  0.00372179  0.00350372  0.00535369]],0.0,0.0,0.0
2014-04-14 13:15:00,0.0,0,0.198596477509,0.198596477509,[[ 0.00315143  0.00269745  0.00356703  0.00530933  0.00764066]],0.0,0.0,0.0
2014-04-14 13:20:00,0.0,0,0.198748126626,0.198748126626,[[ 0.00317802  0.00322245  0.0049959   0.00698909  0.00955183]],0.0,0.0,0.0
2014-04-14 13:25:00,0.0,0,0.198625460267,0.198625460267,[[ 0.00358241  0.00558279  0.0066272   0.00865518  0.01136933]],0.0,0.0,0.0
2014-04-14 13:30:00,1.0,0,0.0300190299749,0.0300190299749,[[-0.09149703 -0.0778805   0.04681458  0.19510141  0.30887198]],0.0,0.0,0.0
2014-04-14 13:35:00,0.0,0,0.0925701335073,0.0925701335073,[[-0.04322407  0.04101383  0.13453996  0.26651335  0.39158419]],0.0,0.0,0.0
2014-04-14 13:40:00,0.0,0,0.140746280551,0.140746280551,[[ 0.09881455  0.19113545  0.2528955   0.29472005  0.30993283]],0.0,0.0,0.0
2014-04-14 13:45:00,0.0,0,0.143975824118,0.143975824118,[[ 0.22737041  0.29719085  0.30291396  0.25178108  0.17474768]],0.0,0.0,0.0
2014-04-14 13:50:00,0.0,0,0.130391985178,0.130391985178,[[ 0.32695213  0.34828323  0.30574301  0.16264175  0.01990709]],0.0,0.0,0.0
2014-04-14 13:55:00,0.0,0,0.12176772207,0.12176772207,[[ 0.3474949   0.31640089  0.2609354   0.06389681 -0.10390455]],0.0,0.0,0.0
2014-04-14 14:00:00,0.0,0,0.00927105545998,0.00927105545998,[[ 0.11149573 -0.07600982 -0.01830973 -0.11084723 -0.12459587]],0.0,0.0,0.0
2014-04-14 14:05:00,0.0,0,0.00191965512931,0.00191965512931,[[-0.00919915 -0.05985014 -0.05796815 -0.04601847 -0.02129804]],0.0,0.0,0.0
2014-04-14 14:10:00,0.0,0,0.000871525495313,0.000871525495313,[[-0.00978119 -0.03094238 -0.04726936 -0.03070035 -0.01129696]],0.0,0.0,0.0
2014-04-14 14:15:00,0.0,0,0.000360055011697,0.000360055011697,[[ 0.00063895 -0.00892973 -0.03293591 -0.02159315 -0.01300339]],0.0,0.0,0.0
2014-04-14 14:20:00,0.0,0,0.00022364439792,0.00022364439792,[[ 0.00956567  0.00237533 -0.02155564 -0.01615806 -0.01718573]],0.0,0.0,0.0
2014-04-14 14:25:00,0.0,0,0.000185611395864,0.000185611395864,[[ 0.01440918  0.00586264 -0.01350136 -0.01160084 -0.01921447]],0.0,0.0,0.0
2014-04-14 14:30:00,0.0,0,0.000154497873154,0.000154497873154,[[ 0.0171397   0.00623038 -0.0071209  -0.00692183 -0.01847386]],0.0,0.0,0.0
2014-04-14 14:35:00,0.0,0,0.00011298510799,0.00011298510799,[[ 0.0177358   0.00580426 -0.00255632 -0.00274065 -0.01423487]],0.0,0.0,0.0
2014-04-14 14:40:00,0.0,0,7.49803002691e-05,7.49803002691e-05,[[ 0.01683192  0.00516313  0.00079854  0.00131044 -0.00791045]],0.0,0.0,0.0
2014-04-14 14:45:00,0.0,0,6.66648702463e-05,6.66648702463e-05,[[ 0.01616196  0.00539204  0.00384477  0.00512215 -0.00142223]],0.0,0.0,0.0
2014-04-14 14:50:00,0.0,0,8.37192201288e-05,8.37192201288e-05,[[ 0.01589634  0.00641833  0.00630253  0.0083438   0.00392001]],0.0,0.0,0.0
2014-04-14 14:55:00,0.0,0,0.000112182591693,0.000112182591693,[[ 0.01560523  0.00758602  0.00811317  0.01107421  0.00844871]],0.0,0.0,0.0
2014-04-14 15:00:00,0.0,0,0.000145936064655,0.000145936064655,[[ 0.0154536   0.00880431  0.00949562  0.01328021  0.01211694]],0.0,0.0,0.0
2014-04-14 15:05:00,0.0,0,0.000177384907147,0.000177384907147,[[ 0.0147955   0.0101182   0.0103559   0.0149918   0.01528531]],0.0,0.0,0.0
2014-04-14 15:10:00,0.0,0,4.45458936156e-05,4.45458936156e-05,[[ 0.01244771  0.00038952  0.00191382  0.00756694  0.00259055]],0.0,0.0,0.0
2014-04-14 15:15:00,0.0,0,8.74836696312e-05,8.74836696312e-05,[[ 0.01376981  0.00419973  0.00603049  0.01122572  0.00823344]],0.0,0.0,0.0
2014-04-14 15:20:00,0.0,0,0.000138030809467,0.000138030809467,[[ 0.01467234  0.00706841  0.00893231  0.01391529  0.01230823]],0.0,0.0,0.0
2014-04-14 15:25:00,0.0,0,0.00018014498346,0.00018014498346,[[ 0.01454533  0.00934689  0.01055904  0.01576051  0.01555336]],0.0,0.0,0.0
2014-04-14 15:30:00,0.0,0,0.000220982095925,0.000220982095925,[[ 0.01409993  0.01141955  0.01145902  0.01710045  0.01876066]],0.0,0.0,0.0
2014-04-14 15:35:00,0.0,0,0.000268793664873,0.000268793664873,[[ 0.01386219  0.01338309  0.01243876  0.01835787  0.02193096]],0.0,0.0,0.0
2014-04-14 15:40:00,0.0,0,0.000543624337297,0.000543624337297,[[ 0.02386844  0.0254785   0.02261706  0.02011734  0.02414595]],0.0,0.0,0.0
2014-04-14 15:45:00,0.0,0,0.000538543448783,0.000538543448783,[[ 0.02376502  0.02542098  0.0225156   0.01998556  0.02398625]],0.0,0.0,0.0
2014-04-14 15:50:00,0.0,0,0.000531508296262,0.000531508296262,[[ 0.02362721  0.02531897  0.02236024  0.01981205  0.02378548]],0.0,0.0,0.0
2014-04-14 15:55:00,0.0,0,0.000522765913047,0.000522765913047,[[ 0.02345851  0.02517696  0.02215669  0.01960138  0.02354816]],0.0,0.0,0.0
2014-04-14 16:00:00,0.0,0,0.000512525613885,0.000512525613885,[[ 0.02326214  0.02499818  0.02191016  0.01935732  0.02327727]],0.0,0.0,0.0
2014-04-14 16:05:00,0.0,0,0.000500973430462,0.000500973430462,[[ 0.0230413   0.0247861   0.02162441  0.01908242  0.02297523]],0.0,0.0,0.0
2014-04-14 16:10:00,0.0,0,0.00048834993504,0.00048834993504,[[ 0.0227987   0.0245455   0.02130408  0.01878089  0.02264733]],0.0,0.0,0.0
2014-04-14 16:15:00,0.0,0,0.000474826112622,0.000474826112622,[[ 0.02253798  0.02427842  0.02095465  0.01845577  0.02229384]],0.0,0.0,0.0
2014-04-14 16:20:00,0.0,0,0.00046055362327,0.00046055362327,[[ 0.02226257  0.02398711  0.02058034  0.0181092   0.0219151 ]],0.0,0.0,0.0
2014-04-14 16:25:00,0.0,0,0.000445732090157,0.000445732090157,[[ 0.02197696  0.02367406  0.02018874  0.01774533  0.02151117]],0.0,0.0,0.0
2014-04-14 16:30:00,0.0,0,0.000430574698839,0.000430574698839,[[ 0.02168699  0.02334014  0.01979171  0.01737022  0.0210796 ]],0.0,0.0,0.0
2014-04-14 16:35:00,0.0,0,0.000416029623011,0.000416029623011,[[ 0.02137368  0.02295324  0.01946195  0.01705663  0.02065832]],0.0,0.0,0.0
2014-04-14 16:40:00,0.0,0,0.000401894008974,0.000401894008974,[[ 0.02102246  0.02252258  0.0191673   0.0167933   0.02026966]],0.0,0.0,0.0
2014-04-14 16:45:00,0.0,0,0.000387666397728,0.000387666397728,[[ 0.02065959  0.02207989  0.01886235  0.01652563  0.0198773 ]],0.0,0.0,0.0
2014-04-14 16:50:00,0.0,0,0.000373420625692,0.000373420625692,[[ 0.0202868   0.0216271   0.0185486   0.01625445  0.01948229]],0.0,0.0,0.0
2014-04-14 16:55:00,0.0,0,0.000359225086868,0.000359225086868,[[ 0.01990577  0.02116613  0.01822747  0.01598054  0.01908565]],0.0,0.0,0.0
2014-04-14 17:00:00,0.0,0,0.000345138047123,0.000345138047123,[[ 0.019518    0.02069867  0.01790025  0.01570457  0.01868824]],0.0,0.0,0.0
2014-04-14 17:05:00,0.0,0,0.000331211223966,0.000331211223966,[[ 0.01912483  0.02022629  0.01756807  0.01542719  0.01829095]],0.0,0.0,0.0
2014-04-14 17:10:00,0.0,0,0.000317488476867,0.000317488476867,[[ 0.01872753  0.01975037  0.01723202  0.01514895  0.01789445]],0.0,0.0,0.0
2014-04-14 17:15:00,0.0,0,0.000304008077364,0.000304008077364,[[ 0.01832725  0.01927222  0.01689304  0.0148704   0.01749944]],0.0,0.0,0.0
2014-04-14 17:20:00,0.0,0,0.000290802970994,0.000290802970994,[[ 0.01792503  0.01879302  0.01655208  0.014592    0.01710652]],0.0,0.0,0.0
2014-04-14 17:25:00,0.0,0,0.000277900107903,0.000277900107903,[[ 0.01752184  0.01831385  0.01620987  0.01431419  0.01671625]],0.0,0.0,0.0
2014-04-14 17:30:00,0.0,0,0.000265321985353,0.000265321985353,[[ 0.01711854  0.01783566  0.01586724  0.01403736  0.01632906]],0.0,0.0,0.0
2014-04-14 17:35:00,0.0,0,0.000253086327575,0.000253086327575,[[ 0.01671591  0.01735933  0.01552479  0.01376185  0.0159454 ]],0.0,0.0,0.0
2014-04-14 17:40:00,0.0,0,0.000241208515945,0.000241208515945,[[ 0.0163147   0.0168857   0.01518317  0.01348799  0.01556573]],0.0,0.0,0.0
2014-04-14 17:45:00,0.0,0,0.000229698634939,0.000229698634939,[[ 0.01591554  0.01641545  0.01484291  0.01321608  0.01519031]],0.0,0.0,0.0
2014-04-14 17:50:00,0.0,0,0.000218565270188,0.000218565270188,[[ 0.01551899  0.01594928  0.01450451  0.01294637  0.01481952]],0.0,0.0,0.0
2014-04-14 17:55:00,0.0,0,0.00020781326748,0.00020781326748,[[ 0.01512565  0.01548773  0.01416846  0.01267911  0.01445359]],0.0,0.0,0.0
2014-04-14 18:00:00,0.0,0,0.000197445551748,0.000197445551748,[[ 0.01473597  0.01503136  0.01383513  0.01241449  0.01409279]],0.0,0.0,0.0
2014-04-14 18:05:00,0.0,0,0.000187462734175,0.000187462734175,[[ 0.01435042  0.01458065  0.01350495  0.01215269  0.01373725]],0.0,0.0,0.0
2014-04-14 18:10:00,0.0,0,0.000177863388672,0.000177863388672,[[ 0.01396935  0.01413599  0.01317821  0.01189391  0.01338721]],0.0,0.0,0.0
2014-04-14 18:15:00,0.0,0,0.000168644633959,0.000168644633959,[[ 0.01359312  0.01369779  0.01285522  0.01163828  0.0130428 ]],0.0,0.0,0.0
2014-04-14 18:20:00,0.0,0,0.000159802293638,0.000159802293638,[[ 0.01322205  0.01326635  0.01253626  0.0113859   0.01270418]],0.0,0.0,0.0
2014-04-14 18:25:00,0.0,0,0.000151330314111,0.000151330314111,[[ 0.01285641  0.01284196  0.01222152  0.01113693  0.0123714 ]],0.0,0.0,0.0
2014-04-14 18:30:00,0.0,0,0.000143222947372,0.000143222947372,[[ 0.01249646  0.01242491  0.01191129  0.01089146  0.01204459]],0.0,0.0,0.0
2014-04-14 18:35:00,0.0,0,0.000135472233524,0.000135472233524,[[ 0.0121424   0.01201539  0.01160569  0.01064959  0.01172381]],0.0,0.0,0.0
2014-04-14 18:40:00,0.0,0,0.000128069455968,0.000128069455968,[[ 0.0117944   0.01161358  0.01130491  0.01041134  0.01140908]],0.0,0.0,0.0
2014-04-14 18:45:00,0.0,0,0.000121006007248,0.000121006007248,[[ 0.01145262  0.01121961  0.01100907  0.01017683  0.01110046]],0.0,0.0,0.0
2014-04-14 18:50:00,0.0,0,0.000114273265353,0.000114273265353,[[ 0.01111724  0.0108337   0.01071835  0.00994611  0.01079798]],0.0,0.0,0.0
2014-04-14 18:55:00,0.0,0,0.000107860498247,0.000107860498247,[[ 0.01078831  0.01045587  0.01043277  0.00971918  0.01050165]],0.0,0.0,0.0
2014-04-14 19:00:00,0.0,0,0.000101758065284,0.000101758065284,[[ 0.01046594  0.01008622  0.01015247  0.00949612  0.01021144]],0.0,0.0,0.0
2014-04-14 19:05:00,0.0,0,9.59556346061e-05,9.59556346061e-05,[[ 0.01015022  0.00972483  0.0098775   0.00927693  0.00992737]],0.0,0.0,0.0
2014-04-14 19:10:00,0.0,0,9.04428015929e-05,9.04428015929e-05,[[ 0.00984118  0.00937173  0.00960789  0.00906163  0.00964942]],0.0,0.0,0.0
2014-04-14 19:15:00,0.0,0,8.52088342072e-05,8.52088342072e-05,[[ 0.00953887  0.00902691  0.00934371  0.00885022  0.00937751]],0.0,0.0,0.0
2014-04-14 19:20:00,0.0,0,8.02436188678e-05,8.02436188678e-05,[[ 0.00924332  0.0086904   0.00908498  0.00864273  0.00911165]],0.0,0.0,0.0
2014-04-14 19:25:00,0.0,0,7.55364089855e-05,7.55364089855e-05,[[ 0.00895451  0.00836218  0.00883172  0.00843916  0.00885177]],0.0,0.0,0.0
2014-04-14 19:30:00,0.0,0,7.1077280154e-05,7.1077280154e-05,[[ 0.00867248  0.00804226  0.00858395  0.00823948  0.00859787]],0.0,0.0,0.0
2014-04-14 19:35:00,0.0,0,6.68553548167e-05,6.68553548167e-05,[[ 0.00839716  0.00773054  0.00834163  0.00804369  0.00834982]],0.0,0.0,0.0
2014-04-14 19:40:00,0.0,0,6.28610723652e-05,6.28610723652e-05,[[ 0.00812858  0.00742704  0.00810476  0.00785177  0.0081076 ]],0.0,0.0,0.0
2014-04-14 19:45:00,0.0,0,5.90840754739e-05,5.90840754739e-05,[[ 0.00786664  0.00713164  0.00787333  0.0076637   0.00787111]],0.0,0.0,0.0
2014-04-14 19:50:00,0.0,0,5.55149927095e-05,5.55149927095e-05,[[ 0.00761133  0.0068443   0.00764731  0.00747946  0.00764033]],0.0,0.0,0.0
2014-04-14 19:55:00,0.0,0,5.21442925674e-05,5.21442925674e-05,[[ 0.00736261  0.00656493  0.00742665  0.00729901  0.00741515]],0.0,0.0,0.0
2014-04-14 20:00:00,0.0,0,4.89625090268e-05,4.89625090268e-05,[[ 0.00712038  0.00629341  0.00721129  0.00712234  0.00719551]],0.0,0.0,0.0
2014-04-14 20:05:00,0.0,0,4.59608781966e-05,4.59608781966e-05,[[ 0.0068846   0.0060297   0.00700124  0.00694938  0.00698128]],0.0,0.0,0.0
2014-04-14 20:10:00,0.0,0,4.31306980317e-05,4.31306980317e-05,[[ 0.0066552   0.00577366  0.00679639  0.00678012  0.00677242]],0.0,0.0,0.0
2014-04-14 20:15:00,0.0,0,4.04628117394e-05,4.04628117394e-05,[[ 0.00643188  0.00552507  0.0065966   0.00661451  0.00656899]],0.0,0.0,0.0
2014-04-14 20:20:00,0.0,0,3.79490738851e-05,3.79490738851e-05,[[ 0.00621465  0.00528382  0.00640184  0.00645247  0.00637078]],0.0,0.0,0.0
2014-04-14 20:25:00,0.0,0,3.55825395673e-05,3.55825395673e-05,[[ 0.00600354  0.00504994  0.00621212  0.00629402  0.00617764]],0.0,0.0,0.0
2014-04-14 20:30:00,0.0,0,3.33547868649e-05,3.33547868649e-05,[[ 0.00579848  0.00482316  0.00602736  0.00613905  0.0059893 ]],0.0,0.0,0.0
2014-04-14 20:35:00,0.0,0,3.12580486934e-05,3.12580486934e-05,[[ 0.0055991   0.00460322  0.00584735  0.00598749  0.00580596]],0.0,0.0,0.0
2014-04-14 20:40:00,0.0,0,2.928676804e-05,2.928676804e-05,[[ 0.00540555  0.00439025  0.00567216  0.00583937  0.00562742]],0.0,0.0,0.0
2014-04-14 20:45:00,0.0,0,2.74336834991e-05,2.74336834991e-05,[[ 0.0052176   0.00418401  0.00550163  0.00569461  0.00545368]],0.0,0.0,0.0
2014-04-14 20:50:00,0.0,0,2.56928415183e-05,2.56928415183e-05,[[ 0.00503526  0.00398445  0.00533576  0.00555318  0.00528454]],0.0,0.0,0.0
2014-04-14 20:55:00,0.0,0,2.40580429818e-05,2.40580429818e-05,[[ 0.00485841  0.00379144  0.00517446  0.00541501  0.00511993]],0.0,0.0,0.0
2014-04-14 21:00:00,0.0,0,2.25237890845e-05,2.25237890845e-05,[[ 0.004687    0.00360487  0.00501768  0.00528007  0.00495981]],0.0,0.0,0.0
2014-04-14 21:05:00,0.0,0,2.10842881643e-05,2.10842881643e-05,[[ 0.00452088  0.00342464  0.00486531  0.00514831  0.00480401]],0.0,0.0,0.0
2014-04-14 21:10:00,0.0,0,1.97341196326e-05,1.97341196326e-05,[[ 0.00435993  0.00325052  0.00471727  0.00501967  0.00465252]],0.0,0.0,0.0
2014-04-14 21:15:00,0.0,0,1.84682685358e-05,1.84682685358e-05,[[ 0.00420406  0.00308247  0.00457348  0.00489409  0.00450519]],0.0,0.0,0.0
2014-04-14 21:20:00,1.0,0,1.72818090505e-05,1.72818090505e-05,[[ 0.00405315  0.00292028  0.00443384  0.00477152  0.00436195]],0.0,0.0,0.0
2014-04-14 21:25:00,0.0,0,0.198327064514,0.198327064514,[[ 0.00390711  0.00276387  0.00429828  0.0046519   0.00422273]],0.0,0.0,0.0
2014-04-14 21:30:00,0.0,0,0.198080867529,0.198080867529,[[ 0.00350922  0.00276975  0.00405014  0.0048476   0.00629113]],0.0,0.0,0.0
2014-04-14 21:35:00,0.0,0,0.198475107551,0.198475107551,[[ 0.00302883  0.00294162  0.00388575  0.00653977  0.00844541]],0.0,0.0,0.0
2014-04-14 21:40:00,0.0,0,0.19867156446,0.19867156446,[[ 0.00306438  0.0034308   0.0052565   0.00810992  0.01024003]],0.0,0.0,0.0
2014-04-14 21:45:00,0.0,0,0.198679447174,0.198679447174,[[ 0.00346494  0.00570213  0.00681161  0.00966529  0.01195189]],0.0,0.0,0.0
2014-04-14 21:50:00,1.0,0,0.0290589239448,0.0290589239448,[[-0.10659102 -0.08418204  0.03015105  0.18435241  0.30323499]],0.0,0.0,0.0
2014-04-14 21:55:00,0.0,0,0.0920613780618,0.0920613780618,[[-0.06253905  0.02483825  0.11829631  0.25874066  0.38775983]],0.0,0.0,0.0
2014-04-14 22:00:00,0.0,0,0.137654066086,0.137654066086,[[ 0.06969506  0.16450791  0.23200661  0.28839564  0.31006819]],0.0,0.0,0.0
2014-04-14 22:05:00,0.0,0,0.144935935736,0.144935935736,[[ 0.19059664  0.26628125  0.27998823  0.25168997  0.18889728]],0.0,0.0,0.0
2014-04-14 22:10:00,0.0,0,0.131229355931,0.131229355931,[[ 0.28536791  0.32144243  0.28422296  0.17463724  0.05468764]],0.0,0.0,0.0
2014-04-14 22:15:00,0.0,0,0.127296000719,0.127296000719,[[ 0.31883806  0.31327921  0.25195435  0.09032203 -0.0521103 ]],0.0,0.0,0.0
2014-04-14 22:20:00,0.0,0,0.00271802069619,0.00271802069619,[[ 0.09079691 -0.02977912 -0.00219323 -0.05108327 -0.04295252]],0.0,0.0,0.0
2014-04-14 22:25:00,0.0,0,0.000353564246325,0.000353564246325,[[ 0.02334756  0.01503326 -0.01346267  0.00378157  0.02830495]],0.0,0.0,0.0
2014-04-14 22:30:00,0.0,0,0.000569228839595,0.000569228839595,[[ 0.02938521  0.03804374 -0.00617199  0.00584859  0.0215181 ]],0.0,0.0,0.0
2014-04-14 22:35:00,0.0,0,0.000502420414705,0.000502420414705,[[ 0.02491533  0.04007666 -0.0079608   0.00387231  0.01438127]],0.0,0.0,0.0
2014-04-14 22:40:00,0.0,0,0.000287832866888,0.000287832866888,[[ 0.01457775  0.03079796 -0.01376851  0.00104975  0.00935229]],0.0,0.0,0.0
2014-04-14 22:45:00,0.0,0,0.000146355072502,0.000146355072502,[[ 0.00385877  0.01767045 -0.01921725 -0.00110898  0.00584021]],0.0,0.0,0.0
2014-04-14 22:50:00,0.0,0,0.000104432423541,0.000104432423541,[[-0.00331621  0.00582591 -0.02153604 -0.00186358  0.00315434]],0.0,0.0,0.0
2014-04-14 22:55:00,0.0,0,8.83612810867e-05,8.83612810867e-05,[[-0.00558057 -0.00239636 -0.02005984 -0.00136837  0.00080714]],0.0,0.0,0.0
2014-04-14 23:00:00,0.0,0,7.34259519959e-05,7.34259519959e-05,[[-0.00550532 -0.00675389 -0.01703598 -0.00010955  0.00098462]],0.0,0.0,0.0
2014-04-14 23:05:00,0.0,0,6.31893490208e-05,6.31893490208e-05,[[-0.00525883 -0.00899035 -0.0138469   0.00174341  0.00356215]],0.0,0.0,0.0
2014-04-14 23:10:00,0.0,0,5.51470038772e-05,5.51470038772e-05,[[-0.0042787  -0.00926909 -0.0104318   0.00391617  0.00688135]],0.0,0.0,0.0
2014-04-14 23:15:00,0.0,0,5.33434867975e-05,5.33434867975e-05,[[-0.00287823 -0.00830793 -0.00726096  0.00598776  0.01004174]],0.0,0.0,0.0
2014-04-14 23:20:00,0.0,0,5.66911548958e-05,5.66911548958e-05,[[-0.00143424 -0.00684789 -0.00478544  0.00762013  0.01239106]],0.0,0.0,0.0
2014-04-14 23:25:00,0.0,0,6.39927020529e-05,6.39927020529e-05,"[[  5.40167093e-06  -5.25338948e-03  -2.59952247e-03   9.03142989e-03
    1.42842978e-02]]",0.0,0.0,0.0
2014-04-14 23:30:00,0.0,0,0.000172862244654,0.000172862244654,[[-0.01083664 -0.0202489  -0.01781795  0.00140431  0.00417239]],0.0,0.0,0.0
2014-04-14 23:35:00,0.0,0,7.89866171544e-05,7.89866171544e-05,[[-0.00464237 -0.01357651 -0.00964318  0.00521991  0.00829587]],0.0,0.0,0.0
2014-04-14 23:40:00,0.0,0,5.18494816788e-05,5.18494816788e-05,[[ 0.00041603 -0.00794201 -0.00352208  0.00793403  0.01098385]],0.0,0.0,0.0
2014-04-14 23:45:00,0.0,0,6.01466526859e-05,6.01466526859e-05,[[ 0.00342265 -0.00384456  0.00046366  0.00996692  0.01321679]],0.0,0.0,0.0
2014-04-14 23:50:00,0.0,0,7.89590194472e-05,7.89590194472e-05,[[ 0.00485754 -0.00068294  0.00291316  0.01145221  0.01520176]],0.0,0.0,0.0
2014-04-14 23:55:00,0.0,0,0.000102703648736,0.000102703648736,[[ 0.00588951  0.00210589  0.00486851  0.01271898  0.01699772]],0.0,0.0,0.0
