timestamp,value,is_anomaly,error_prediction,convergence_loss,sigmoid_error_prediction,anomaly_score,prediction,S(t)_reward_low_FP_rate,S(t)_reward_low_FN_rate,S(t)_standard
2014-04-02 14:29:00,0.413125269845,0,0.0,0.0,0.0,0.0,0.0,0.0,0.0,0.0
2014-04-02 14:34:00,0.399864306421,0,0.0,0.0,0.0,0.0,0.0,0.0,0.0,0.0
2014-04-02 14:39:00,0.420896811201,0,0.0,0.0,0.0,0.0,0.0,0.0,0.0,0.0
2014-04-02 14:44:00,0.388556508152,0,0.0,0.0,0.0,0.0,0.0,0.0,0.0,0.0
2014-04-02 14:49:00,0.389234976048,0,0.0,0.0,0.0,0.0,0.0,0.0,0.0,0.0
2014-04-02 14:54:00,0.413125269845,0,0.0,0.0,0.0,0.0,0.0,0.0,0.0,0.0
2014-04-02 14:59:00,0.384177306277,0,0.0,0.0,0.0,0.0,0.0,0.0,0.0,0.0
2014-04-02 15:04:00,0.412282324883,0,0.0,0.0,0.0,0.0,0.0,0.0,0.0,0.0
2014-04-02 15:09:00,0.439441600362,0,0.0,0.0,0.0,0.0,0.0,0.0,0.0,0.0
2014-04-02 15:14:00,0.3976849853,0,0.0,0.0,0.0,0.0,0.0,0.0,0.0,0.0
2014-04-02 15:19:00,0.41577746253,0,0.306400555181,0.0938813090324,0.576006435221,0.576006435221,0.109376907349,0.0,0.0,0.0
2014-04-02 15:24:00,0.42447418738,0,0.26274708677,0.0690360292792,0.565311466269,0.565311466269,0.161727100611,0.0,0.0,0.0
2014-04-02 15:29:00,0.370669627254,0,0.175061339204,0.030646475032,0.543653905187,0.543653905187,0.19560828805,0.0,0.0,0.0
2014-04-02 15:34:00,0.411439379921,0,0.210092371574,0.0441388078034,0.552330749618,0.552330749618,0.201347008348,0.0,0.0,0.0
2014-04-02 15:39:00,0.39889800366,0,0.190908758006,0.0364461541176,0.547582759828,0.547582759828,0.207989245653,0.0,0.0,0.0
2014-04-02 15:44:00,0.407820884475,0,0.19250867177,0.0370595864952,0.547979085618,0.547979085618,0.215312212706,0.0,0.0,0.0
2014-04-02 15:49:00,0.407101297313,0,0.183874452048,0.0338098146021,0.545839533555,0.545839533555,0.223226845264,0.0,0.0,0.0
2014-04-02 15:54:00,0.42229486626,0,0.190681230243,0.0363593287766,0.547526392427,0.547526392427,0.231613636017,0.0,0.0,0.0
2014-04-02 15:59:00,0.369456608894,0,0.129013453725,0.0166444741189,0.532208701086,0.532208701086,0.240443155169,0.0,0.0,0.0
2014-04-02 16:04:00,0.406607866116,0,0.157264560289,0.0247321426868,0.539235308949,0.539235308949,0.249343305826,0.0,0.0,0.0
2014-04-02 16:09:00,0.435946462715,0,0.177484212482,0.0315006449819,0.544254942461,0.544254942461,0.258462250233,0.0,0.0,0.0
2014-04-02 16:14:00,0.392627315529,0,0.124750660665,0.0155627308413,0.53114728092,0.53114728092,0.267876654863,0.0,0.0,0.0
2014-04-02 16:19:00,0.409260058801,0,0.131990039746,0.0174213722348,0.532949688093,0.532949688093,0.277270019054,0.0,0.0,0.0
2014-04-02 16:24:00,0.417237196488,0,0.130549047513,0.0170430522412,0.532590987525,0.532590987525,0.286688148975,0.0,0.0,0.0
2014-04-02 16:29:00,0.422541581858,0,0.126420103777,0.0159820448607,0.531563000369,0.531563000369,0.296121478081,0.0,0.0,0.0
2014-04-02 16:34:00,0.368963177697,0,0.0634172218005,0.00402174470946,0.51584899409,0.51584899409,0.305545955896,0.0,0.0,0.0
2014-04-02 16:39:00,0.38368387508,0,0.069123640533,0.0047780754976,0.517274032625,0.517274032625,0.314560234547,0.0,0.0,0.0
2014-04-02 16:44:00,0.404675260593,0,0.0814295564193,0.00663077505305,0.52034614779,0.52034614779,0.323245704174,0.0,0.0,0.0
2014-04-02 16:49:00,0.375974012624,0,0.0442517829045,0.00195821910165,0.511061140772,0.511061140772,0.331722229719,0.0,0.0,0.0
2014-04-02 16:54:00,0.408314315673,0,0.0685688537318,0.00470168795437,0.517135500145,0.517135500145,0.339745461941,0.0,0.0,0.0
2014-04-02 16:59:00,0.403955673431,0,0.0564154736742,0.00318270502612,0.514100128904,0.514100128904,0.347540199757,0.0,0.0,0.0
2014-04-02 17:04:00,0.426879664467,0,0.0718380711536,0.00516070984304,0.517951798119,0.517951798119,0.355041593313,0.0,0.0,0.0
2014-04-02 17:09:00,0.401036205514,0,0.0386407401401,0.00149310659617,0.50965898324,0.50965898324,0.362395465374,0.0,0.0,0.0
2014-04-02 17:14:00,0.378009416312,0,0.00864426061514,7.47231097193e-05,0.502161051697,0.502161051697,0.369365155697,0.0,0.0,0.0
2014-04-02 17:19:00,0.404346306462,0,0.0286031557508,0.000818141095806,0.507150301448,0.507150301448,0.375743150711,0.0,0.0,0.0
2014-04-02 17:24:00,0.383005407184,0,0.00125458511628,1.57399199452e-06,0.500313646238,0.500313646238,0.381750822067,0.0,0.0,0.0
2014-04-02 17:29:00,0.392133884332,0,0.00494115819625,2.44151160587e-05,0.501235287036,0.501235287036,0.387192726135,0.0,0.0,0.0
2014-04-02 17:34:00,0.431238306709,0,0.0390849542096,0.00152763258666,0.509769994836,0.509769994836,0.392153352499,0.0,0.0,0.0
2014-04-02 17:39:00,0.369456608894,0,0.0275133651469,0.000756984692998,0.506877907419,0.506877907419,0.396969974041,0.0,0.0,0.0
2014-04-02 17:44:00,0.406237792718,0,0.0051629660004,2.66560982709e-05,0.501290738633,0.501290738633,0.401074826717,0.0,0.0,0.0
2014-04-02 17:49:00,0.407101297313,0,0.00227477543938,5.17463058713e-06,0.500568693615,0.500568693615,0.404826521873,0.0,0.0,0.0
2014-04-02 17:54:00,0.409876847797,0,0.00164374166071,2.70190457741e-06,0.500410935323,0.500410935323,0.408233106136,0.0,0.0,0.0
2014-04-02 17:59:00,0.396245810975,0,0.0150761866678,0.00022729151533,0.503768975279,0.503768975279,0.411321997643,0.0,0.0,0.0
2014-04-02 18:04:00,0.417956783651,0,0.00398434626924,1.58749026014e-05,0.50099608525,0.50099608525,0.413972437382,0.0,0.0,0.0
2014-04-02 18:09:00,0.385390324637,0,0.0310086774386,0.000961538869888,0.507751548252,0.507751548252,0.416399002075,0.0,0.0,0.0
2014-04-02 18:14:00,0.39116758157,0,0.0271363253472,0.000736380170565,0.506783665062,0.506783665062,0.418303906918,0.0,0.0,0.0
2014-04-02 18:19:00,0.441333086618,0,0.0215596271832,0.000464817479951,0.505389698029,0.505389698029,0.419773459435,0.0,0.0,0.0
2014-04-02 18:24:00,0.367236168507,0,0.0540571199626,0.00292217242531,0.513510990031,0.513510990031,0.421293288469,0.0,0.0,0.0
2014-04-02 18:29:00,0.411932811119,0,0.0102347284779,0.000104749968159,0.502558659785,0.502558659785,0.422167539597,0.0,0.0,0.0
2014-04-02 18:34:00,0.374370361233,0,0.0484915724754,0.00235143210739,0.512120518163,0.512120518163,0.422861933708,0.0,0.0,0.0
2014-04-02 18:39:00,0.393737535722,0,0.0293080696987,0.000858963583596,0.507326493,0.507326493,0.423045605421,0.0,0.0,0.0
2014-04-02 18:44:00,0.389975122844,0,0.0329698401346,0.00108700990677,0.508241713478,0.508241713478,0.422944962978,0.0,0.0,0.0
2014-04-02 18:49:00,0.404449104628,0,0.0181067592293,0.000327854708303,0.504526566137,0.504526566137,0.422555863857,0.0,0.0,0.0
2014-04-02 18:54:00,0.409753489998,0,0.0122884030076,0.000151004569489,0.503072062094,0.503072062094,0.422041893005,0.0,0.0,0.0
2014-04-02 18:59:00,0.428544994757,0,0.00707673685324,5.00802525494e-05,0.50176917683,0.50176917683,0.421468257904,0.0,0.0,0.0
2014-04-02 19:04:00,0.388268673287,0,0.0327474237819,0.00107239338104,0.508186124396,0.508186124396,0.421016097069,0.0,0.0,0.0
2014-04-02 19:09:00,0.395032792615,0,0.0252812511453,0.000639141653664,0.506319976177,0.506319976177,0.42031404376,0.0,0.0,0.0
2014-04-02 19:14:00,0.401221242213,0,0.0182337198021,0.00033246842213,0.50455830366,0.50455830366,0.419454962015,0.0,0.0,0.0
2014-04-02 19:19:00,0.392133884332,0,0.026384301284,0.000696130970027,0.506595692703,0.506595692703,0.418518185616,0.0,0.0,0.0
2014-04-02 19:24:00,0.411398260655,0,0.00604078286685,3.64910447388e-05,0.501510191124,0.501510191124,0.417439043522,0.0,0.0,0.0
2014-04-02 19:29:00,0.373260141039,0,0.0431539410112,0.0018622627249,0.510786811315,0.510786811315,0.41641408205,0.0,0.0,0.0
2014-04-02 19:34:00,0.438701453566,0,0.0235931900735,0.000556638464332,0.505898023932,0.505898023932,0.415108263493,0.0,0.0,0.0
2014-04-02 19:39:00,0.387117333827,0,0.0270274801877,0.000730485073291,0.506756458761,0.506756458761,0.414144814014,0.0,0.0,0.0
2014-04-02 19:44:00,0.396245810975,0,0.0167922937978,0.000281981250737,0.504197974804,0.504197974804,0.413038104773,0.0,0.0,0.0
2014-04-02 19:49:00,0.423980756183,0,0.0120872692067,0.000146101752762,0.503021780511,0.503021780511,0.411893486977,0.0,0.0,0.0
2014-04-02 19:54:00,0.392133884332,0,0.0188373101742,0.000354843970854,0.504709188292,0.504709188292,0.410971194506,0.0,0.0,0.0
2014-04-02 19:59:00,0.421821994696,0,0.0118473004436,0.000140358213685,0.502961790468,0.502961790468,0.409974694252,0.0,0.0,0.0
2014-04-02 20:04:00,0.412652398281,0,0.00346925371182,1.20357544802e-05,0.500867312558,0.500867312558,0.409183144569,0.0,0.0,0.0
2014-04-02 20:09:00,0.451263389461,0,0.0427618240047,0.00182857434265,0.510688827275,0.510688827275,0.408501565456,0.0,0.0,0.0
2014-04-02 20:14:00,0.389008820083,0,0.0192580520849,0.000370872585336,0.504814364229,0.504814364229,0.408266872168,0.0,0.0,0.0
2014-04-02 20:19:00,0.452455848188,0,0.0445701179211,0.001986495452,0.511140685298,0.511140685298,0.407885730267,0.0,0.0,0.0
2014-04-02 20:24:00,0.373609654804,0,0.0343263519807,0.0011782979127,0.508580745455,0.508580745455,0.407936006784,0.0,0.0,0.0
2014-04-02 20:29:00,0.405168691791,0,0.00251041897492,6.30225076748e-06,0.500627604414,0.500627604414,0.407679110765,0.0,0.0,0.0
2014-04-02 20:34:00,0.429593536051,0,0.0221678046308,0.000491411425173,0.505541724221,0.505541724221,0.407425731421,0.0,0.0,0.0
2014-04-02 20:39:00,0.402002508275,0,0.00539029157903,2.90551888611e-05,0.501347569632,0.501347569632,0.407392799854,0.0,0.0,0.0
2014-04-02 20:44:00,0.377701021814,0,0.0296147092348,0.000877031474374,0.507403136252,0.507403136252,0.407315731049,0.0,0.0,0.0
2014-04-02 20:49:00,0.390818067806,0,0.016167840941,0.00026139934198,0.504041872191,0.504041872191,0.406985908747,0.0,0.0,0.0
2014-04-02 20:54:00,0.42280885709,0,0.0162619067497,0.000264449568931,0.504065387097,0.504065387097,0.40654695034,0.0,0.0,0.0
2014-04-02 20:59:00,0.404449104628,0,0.00184568826258,3.40656288245e-06,0.500461421935,0.500461421935,0.406294792891,0.0,0.0,0.0
2014-04-02 21:04:00,0.39359361829,0,0.01245798765,0.000155201676534,0.503114456632,0.503114456632,0.40605160594,0.0,0.0,0.0
2014-04-02 21:09:00,0.450769958264,0,0.0450467739168,0.0020292121917,0.511259789502,0.511259789502,0.405723184347,0.0,0.0,0.0
2014-04-02 21:14:00,0.375480581426,0,0.0303428281309,0.000920686579775,0.507585125081,0.507585125081,0.405823409557,0.0,0.0,0.0
2014-04-02 21:19:00,0.40298937067,0,0.00265808597634,7.065490081e-06,0.500664521103,0.500664521103,0.405647456646,0.0,0.0,0.0
2014-04-02 21:24:00,0.37959250807,0,0.025873273619,0.00066942628473,0.50646795759,0.50646795759,0.405465781689,0.0,0.0,0.0
2014-04-02 21:29:00,0.394210407286,0,0.010865142793,0.000118051524623,0.502716258977,0.502716258977,0.405075550079,0.0,0.0,0.0
2014-04-02 21:34:00,0.408519912005,0,0.00389077091247,1.51381891556e-05,0.500972691501,0.500972691501,0.404629141092,0.0,0.0,0.0
2014-04-02 21:39:00,0.436789407677,0,0.0325279974406,0.00105806963984,0.508131282417,0.508131282417,0.404261410236,0.0,0.0,0.0
2014-04-02 21:44:00,0.401796911943,0,0.0024184835075,5.84908548262e-06,0.500604620582,0.500604620582,0.404215395451,0.0,0.0,0.0
2014-04-02 21:49:00,0.407348012911,0,0.00319526194252,1.02096610135e-05,0.500798814806,0.500798814806,0.404152750969,0.0,0.0,0.0
2014-04-02 21:54:00,0.408252636773,0,0.00412825761494,1.7042428226e-05,0.501032062938,0.501032062938,0.404124379158,0.0,0.0,0.0
2014-04-02 21:59:00,0.419169802011,0,0.0150348132259,0.000226045944146,0.503758632505,0.503758632505,0.404134988785,0.0,0.0,0.0
2014-04-02 22:04:00,0.368079113469,0,0.0361972575336,0.00131024059374,0.509048326447,0.509048326447,0.404276371002,0.0,0.0,0.0
2014-04-02 22:09:00,0.408540471638,0,0.00445403083637,1.98382640519e-05,0.501113505868,0.501113505868,0.404086440802,0.0,0.0,0.0
2014-04-02 22:14:00,0.428586114024,0,0.024631667708,0.00060671963729,0.506157605602,0.506157605602,0.403954446316,0.0,0.0,0.0
2014-04-02 22:19:00,0.399555911923,0,0.00449551115028,2.02095343411e-05,0.501123875895,0.501123875895,0.404051423073,0.0,0.0,0.0
2014-04-02 22:24:00,0.409260058801,0,0.00516065398869,2.66324077529e-05,0.501290160634,0.501290160634,0.404099404812,0.0,0.0,0.0
2014-04-02 22:29:00,0.3976849853,0,0.00650287280484,4.22872763011e-05,0.501625712472,0.501625712472,0.404187858105,0.0,0.0,0.0
2014-04-02 22:34:00,0.402804333971,0,0.00140611429439,1.97712665795e-06,0.500351528516,0.500351528516,0.404210448265,0.0,0.0,0.0
2014-04-02 22:39:00,0.399206398158,0,0.00501197752497,2.5119901693e-05,0.501252991758,0.501252991758,0.404218375683,0.0,0.0,0.0
2014-04-02 22:44:00,0.371635930015,0,0.0325456099974,0.0010592158651,0.508135684391,0.508135684391,0.404181540012,0.0,0.0,0.0
2014-04-02 22:49:00,0.3976849853,0,0.00617784867688,3.81657409889e-05,0.501544457257,0.501544457257,0.403862833977,0.0,0.0,0.0
2014-04-02 22:54:00,0.434363370957,0,0.0308416543628,0.000951207301114,0.507709802465,0.507709802465,0.403521716595,0.0,0.0,0.0
2014-04-02 22:59:00,0.405641563355,0,0.00215623539545,4.64931827082e-06,0.50053905864,0.50053905864,0.403485327959,0.0,0.0,0.0
2014-04-02 23:04:00,0.406854581714,0,0.00338311183511,1.1445365999e-05,0.500845777152,0.500845777152,0.403471469879,0.0,0.0,0.0
2014-04-02 23:09:00,0.411932811119,0,0.00844414529948,7.13033368811e-05,0.502111023781,0.502111023781,0.403488665819,0.0,0.0,0.0
2014-04-02 23:14:00,0.438948169165,0,0.0353698281574,0.0012510237284,0.50884153531,0.50884153531,0.403578341007,0.0,0.0,0.0
2014-04-02 23:19:00,0.377043113551,0,0.0269262339261,0.000725021294784,0.5067311518,0.5067311518,0.403969347477,0.0,0.0,0.0
2014-04-02 23:24:00,0.396143012809,0,0.00794193787685,6.30742724752e-05,0.501985474033,0.501985474033,0.404084950686,0.0,0.0,0.0
2014-04-02 23:29:00,0.391784370567,0,0.0123349123941,0.000152150081703,0.503083689,0.503083689,0.404119282961,0.0,0.0,0.0
2014-04-02 23:34:00,0.429387939719,0,0.0253461129941,0.000642424798571,0.506336189041,0.506336189041,0.404041826725,0.0,0.0,0.0
2014-04-02 23:39:00,0.414811159769,0,0.0106163875254,0.000112707777589,0.502654071954,0.502654071954,0.404194772243,0.0,0.0,0.0
2014-04-02 23:44:00,0.399370875224,0,0.00505486501842,2.5551622457e-05,0.501263713564,0.501263713564,0.404425740242,0.0,0.0,0.0
2014-04-02 23:49:00,0.387466847591,0,0.0171225074005,0.000293180259177,0.50428052227,0.50428052227,0.404589354992,0.0,0.0,0.0
2014-04-02 23:54:00,0.444293673801,0,0.0397077162737,0.00157670304179,0.509925624956,0.509925624956,0.404585957527,0.0,0.0,0.0
2014-04-02 23:59:00,0.380805526429,0,0.0241264956653,0.000582088017836,0.506031331355,0.506031331355,0.404932022095,0.0,0.0,0.0
2014-04-03 00:04:00,0.410123563396,0,0.00509223996271,2.59308417299e-05,0.50127305724,0.50127305724,0.405031323433,0.0,0.0,0.0
2014-04-03 00:09:00,0.456608894097,0,0.0514432813997,0.00264641083777,0.512857984849,0.512857984849,0.405165612698,0.0,0.0,0.0
2014-04-03 00:14:00,0.387795801723,0,0.0179422837854,0.000321925384924,0.504485450615,0.504485450615,0.405738085508,0.0,0.0,0.0
2014-04-03 00:19:00,0.391784370567,0,0.0143114918218,0.00020481881802,0.503577811889,0.503577811889,0.406095862389,0.0,0.0,0.0
2014-04-03 00:24:00,0.405641563355,0,0.000650487722379,4.23144115302e-07,0.500162621925,0.500162621925,0.406292051077,0.0,0.0,0.0
2014-04-03 00:29:00,0.392853471494,0,0.0136095853087,0.000185220895219,0.503402343812,0.503402343812,0.406463056803,0.0,0.0,0.0
2014-04-03 00:34:00,0.377145911717,0,0.0293512091403,0.000861493230332,0.507337275541,0.507337275541,0.406497120857,0.0,0.0,0.0
2014-04-03 00:39:00,0.437262279241,0,0.030992967336,0.000960563251283,0.50774762167,0.50774762167,0.406269311905,0.0,0.0,0.0
2014-04-03 00:44:00,0.374534838298,0,0.0318022440875,0.00101138232276,0.507949891001,0.507949891001,0.406337082386,0.0,0.0,0.0
2014-04-03 00:49:00,0.403236086268,0,0.00288233647844,8.30783574202e-06,0.500720583621,0.500720583621,0.406118422747,0.0,0.0,0.0
2014-04-03 00:54:00,0.422541581858,0,0.0166453950296,0.000277069397271,0.504161252678,0.504161252678,0.405896186829,0.0,0.0,0.0
2014-04-03 00:59:00,0.408787187237,0,0.00294458498362,8.67060225573e-06,0.500736145714,0.500736145714,0.405842602253,0.0,0.0,0.0
2014-04-03 01:04:00,0.409506774399,0,0.0036865536903,1.35906311698e-05,0.500921637379,0.500921637379,0.405820220709,0.0,0.0,0.0
2014-04-03 01:09:00,0.43035424248,0,0.0245217432146,0.00060131563805,0.506130128628,0.506130128628,0.405832499266,0.0,0.0,0.0
2014-04-03 01:14:00,0.387631324657,0,0.0184281192935,0.000339595484547,0.504606899451,0.504606899451,0.406059443951,0.0,0.0,0.0
2014-04-03 01:19:00,0.399144719258,0,0.00695677576933,4.83968688059e-05,0.501739186928,0.501739186928,0.406101495028,0.0,0.0,0.0
2014-04-03 01:24:00,0.435329673719,0,0.0292516331188,0.000855658145156,0.507312386879,0.507312386879,0.4060780406,0.0,0.0,0.0
2014-04-03 01:29:00,0.418450214848,0,0.0121356034132,0.000147272672621,0.50303386362,0.50303386362,0.406314611435,0.0,0.0,0.0
2014-04-03 01:34:00,0.413618701042,0,0.00698401266499,4.87766083097e-05,0.501745996069,0.501745996069,0.406634688377,0.0,0.0,0.0
2014-04-03 01:39:00,0.444622627932,0,0.0376381198948,0.00141662871465,0.509408419314,0.509408419314,0.406984508038,0.0,0.0,0.0
2014-04-03 01:44:00,0.377659902547,0,0.029971315886,0.000898278900422,0.507492268134,0.507492268134,0.407631218433,0.0,0.0,0.0
2014-04-03 01:49:00,0.402023067908,0,0.00592566446763,3.51133930963e-05,0.501481411782,0.501481411782,0.407948732376,0.0,0.0,0.0
2014-04-03 01:54:00,0.428668352557,0,0.020485969973,0.000419674848672,0.505121313387,0.505121313387,0.408182382584,0.0,0.0,0.0
2014-04-03 01:59:00,0.394066489854,0,0.0145071972227,0.000210458980291,0.503626735699,0.503626735699,0.408573687077,0.0,0.0,0.0
2014-04-03 02:04:00,0.407101297313,0,0.00169650322807,2.87810280497e-06,0.500424125705,0.500424125705,0.408797800541,0.0,0.0,0.0
2014-04-03 02:09:00,0.423980756183,0,0.014996095081,0.000224882460316,0.503748953514,0.503748953514,0.408984661102,0.0,0.0,0.0
2014-04-03 02:14:00,0.398404572462,0,0.010881092096,0.000118398253107,0.502720246185,0.502720246185,0.409285664558,0.0,0.0,0.0
2014-04-03 02:19:00,0.400193260552,0,0.00926704561537,8.58778876136e-05,0.502316744824,0.502316744824,0.409460306168,0.0,0.0,0.0
2014-04-03 02:24:00,0.40638171015,0,0.00315363826508,9.94552101474e-06,0.500788408913,0.500788408913,0.409535348415,0.0,0.0,0.0
2014-04-03 02:29:00,0.386911737495,0,0.0226631884049,0.000513619568665,0.505665554608,0.505665554608,0.4095749259,0.0,0.0,0.0
2014-04-03 02:34:00,0.410226361562,0,0.000816898156101,6.67344352223e-07,0.500204224528,0.500204224528,0.409409463406,0.0,0.0,0.0
2014-04-03 02:39:00,0.374123645634,0,0.0351441375308,0.00123511126731,0.508785130184,0.508785130184,0.409267783165,0.0,0.0,0.0
2014-04-03 02:44:00,0.408067600074,0,0.000761254486837,5.79487448249e-07,0.500190313613,0.500190313613,0.408828854561,0.0,0.0,0.0
2014-04-03 02:49:00,0.400481095417,0,0.00794590462852,6.31372531643e-05,0.501986465705,0.501986465705,0.408427000046,0.0,0.0,0.0
2014-04-03 02:54:00,0.41820349925,0,0.0102085732738,0.000104215039755,0.502552121154,0.502552121154,0.407994925976,0.0,0.0,0.0
2014-04-03 02:59:00,0.391414297169,0,0.0162820691412,0.00026510618045,0.504070427361,0.504070427361,0.40769636631,0.0,0.0,0.0
2014-04-03 03:04:00,0.426859104834,0,0.0195755602932,0.000383202772355,0.5048937338,0.5048937338,0.40728354454,0.0,0.0,0.0
2014-04-03 03:09:00,0.397438269701,0,0.00964705959294,9.30659880396e-05,0.502411746194,0.502411746194,0.407085329294,0.0,0.0,0.0
2014-04-03 03:14:00,0.394786077016,0,0.0120354123177,0.000144850841025,0.50300881676,0.50300881676,0.406821489334,0.0,0.0,0.0
2014-04-03 03:19:00,0.452455848188,0,0.0459783968632,0.00211401307024,0.511492574666,0.511492574666,0.406477451324,0.0,0.0,0.0
2014-04-03 03:24:00,0.403955673431,0,0.00261899306931,6.85915210852e-06,0.500654747893,0.500654747893,0.4065746665,0.0,0.0,0.0
2014-04-03 03:29:00,0.42223318736,0,0.0155941478435,0.00024317765201,0.50389845796,0.50389845796,0.406639039516,0.0,0.0,0.0
2014-04-03 03:34:00,0.427126380065,0,0.0202914796862,0.000411744054873,0.505072695868,0.505072695868,0.406834900379,0.0,0.0,0.0
2014-04-03 03:39:00,0.431156068176,0,0.023965208858,0.000574331264943,0.505991015482,0.505991015482,0.407190859318,0.0,0.0,0.0
2014-04-03 03:44:00,0.367873517136,0,0.0398499990894,0.00158802221995,0.509961181592,0.509961181592,0.407723516226,0.0,0.0,0.0
2014-04-03 03:49:00,0.396369168774,0,0.0114806794964,0.000131806227728,0.502870138349,0.502870138349,0.40784984827,0.0,0.0,0.0
2014-04-03 03:54:00,0.426221756204,0,0.0183598677952,0.000337084813509,0.504589838019,0.504589838019,0.407861888409,0.0,0.0,0.0
2014-04-03 03:59:00,0.381525113592,0,0.0265102839376,0.000702795921825,0.50662718286,0.50662718286,0.40803539753,0.0,0.0,0.0
2014-04-03 04:04:00,0.423261169021,0,0.0153044496222,0.000234226070461,0.503826037726,0.503826037726,0.407956719398,0.0,0.0,0.0
2014-04-03 04:09:00,0.432924196632,0,0.0249027465896,0.000620147504378,0.506225364931,0.506225364931,0.408021450043,0.0,0.0,0.0
2014-04-03 04:14:00,0.374760994264,0,0.0335393459118,0.00112488830928,0.508384050566,0.508384050566,0.408300340176,0.0,0.0,0.0
2014-04-03 04:19:00,0.391393737536,0,0.0168604686449,0.000284274952719,0.50421501731,0.50421501731,0.408254206181,0.0,0.0,0.0
2014-04-03 04:24:00,0.421821994696,0,0.013758582983,0.000189298240002,0.503439591487,0.503439591487,0.408063411713,0.0,0.0,0.0
2014-04-03 04:29:00,0.380394333765,0,0.0276191888599,0.000762819254305,0.506904358322,0.506904358322,0.408013522625,0.0,0.0,0.0
2014-04-03 04:34:00,0.379345792471,0,0.0283784092082,0.000805333431344,0.507094126213,0.507094126213,0.407724201679,0.0,0.0,0.0
2014-04-03 04:39:00,0.411542178088,0,0.00432917564423,1.87417535926e-05,0.501082292221,0.501082292221,0.407213002443,0.0,0.0,0.0
2014-04-03 04:44:00,0.373794691503,0,0.0329963994626,0.0010887614917,0.508248351505,0.508248351505,0.406791090965,0.0,0.0,0.0
2014-04-03 04:49:00,0.398013939431,0,0.00810653967558,6.57158234389e-05,0.50202662382,0.50202662382,0.406120479107,0.0,0.0,0.0
2014-04-03 04:54:00,0.415325150599,0,0.00987972389681,9.76092269411e-05,0.502469910884,0.502469910884,0.405445426702,0.0,0.0,0.0
2014-04-03 04:59:00,0.395443985279,0,0.00948106307199,8.98907310329e-05,0.502370248013,0.502370248013,0.404925048351,0.0,0.0,0.0
2014-04-03 05:04:00,0.411953370752,0,0.0075802614112,5.74601981498e-05,0.501895056279,0.501895056279,0.404373109341,0.0,0.0,0.0
2014-04-03 05:09:00,0.461625444602,0,0.0576823231688,0.00332725187764,0.514416583715,0.514416583715,0.403943121433,0.0,0.0,0.0
2014-04-03 05:14:00,0.373630214437,0,0.0304339044252,0.00092622183729,0.507607888899,0.507607888899,0.404064118862,0.0,0.0,0.0
2014-04-03 05:19:00,0.438434178334,0,0.0345284886179,0.00119221687783,0.508631264643,0.508631264643,0.403905689716,0.0,0.0,0.0
2014-04-03 05:24:00,0.441764838915,0,0.0376986338906,0.00142118649092,0.509423542448,0.509423542448,0.404066205025,0.0,0.0,0.0
2014-04-03 05:29:00,0.415304590966,0,0.0107632475156,0.000115847717097,0.502690785902,0.502690785902,0.404541343451,0.0,0.0,0.0
2014-04-03 05:34:00,0.43456896729,0,0.0295051891276,0.000870556454174,0.507375762205,0.507375762205,0.405063778162,0.0,0.0,0.0
2014-04-03 05:39:00,0.45196241699,0,0.0461690779764,0.0021315831691,0.511540219655,0.511540219655,0.405793339014,0.0,0.0,0.0
2014-04-03 05:44:00,0.396430847674,0,0.0104239904592,0.00010865952936,0.502605974018,0.502605974018,0.406854838133,0.0,0.0,0.0
2014-04-03 05:49:00,0.389584489813,0,0.0181350030996,0.000328878639266,0.504533626525,0.504533626525,0.407719492912,0.0,0.0,0.0
2014-04-03 05:54:00,0.450276527067,0,0.0419380399185,0.00175879895687,0.510482973571,0.510482973571,0.408338487148,0.0,0.0,0.0
2014-04-03 05:59:00,0.379099076872,0,0.0301655770487,0.000909962400328,0.507540822449,0.507540822449,0.409264653921,0.0,0.0,0.0
2014-04-03 06:04:00,0.429531857152,0,0.0196994689891,0.00038806849625,0.504924707988,0.504924707988,0.409832388163,0.0,0.0,0.0
2014-04-03 06:09:00,0.41289911388,0,0.00238165973247,5.67226925341e-06,0.500595414652,0.500595414652,0.410517454147,0.0,0.0,0.0
2014-04-03 06:14:00,0.414338288205,0,0.00318255771902,1.01286896097e-05,0.500795638758,0.500795638758,0.411155730486,0.0,0.0,0.0
2014-04-03 06:19:00,0.426406792903,0,0.0146478932141,0.000214561005123,0.503661907829,0.503661907829,0.411758899689,0.0,0.0,0.0
2014-04-03 06:24:00,0.393819774255,0,0.01861215128,0.00034641197999,0.504652903502,0.504652903502,0.412431925535,0.0,0.0,0.0
2014-04-03 06:29:00,0.424186352515,0,0.0113134420159,0.000127993887872,0.502828330337,0.502828330337,0.4128729105,0.0,0.0,0.0
2014-04-03 06:34:00,0.475873270421,0,0.0625027803467,0.003906596452,0.515620610131,0.515620610131,0.413370490074,0.0,0.0,0.0
2014-04-03 06:39:00,0.399124159625,0,0.0152466155978,0.000232459715335,0.503811580063,0.503811580063,0.414370775223,0.0,0.0,0.0
2014-04-03 06:44:00,0.402023067908,0,0.0131134779881,0.00017196306726,0.503278322518,0.503278322518,0.415136545897,0.0,0.0,0.0
2014-04-03 06:49:00,0.409116141368,0,0.00659365219962,4.34761495853e-05,0.501648407078,0.501648407078,0.415709793568,0.0,0.0,0.0
2014-04-03 06:54:00,0.443430169206,0,0.0272626119662,0.000743249256629,0.506815230878,0.506815230878,0.41616755724,0.0,0.0,0.0
2014-04-03 06:59:00,0.3976849853,0,0.0191371799509,0.000366231426597,0.50478414898,0.50478414898,0.416822165251,0.0,0.0,0.0
2014-04-03 07:04:00,0.430086967249,0,0.0128458409496,0.000165015706443,0.503211416076,0.503211416076,0.417241126299,0.0,0.0,0.0
2014-04-03 07:09:00,0.406134994552,0,0.0115980190782,0.000134514091769,0.502899472268,0.502899472268,0.41773301363,0.0,0.0,0.0
2014-04-03 07:14:00,0.409753489998,0,0.00831900188649,6.92056055414e-05,0.502079738477,0.502079738477,0.418072491884,0.0,0.0,0.0
2014-04-03 07:19:00,0.41699048089,0,0.00131345583007,1.72514546648e-06,0.50032836391,0.50032836391,0.41830393672,0.0,0.0,0.0
2014-04-03 07:24:00,0.433643783795,0,0.0151431815496,0.00022931607964,0.503785723044,0.503785723044,0.418500602245,0.0,0.0,0.0
2014-04-03 07:29:00,0.420855691934,0,0.00204252293192,4.17193678004e-06,0.500510630555,0.500510630555,0.418813169003,0.0,0.0,0.0
2014-04-03 07:34:00,0.365838113448,0,0.0532747775107,0.00283820228651,0.513315545176,0.513315545176,0.419112890959,0.0,0.0,0.0
2014-04-03 07:39:00,0.399617590822,0,0.0192886210308,0.000372051232262,0.504822005756,0.504822005756,0.418906211853,0.0,0.0,0.0
2014-04-03 07:44:00,0.392051645799,0,0.0264962527323,0.000702051853295,0.506623675674,0.506623675674,0.418547898531,0.0,0.0,0.0
2014-04-03 07:49:00,0.392133884332,0,0.0258553100617,0.000668496708386,0.506463467452,0.506463467452,0.417989194393,0.0,0.0,0.0
2014-04-03 07:54:00,0.408273196406,0,0.00898303967018,8.06951138657e-05,0.502245744816,0.502245744816,0.417256236076,0.0,0.0,0.0
2014-04-03 07:59:00,0.390447994408,0,0.0260686374339,0.000679573335219,0.506516790309,0.506516790309,0.416516631842,0.0,0.0,0.0
2014-04-03 08:04:00,0.439194884763,0,0.0235752730231,0.000555793638341,0.505893545292,0.505893545292,0.41561961174,0.0,0.0,0.0
2014-04-03 08:09:00,0.428339398425,0,0.0133171742373,0.000177346955752,0.503329244357,0.503329244357,0.415022224188,0.0,0.0,0.0
2014-04-03 08:14:00,0.402763214704,0,0.0118396610053,0.000140177508001,0.502959880676,0.502959880676,0.41460287571,0.0,0.0,0.0
2014-04-03 08:19:00,0.378132774111,0,0.0359875423941,0.00129510415718,0.508995914733,0.508995914733,0.414120316505,0.0,0.0,0.0
2014-04-03 08:24:00,0.406854581714,0,0.0065129877323,4.24191639468e-05,0.501628241177,0.501628241177,0.413367569447,0.0,0.0,0.0
2014-04-03 08:29:00,0.389605049446,0,0.0230274159166,0.000530262070242,0.505756599606,0.505756599606,0.412632465363,0.0,0.0,0.0
2014-04-03 08:34:00,0.408293756039,0,0.00347372671818,1.20667928059e-05,0.500868430806,0.500868430806,0.411767482758,0.0,0.0,0.0
2014-04-03 08:39:00,0.373424618105,0,0.0375337315999,0.00140878092498,0.509382331455,0.509382331455,0.410958349705,0.0,0.0,0.0
2014-04-03 08:44:00,0.406834022081,0,0.00306604715571,9.4005590654e-06,0.500766511188,0.500766511188,0.409900069237,0.0,0.0,0.0
2014-04-03 08:49:00,0.420608976336,0,0.0116880922035,0.00013661129924,0.502921989786,0.502921989786,0.408920884132,0.0,0.0,0.0
2014-04-03 08:54:00,0.396965398137,0,0.0111773473575,0.000124933401821,0.502794307748,0.502794307748,0.408142745495,0.0,0.0,0.0
2014-04-03 08:59:00,0.392853471494,0,0.0144907505747,0.000209981939406,0.503622624253,0.503622624253,0.407344222069,0.0,0.0,0.0
2014-04-03 09:04:00,0.405168691791,0,0.00132965096192,1.7679967641e-06,0.500332412692,0.500332412692,0.406498342752,0.0,0.0,0.0
2014-04-03 09:09:00,0.452558646354,0,0.0468331970301,0.00219334755093,0.511706159695,0.511706159695,0.405725449324,0.0,0.0,0.0
2014-04-03 09:14:00,0.365591397849,0,0.0398503333651,0.00158804829698,0.509961265128,0.509961265128,0.405441731215,0.0,0.0,0.0
2014-04-03 09:19:00,0.395279508214,0,0.0095584577517,9.13643307285e-05,0.502389596244,0.502389596244,0.404837965965,0.0,0.0,0.0
2014-04-03 09:24:00,0.394313205452,0,0.00989774945214,9.79652322712e-05,0.502474417162,0.502474417162,0.404210954905,0.0,0.0,0.0
2014-04-03 09:29:00,0.405024774358,0,0.00146461276745,2.14506871998e-06,0.500366153126,0.500366153126,0.403560161591,0.0,0.0,0.0
2014-04-03 09:34:00,0.400830609182,0,0.00215657295842,4.65086077384e-06,0.500539143031,0.500539143031,0.40298718214,0.0,0.0,0.0
2014-04-03 09:39:00,0.435247435186,0,0.0327947874998,0.00107549712993,0.508197962147,0.508197962147,0.402452647686,0.0,0.0,0.0
2014-04-03 09:44:00,0.375480581426,0,0.0267775763037,0.000717037997674,0.506693994093,0.506693994093,0.40225815773,0.0,0.0,0.0
2014-04-03 09:49:00,0.391722691667,0,0.0101269358276,0.000102555080957,0.50253171232,0.50253171232,0.401849627495,0.0,0.0,0.0
2014-04-03 09:54:00,0.438948169165,0,0.0375546364117,0.00141034962144,0.509387555817,0.509387555817,0.401393532753,0.0,0.0,0.0
2014-04-03 09:59:00,0.368551985033,0,0.0327586972642,0.00107313133776,0.508188942011,0.508188942011,0.401310682297,0.0,0.0,0.0
2014-04-03 10:04:00,0.407574168877,0,0.00662320061129,4.38668903371e-05,0.5016557941,0.5016557941,0.400950968266,0.0,0.0,0.0
2014-04-03 10:09:00,0.411439379921,0,0.0107545165925,0.000115659822768,0.502688603235,0.502688603235,0.400684863329,0.0,0.0,0.0
2014-04-03 10:14:00,0.371389214416,0,0.0291497069398,0.000849705655128,0.507286910765,0.507286910765,0.400538921356,0.0,0.0,0.0
2014-04-03 10:19:00,0.390920865972,0,0.00923315839081,8.52509983815e-05,0.502308273199,0.502308273199,0.400154024363,0.0,0.0,0.0
2014-04-03 10:24:00,0.403832315631,0,0.00410503072319,1.68512833625e-05,0.50102625624,0.50102625624,0.399727284908,0.0,0.0,0.0
2014-04-03 10:29:00,0.419642673575,0,0.0202638374198,0.000410623644711,0.505065786012,0.505065786012,0.399378836155,0.0,0.0,0.0
2014-04-03 10:34:00,0.403236086268,0,0.00399469842414,1.59576538863e-05,0.500998673278,0.500998673278,0.399241387844,0.0,0.0,0.0
2014-04-03 10:39:00,0.4444787105,0,0.0453262527857,0.00205447012559,0.511329623566,0.511329623566,0.399152457714,0.0,0.0,0.0
2014-04-03 10:44:00,0.374041407101,0,0.0254248690675,0.000646423897706,0.506355874888,0.506355874888,0.399466276169,0.0,0.0,0.0
2014-04-03 10:49:00,0.371389214416,0,0.0281385737458,0.00079177954467,0.507034179316,0.507034179316,0.399527788162,0.0,0.0,0.0
2014-04-03 10:54:00,0.407101297313,0,0.00776257508385,6.02576656092e-05,0.501940634026,0.501940634026,0.399338722229,0.0,0.0,0.0
2014-04-03 10:59:00,0.417668948786,0,0.0184329849645,0.000339774560416,0.504608115765,0.504608115765,0.399235963821,0.0,0.0,0.0
2014-04-03 11:04:00,0.390406875141,0,0.00889679955653,7.91530110291e-05,0.502224185218,0.502224185218,0.399303674698,0.0,0.0,0.0
2014-04-03 11:09:00,0.440161187524,0,0.0408739339062,0.00167067931034,0.510217061064,0.510217061064,0.399287253618,0.0,0.0,0.0
2014-04-03 11:14:00,0.373794691503,0,0.0258328450326,0.000667335174512,0.506457852132,0.506457852132,0.399627536535,0.0,0.0,0.0
2014-04-03 11:19:00,0.405888278953,0,0.00617887543824,3.81786267099e-05,0.501544713945,0.501544713945,0.399709403515,0.0,0.0,0.0
2014-04-03 11:24:00,0.362692489566,0,0.0371443188771,0.00137970142532,0.509285012199,0.509285012199,0.399836808443,0.0,0.0,0.0
2014-04-03 11:29:00,0.388762104484,0,0.0108665943418,0.00011808261479,0.502716621853,0.502716621853,0.399628698826,0.0,0.0,0.0
2014-04-03 11:34:00,0.426776866301,0,0.0274298292238,0.000752394960728,0.506857027378,0.506857027378,0.399347037077,0.0,0.0,0.0
2014-04-03 11:39:00,0.418511893748,0,0.0191800856576,0.000367875822121,0.504794874422,0.504794874422,0.39933180809,0.0,0.0,0.0
2014-04-03 11:44:00,0.375562819959,0,0.0239218144401,0.000572253367864,0.505980168432,0.505980168432,0.399484634399,0.0,0.0,0.0
2014-04-03 11:49:00,0.41820349925,0,0.0187890791217,0.000353029638063,0.504697131596,0.504697131596,0.399414420128,0.0,0.0,0.0
2014-04-03 11:54:00,0.414811159769,0,0.0152967230471,0.000233989863773,0.503824106195,0.503824106195,0.399514436722,0.0,0.0,0.0
2014-04-03 11:59:00,0.390694710006,0,0.00904273749386,8.17711406853e-05,0.502260668969,0.502260668969,0.3997374475,0.0,0.0,0.0
2014-04-03 12:04:00,0.418676370814,0,0.0188167635938,0.000354070798494,0.504704052102,0.504704052102,0.39985960722,0.0,0.0,0.0
2014-04-03 12:09:00,0.40298937067,0,0.00285605892112,8.15699877421e-06,0.500714014245,0.500714014245,0.400133311749,0.0,0.0,0.0
2014-04-03 12:14:00,0.37307510434,0,0.027329587356,0.000746906676795,0.506831971607,0.506831971607,0.400404691696,0.0,0.0,0.0
2014-04-03 12:19:00,0.388124755854,0,0.0122861645272,0.000150949636009,0.503071502495,0.503071502495,0.400410920382,0.0,0.0,0.0
2014-04-03 12:24:00,0.391661012768,0,0.00864846050861,7.4795774708e-05,0.502162101651,0.502162101651,0.400309473276,0.0,0.0,0.0
2014-04-03 12:29:00,0.402516499106,0,0.00237376982328,5.63471257919e-06,0.500593442177,0.500593442177,0.400142729282,0.0,0.0,0.0
2014-04-03 12:34:00,0.376693599786,0,0.0233197576147,0.000543810776435,0.505829675219,0.505829675219,0.400013357401,0.0,0.0,0.0
2014-04-03 12:39:00,0.406607866116,0,0.00691413862238,4.78053152619e-05,0.50172852777,0.50172852777,0.399693727493,0.0,0.0,0.0
2014-04-03 12:44:00,0.370422911655,0,0.0290432751066,0.00084351253463,0.507260308437,0.507260308437,0.399466186762,0.0,0.0,0.0
2014-04-03 12:49:00,0.417175517589,0,0.0181668858825,0.000330036244122,0.504541596564,0.504541596564,0.399008631706,0.0,0.0,0.0
2014-04-03 12:54:00,0.385390324637,0,0.0133646297015,0.000178613685421,0.503341107695,0.503341107695,0.398754954338,0.0,0.0,0.0
2014-04-03 12:59:00,0.419025884578,0,0.0206155642962,0.000425002042903,0.505153708548,0.505153708548,0.398410320282,0.0,0.0,0.0
2014-04-03 13:04:00,0.410000205596,0,0.0117205983003,0.000137372408062,0.502930116032,0.502930116032,0.398279607296,0.0,0.0,0.0
2014-04-03 13:09:00,0.400830609182,0,0.00256670770984,6.58792441754e-06,0.500641676575,0.500641676575,0.398263901472,0.0,0.0,0.0
2014-04-03 13:14:00,0.380805526429,0,0.0174665706813,0.000305081252009,0.504366531659,0.504366531659,0.398272097111,0.0,0.0,0.0
2014-04-03 13:19:00,0.39647196694,0,0.00165541009312,2.7403484637e-06,0.500413852429,0.500413852429,0.398127377033,0.0,0.0,0.0
2014-04-03 13:24:00,0.39238059993,0,0.00560205702562,3.1383096939e-05,0.501400510594,0.501400510594,0.397982656956,0.0,0.0,0.0
2014-04-03 13:29:00,0.406361150517,0,0.00855763532123,7.3233328294e-05,0.502139395774,0.502139395774,0.397803515196,0.0,0.0,0.0
2014-04-03 13:34:00,0.445465572894,0,0.0477487228518,0.00227993982844,0.511934913225,0.511934913225,0.397716850042,0.0,0.0,0.0
2014-04-03 13:39:00,0.381997985156,0,0.0160566742107,0.00025781718432,0.504014082312,0.504014082312,0.398054659367,0.0,0.0,0.0
2014-04-03 13:44:00,0.410288040461,0,0.0120691404961,0.000145664045704,0.503017248499,0.503017248499,0.398218899965,0.0,0.0,0.0
2014-04-03 13:49:00,0.39238059993,0,0.00609144096155,3.71057103621e-05,0.501522855532,0.501522855532,0.398472040892,0.0,0.0,0.0
2014-04-03 13:54:00,0.399370875224,0,0.00072398410649,5.24158338067e-07,0.500180996019,0.500180996019,0.398646891117,0.0,0.0,0.0
2014-04-03 13:59:00,0.39238059993,0,0.00643005494852,4.13456691604e-05,0.501607508199,0.501607508199,0.398810654879,0.0,0.0,0.0
2014-04-03 14:04:00,0.415057875368,0,0.0161559061731,0.000261013046838,0.504038888693,0.504038888693,0.398901969194,0.0,0.0,0.0
2014-04-03 14:09:00,0.389008820083,0,0.0101165473204,0.000102344529296,0.50252911526,0.50252911526,0.399125367403,0.0,0.0,0.0
2014-04-03 14:14:00,0.391661012768,0,0.00757706701877,5.74118639634e-05,0.501894257692,0.501894257692,0.399238079786,0.0,0.0,0.0
2014-04-03 14:19:00,0.393100187093,0,0.00617308923638,3.81072131859e-05,0.501543267408,0.501543267408,0.399273276329,0.0,0.0,0.0
2014-04-03 14:24:00,0.408067600074,0,0.00881670528909,7.77345339884e-05,0.502204162044,0.502204162044,0.399250894785,0.0,0.0,0.0
2014-04-03 14:29:00,0.378297251177,0,0.0210107150553,0.000441450625658,0.505252485539,0.505252485539,0.399307966232,0.0,0.0,0.0
2014-04-03 14:34:00,0.428812269989,0,0.0296369538938,0.000878348771948,0.507408696196,0.507408696196,0.399175316095,0.0,0.0,0.0
2014-04-03 14:39:00,0.370381792389,0,0.0289336542264,0.000837155792397,0.507232908974,0.507232908974,0.399315446615,0.0,0.0,0.0
2014-04-03 14:44:00,0.406032196386,0,0.00684391628003,4.68393045594e-05,0.501710972392,0.501710972392,0.399188280106,0.0,0.0,0.0
2014-04-03 14:49:00,0.391887168733,0,0.00724657312271,5.25129762536e-05,0.501811635353,0.501811635353,0.399133741856,0.0,0.0,0.0
2014-04-03 14:54:00,0.424227471782,0,0.0252063827049,0.000635361939203,0.506301262048,0.506301262048,0.399021089077,0.0,0.0,0.0
2014-04-03 14:59:00,0.378872920907,0,0.020267615878,0.000410775857745,0.50506673053,0.50506673053,0.399140536785,0.0,0.0,0.0
2014-04-03 15:04:00,0.412138407451,0,0.013067876321,0.000170769257238,0.50326692259,0.50326692259,0.39907053113,0.0,0.0,0.0
2014-04-03 15:09:00,0.394313205452,0,0.00480879428819,2.31243993767e-05,0.501202196255,0.501202196255,0.399121999741,0.0,0.0,0.0
2014-04-03 15:14:00,0.420855691934,0,0.0217295198687,0.000472172425361,0.505432166226,0.505432166226,0.399126172066,0.0,0.0,0.0
2014-04-03 15:19:00,0.420136104772,0,0.0208156215642,0.000433289649663,0.505203717499,0.505203717499,0.399320483208,0.0,0.0,0.0
2014-04-03 15:24:00,0.406628425749,0,0.00695037427717,4.8307760153e-05,0.501737586574,0.501737586574,0.399678051472,0.0,0.0,0.0
2014-04-03 15:29:00,0.379839223668,0,0.0202219366578,0.000408927211538,0.505055311895,0.505055311895,0.400061160326,0.0,0.0,0.0
2014-04-03 15:34:00,0.41398877444,0,0.0137604230857,0.000189349098946,0.503440051491,0.503440051491,0.400228351355,0.0,0.0,0.0
2014-04-03 15:39:00,0.408437673472,0,0.00793779315803,6.30084905424e-05,0.50198443787,0.50198443787,0.400499880314,0.0,0.0,0.0
2014-04-03 15:44:00,0.375480581426,0,0.025333653784,0.00064179347828,0.506333074739,0.506333074739,0.40081423521,0.0,0.0,0.0
2014-04-03 15:49:00,0.394313205452,0,0.00656105163529,4.30472573498e-05,0.501640257025,0.501640257025,0.400874257088,0.0,0.0,0.0
2014-04-03 15:54:00,0.409753489998,0,0.00888298800265,7.89076802903e-05,0.502220732398,0.502220732398,0.400870501995,0.0,0.0,0.0
2014-04-03 15:59:00,0.391948847633,0,0.00899651779637,8.09373086668e-05,0.502249114279,0.502249114279,0.400945365429,0.0,0.0,0.0
2014-04-03 16:04:00,0.415119554267,0,0.0141860501625,0.000201244140044,0.503546453066,0.503546453066,0.400933504105,0.0,0.0,0.0
2014-04-03 16:09:00,0.45560147207,0,0.0545535866518,0.00297609507106,0.51363501524,0.51363501524,0.401047885418,0.0,0.0,0.0
2014-04-03 16:14:00,0.352803305989,0,0.0488275128548,0.00238412478939,0.512204453564,0.512204453564,0.401630818844,0.0,0.0,0.0
2014-04-03 16:19:00,0.395485104546,0,0.00624036647401,3.89421911677e-05,0.501560086556,0.501560086556,0.40172547102,0.0,0.0,0.0
2014-04-03 16:24:00,0.404695820227,0,0.00294004024495,8.64377034304e-06,0.500735009532,0.500735009532,0.401755779982,0.0,0.0,0.0
2014-04-03 16:29:00,0.423610682785,0,0.0218017354607,0.000475315871881,0.505450217986,0.505450217986,0.401808947325,0.0,0.0,0.0
2014-04-03 16:34:00,0.376405764921,0,0.0256430016919,0.00065756298136,0.506410399156,0.506410399156,0.402048766613,0.0,0.0,0.0
2014-04-03 16:39:00,0.402125866075,0,8.70534372202e-05,7.57815232788e-09,0.500021763359,0.500021763359,0.402038812637,0.0,0.0,0.0
2014-04-03 16:44:00,0.380127058533,0,0.0219035286631,0.000479763955809,0.505475663248,0.505475663248,0.402030587196,0.0,0.0,0.0
2014-04-03 16:49:00,0.406607866116,0,0.00477755052576,2.28249900829e-05,0.50119438536,0.50119438536,0.40183031559,0.0,0.0,0.0
2014-04-03 16:54:00,0.393429141224,0,0.00826289158991,6.82755562593e-05,0.502065711144,0.502065711144,0.401692032814,0.0,0.0,0.0
2014-04-03 16:59:00,0.41047307716,0,0.00897827611584,8.06094685686e-05,0.502244553951,0.502244553951,0.401494801044,0.0,0.0,0.0
2014-04-03 17:04:00,0.386274388865,0,0.0151219453064,0.000228672972298,0.503780414287,0.503780414287,0.401396334171,0.0,0.0,0.0
2014-04-03 17:09:00,0.430827114044,0,0.0296527177678,0.000879283470567,0.507412636299,0.507412636299,0.401174396276,0.0,0.0,0.0
2014-04-03 17:14:00,0.404407985362,0,0.00317198768469,1.00614597613e-05,0.500792996256,0.500792996256,0.401235997677,0.0,0.0,0.0
2014-04-03 17:19:00,0.378009416312,0,0.0233100278675,0.00054335774621,0.505827243113,0.505827243113,0.40131944418,0.0,0.0,0.0
2014-04-03 17:24:00,0.390447994408,0,0.010741034809,0.000115369621199,0.502685232886,0.502685232886,0.401189029217,0.0,0.0,0.0
2014-04-03 17:29:00,0.410966508357,0,0.00998958226916,9.97918978101e-05,0.502497374799,0.502497374799,0.400976926088,0.0,0.0,0.0
2014-04-03 17:34:00,0.390509673307,0,0.0103644049663,0.000107421059511,0.502591078047,0.502591078047,0.400874078274,0.0,0.0,0.0
2014-04-03 17:39:00,0.441559242583,0,0.0408692234524,0.00167029444128,0.510215883942,0.510215883942,0.400690019131,0.0,0.0,0.0
2014-04-03 17:44:00,0.366084829047,0,0.0347999184585,0.00121103331912,0.508699101723,0.508699101723,0.400884747505,0.0,0.0,0.0
2014-04-03 17:49:00,0.394066489854,0,0.00668688901428,4.47145794169e-05,0.501671716024,0.501671716024,0.400753378868,0.0,0.0,0.0
2014-04-03 17:54:00,0.422891095623,0,0.0223148915613,0.000497955013998,0.505578491406,0.505578491406,0.400576204062,0.0,0.0,0.0
2014-04-03 17:59:00,0.381483994326,0,0.0191293136273,0.000365930347471,0.504782182579,0.504782182579,0.400613307953,0.0,0.0,0.0
2014-04-03 18:04:00,0.39295626966,0,0.00752197416767,5.65802874917e-05,0.501880484675,0.501880484675,0.400478243828,0.0,0.0,0.0
2014-04-03 18:09:00,0.426653508501,0,0.0263632577232,0.000695021124557,0.506590432728,0.506590432728,0.400290250778,0.0,0.0,0.0
2014-04-03 18:14:00,0.398178416497,0,0.00217501520461,4.73063937534e-06,0.500543753587,0.500543753587,0.400353431702,0.0,0.0,0.0
2014-04-03 18:19:00,0.418244618516,0,0.0178535166788,0.000318748468999,0.504463260616,0.504463260616,0.400391101837,0.0,0.0,0.0
2014-04-03 18:24:00,0.408787187237,0,0.00820472468737,6.73175673001e-05,0.502051169665,0.502051169665,0.400582462549,0.0,0.0,0.0
2014-04-03 18:29:00,0.432739159933,0,0.0319119905151,0.00101837562397,0.507977320648,0.507977320648,0.400827169418,0.0,0.0,0.0
2014-04-03 18:34:00,0.390201278809,0,0.0111277617182,0.000123827267089,0.502781911723,0.502781911723,0.401329040527,0.0,0.0,0.0
2014-04-03 18:39:00,0.396245810975,0,0.00543689371239,2.95598511002e-05,0.50135922008,0.50135922008,0.401682704687,0.0,0.0,0.0
2014-04-03 18:44:00,0.370895783219,0,0.0310573775436,0.000964561302681,0.507763720348,0.507763720348,0.401953160763,0.0,0.0,0.0
2014-04-03 18:49:00,0.390365755875,0,0.011556172054,0.000133545254357,0.502889010862,0.502889010862,0.401921927929,0.0,0.0,0.0
2014-04-03 18:54:00,0.409403976233,0,0.00761228445297,5.79469269724e-05,0.501903061924,0.501903061924,0.40179169178,0.0,0.0,0.0
2014-04-03 18:59:00,0.391784370567,0,0.00995731291629,9.91480919765e-05,0.502489307662,0.502489307662,0.401741683483,0.0,0.0,0.0
2014-04-03 19:04:00,0.39883632476,0,0.00277226155137,7.68549034547e-06,0.500693064944,0.500693064944,0.401608586311,0.0,0.0,0.0
2014-04-03 19:09:00,0.428586114024,0,0.0271218305574,0.000735594308935,0.506780042031,0.506780042031,0.401464283466,0.0,0.0,0.0
2014-04-03 19:14:00,0.413865416641,0,0.0122911030004,0.000151071231812,0.503072737067,0.503072737067,0.401574313641,0.0,0.0,0.0
2014-04-03 19:19:00,0.352248195892,0,0.0495341081564,0.00245362822898,0.512380995613,0.512380995613,0.401782304049,0.0,0.0,0.0
2014-04-03 19:24:00,0.442093793047,0,0.040562454355,0.00164531241171,0.510139223444,0.510139223444,0.401531338692,0.0,0.0,0.0
2014-04-03 19:29:00,0.371142498818,0,0.0305213111969,0.000931549933739,0.507629735518,0.507629735518,0.401663810015,0.0,0.0,0.0
2014-04-03 19:34:00,0.427619811263,0,0.0261061751504,0.000681532546878,0.506526173142,0.506526173142,0.401513636112,0.0,0.0,0.0
2014-04-03 19:39:00,0.401817471576,0,0.000208587241743,4.35083080674e-08,0.50005214681,0.50005214681,0.401608884335,0.0,0.0,0.0
2014-04-03 19:44:00,0.39877464586,0,0.00292185730207,8.53720484884e-06,0.500730463806,0.500730463806,0.401696503162,0.0,0.0,0.0
2014-04-03 19:49:00,0.42229486626,0,0.0205453447657,0.000422110722866,0.505136155524,0.505136155524,0.401749521494,0.0,0.0,0.0
2014-04-03 19:54:00,0.414811159769,0,0.0128323094042,0.000164668279467,0.503208033329,0.503208033329,0.401978850365,0.0,0.0,0.0
2014-04-03 19:59:00,0.41577746253,0,0.0134786246299,0.000181673647603,0.503369605144,0.503369605144,0.4022988379,0.0,0.0,0.0
2014-04-03 20:04:00,0.3976849853,0,0.00502133975431,2.5213792469e-05,0.501255332301,0.501255332301,0.402706325054,0.0,0.0,0.0
2014-04-03 20:09:00,0.394559921051,0,0.00846895453836,7.17232105671e-05,0.50211722598,0.50211722598,0.403028875589,0.0,0.0,0.0
2014-04-03 20:14:00,0.408602150538,0,0.00535789356437,2.87069997285e-05,0.501339470187,0.501339470187,0.403244256973,0.0,0.0,0.0
2014-04-03 20:19:00,0.404449104628,0,0.000963389238722,9.2812007324e-07,0.500240847291,0.500240847291,0.403485715389,0.0,0.0,0.0
2014-04-03 20:24:00,0.418676370814,0,0.0149646346113,0.000223940456635,0.503741088838,0.503741088838,0.403711736202,0.0,0.0,0.0
2014-04-03 20:29:00,0.403729517465,0,0.000318716758911,1.01573533584e-07,0.500079679189,0.500079679189,0.404048234224,0.0,0.0,0.0
2014-04-03 20:34:00,0.374904911696,0,0.029443580926,0.00086692511104,0.507360363499,0.507360363499,0.404348492622,0.0,0.0,0.0
2014-04-03 20:39:00,0.394251526553,0,0.0101052511152,0.000102116122434,0.502526291281,0.502526291281,0.404356777668,0.0,0.0,0.0
2014-04-03 20:44:00,0.391434856802,0,0.0128394578398,0.000164851895534,0.503209820365,0.503209820365,0.404274314642,0.0,0.0,0.0
2014-04-03 20:49:00,0.421636957997,0,0.0175511430438,0.000308043003315,0.504387673129,0.504387673129,0.404085814953,0.0,0.0,0.0
2014-04-03 20:54:00,0.406628425749,0,0.00255608144575,6.53357346891e-06,0.500639020014,0.500639020014,0.404072344303,0.0,0.0,0.0
2014-04-03 20:59:00,0.420156664405,0,0.0160736806729,0.000258362997556,0.504018333653,0.504018333653,0.404082983732,0.0,0.0,0.0
2014-04-03 21:04:00,0.36016365468,0,0.0440720659541,0.00194234668743,0.511016233434,0.511016233434,0.404235720634,0.0,0.0,0.0
2014-04-03 21:09:00,0.41111042579,0,0.00712945540731,5.08292068844e-05,0.501782356302,0.501782356302,0.403980970383,0.0,0.0,0.0
2014-04-03 21:14:00,0.39244227883,0,0.0113727522219,0.000129339328851,0.502843157411,0.502843157411,0.403815031052,0.0,0.0,0.0
2014-04-03 21:19:00,0.410719792759,0,0.0071553396339,5.11987345817e-05,0.501788827276,0.501788827276,0.403564453125,0.0,0.0,0.0
2014-04-03 21:24:00,0.408519912005,0,0.00511734509498,2.61873410636e-05,0.501279333482,0.501279333482,0.40340256691,0.0,0.0,0.0
2014-04-03 21:29:00,0.41002076523,0,0.00671842352995,4.51372616226e-05,0.501679599565,0.501679599565,0.4033023417,0.0,0.0,0.0
2014-04-03 21:34:00,0.407820884475,0,0.00454891134233,2.06925578823e-05,0.501137225875,0.501137225875,0.403271973133,0.0,0.0,0.0
2014-04-03 21:39:00,0.387302370526,0,0.0159828348385,0.000255451072007,0.503995623653,0.503995623653,0.403285205364,0.0,0.0,0.0
2014-04-03 21:44:00,0.383211003516,0,0.0199435782695,0.000397745781811,0.504985729314,0.504985729314,0.403154581785,0.0,0.0,0.0
2014-04-03 21:49:00,0.392421719197,0,0.0104376407831,0.000108944281237,0.502609386506,0.502609386506,0.40285935998,0.0,0.0,0.0
2014-04-03 21:54:00,0.411439379921,0,0.00893875049641,7.99014233053e-05,0.502234672745,0.502234672745,0.402500629425,0.0,0.0,0.0
2014-04-03 21:59:00,0.378461728243,0,0.0237955950223,0.000566230795812,0.505948618068,0.505948618068,0.402257323265,0.0,0.0,0.0
2014-04-03 22:04:00,0.297271736672,0,0.104554704616,0.0109316883609,0.526114890505,0.526114890505,0.401826441288,0.0,0.0,0.0
2014-04-03 22:09:00,0.332922140669,0,0.0675985714682,0.00456956820562,0.516893210469,0.516893210469,0.400520712137,0.0,0.0,0.0
2014-04-03 22:14:00,0.330290507617,0,0.0684675461623,0.00468780659139,0.517110202955,0.517110202955,0.39875805378,0.0,0.0,0.0
2014-04-03 22:19:00,0.368243590534,0,0.0283388341063,0.000803088711109,0.507084234427,0.507084234427,0.396582424641,0.0,0.0,0.0
2014-04-03 22:24:00,0.311786837723,0,0.0825942979793,0.00682181911543,0.520636844095,0.520636844095,0.394381135702,0.0,0.0,0.0
2014-04-03 22:29:00,0.297539011904,0,0.0941622393644,0.00886652432382,0.523523181665,0.523523181665,0.391701251268,0.0,0.0,0.0
2014-04-03 22:34:00,0.316494993729,0,0.0720112399629,0.00518561759964,0.517995034381,0.517995034381,0.388506233692,0.0,0.0,0.0
2014-04-03 22:39:00,0.317646333189,0,0.0673908207699,0.0045415237546,0.516841331901,0.516841331901,0.385037153959,0.0,0.0,0.0
2014-04-03 22:44:00,0.316659470795,0,0.0647053217903,0.00418677739799,0.516170688917,0.516170688917,0.381364792585,0.0,0.0,0.0
2014-04-03 22:49:00,0.326507535106,0,0.0510285233203,0.00260390993208,0.512754363349,0.512754363349,0.377536058426,0.0,0.0,0.0
2014-04-03 22:54:00,0.351590287629,0,0.0220897079075,0.000487955723656,0.50552220243,0.50552220243,0.373679995537,0.0,0.0,0.0
2014-04-03 22:59:00,0.350562305968,0,0.0194724483078,0.000379176315619,0.50486795826,0.50486795826,0.370034754276,0.0,0.0,0.0
2014-04-03 23:04:00,0.289582433849,0,0.0770179902019,0.00593177136034,0.519244985421,0.519244985421,0.366600424051,0.0,0.0,0.0
2014-04-03 23:09:00,0.341947819651,0,0.02095154339,0.000438966992078,0.505237694251,0.505237694251,0.362899363041,0.0,0.0,0.0
2014-04-03 23:14:00,0.334731388392,0,0.0246735927443,0.000608785601798,0.506168085269,0.506168085269,0.359404981136,0.0,0.0,0.0
2014-04-03 23:19:00,0.347745636218,0,0.00832124639247,6.92432950018e-05,0.502080299594,0.502080299594,0.35606688261,0.0,0.0,0.0
2014-04-03 23:24:00,0.284072452147,0,0.0689276522799,0.00475102011114,0.517225093878,0.517225093878,0.353000104427,0.0,0.0,0.0
2014-04-03 23:29:00,0.31746129649,0,0.032239363023,0.00103937741369,0.508059142728,0.508059142728,0.349700659513,0.0,0.0,0.0
2014-04-03 23:34:00,0.317337938691,0,0.0291425202837,0.000849286967423,0.507285114482,0.507285114482,0.346480458975,0.0,0.0,0.0
2014-04-03 23:39:00,0.32288903966,0,0.0204674504757,0.000418916926719,0.505116683998,0.505116683998,0.343356490135,0.0,0.0,0.0
2014-04-03 23:44:00,0.365118526285,0,0.0247310627158,0.000611625786405,0.50618245057,0.50618245057,0.34038746357,0.0,0.0,0.0
2014-04-03 23:49:00,0.268837763934,0,0.0690770009468,0.00477163400501,0.517262386636,0.517262386636,0.337914764881,0.0,0.0,0.0
2014-04-03 23:54:00,0.346779333457,0,0.0116232503497,0.000135100257467,0.502905779873,0.502905779873,0.335156083107,0.0,0.0,0.0
2014-04-03 23:59:00,0.306667489052,0,0.0260996398924,0.000681191857439,0.506524539606,0.506524539606,0.332767128944,0.0,0.0,0.0
2014-04-04 00:04:00,0.347478360986,0,0.0170620690339,0.000291114178253,0.504265413782,0.504265413782,0.330416291952,0.0,0.0,0.0
2014-04-04 00:09:00,0.331811920475,0,0.00337638027606,1.14000395115e-05,0.500844094267,0.500844094267,0.328435540199,0.0,0.0,0.0
2014-04-04 00:14:00,0.33976849853,0,0.0130881959101,0.000171300882357,0.50327200227,0.50327200227,0.32668030262,0.0,0.0,0.0
2014-04-04 00:19:00,0.297559571537,0,0.0276436087759,0.000764169788454,0.506910462136,0.506910462136,0.325203180313,0.0,0.0,0.0
2014-04-04 00:24:00,0.343386993976,0,0.0197263222651,0.00038912834134,0.504931420655,0.504931420655,0.323660671711,0.0,0.0,0.0
2014-04-04 00:29:00,0.312753140484,0,0.00967282101047,9.35634598136e-05,0.502418186398,0.502418186398,0.322425961494,0.0,0.0,0.0
2014-04-04 00:34:00,0.318530397418,0,0.0027098190759,7.34304830985e-06,0.500677454354,0.500677454354,0.321240216494,0.0,0.0,0.0
2014-04-04 00:39:00,0.31515861757,0,0.00499372474923,2.49374061241e-05,0.501248428593,0.501248428593,0.320152342319,0.0,0.0,0.0
2014-04-04 00:44:00,0.317564094657,0,0.00157079637662,2.46738431997e-06,0.500392699013,0.500392699013,0.319134891033,0.0,0.0,0.0
2014-04-04 00:49:00,0.33446411316,0,0.0162569386207,0.00026428772253,0.504064145147,0.504064145147,0.31820717454,0.0,0.0,0.0
2014-04-04 00:54:00,0.312753140484,0,0.00474453016651,2.25105613936e-05,0.501186130317,0.501186130317,0.31749767065,0.0,0.0,0.0
2014-04-04 00:59:00,0.316556672629,0,0.000265856210151,7.06850045162e-08,0.500066464052,0.500066464052,0.316822528839,0.0,0.0,0.0
2014-04-04 01:04:00,0.333127737001,0,0.0169149040735,0.000286113994662,0.504228625196,0.504228625196,0.316212832928,0.0,0.0,0.0
2014-04-04 01:09:00,0.360533728078,0,0.0447393197569,0.00200160546228,0.511182964677,0.511182964677,0.315794408321,0.0,0.0,0.0
2014-04-04 01:14:00,0.309114085405,0,0.00664840462939,4.42011078121e-05,0.501662095035,0.501662095035,0.315762490034,0.0,0.0,0.0
2014-04-04 01:19:00,0.316124920331,0,0.000442389928284,1.95705084138e-07,0.50011059748,0.50011059748,0.315682530403,0.0,0.0,0.0
2014-04-04 01:24:00,0.363597113427,0,0.0479831283659,0.00230238167569,0.51199348105,0.51199348105,0.315613985062,0.0,0.0,0.0
2014-04-04 01:29:00,0.234318139764,0,0.0816035542759,0.00665914034471,0.520389575072,0.520389575072,0.31592169404,0.0,0.0,0.0
2014-04-04 01:34:00,0.0024260367195,0,0.313145629044,0.0980601906776,0.577652887214,0.577652887214,0.315571665764,0.0,0.0,0.0
2014-04-04 01:39:00,0.00145973395835,0,0.311530335431,0.0970511436462,0.577258754633,0.577258754633,0.312990069389,0.0,0.0,0.0
2014-04-04 01:44:00,0.00314562388207,0,0.297938179295,0.0887671485543,0.573938410408,0.573938410408,0.301083803177,0.0,0.0,0.0
2014-04-04 01:49:00,0.00137749542548,0,0.132228074176,0.0174842644483,0.533008937806,0.533008937806,0.133605569601,0.0,0.0,0.0
2014-04-04 01:54:00,0.019408293756,0,0.0579881288685,0.00336262327619,0.514492971245,0.514492971245,0.0773964226246,0.0,0.0,0.0
2014-04-04 01:59:00,0.00314562388207,0,0.0548752956793,0.00301129813306,0.513715382334,0.513715382334,0.0580209195614,0.0,0.0,0.0
2014-04-04 02:04:00,0.00265219268488,0,0.0434079224141,0.0018842475256,0.51085027694,0.51085027694,0.046060115099,0.0,0.0,0.0
2014-04-04 02:09:00,0.0171467341023,0,0.0285829924507,0.000816987419967,0.507145261654,0.507145261654,0.045729726553,0.0,0.0,0.0
2014-04-04 02:14:00,0.0024260367195,0,0.0433361147602,0.00187801895663,0.510832333466,0.510832333466,0.0457621514797,0.0,0.0,0.0
2014-04-04 02:19:00,0.00217932112091,0,0.0456864868892,0.00208725500852,0.511419635484,0.511419635484,0.0478658080101,0.0,0.0,0.0
2014-04-04 02:24:00,0.00339233948066,0,0.0464131824844,0.00215418357402,0.511601213101,0.511601213101,0.049805521965,0.0,0.0,0.0
2014-04-04 02:29:00,0.00121301835975,0,0.0449712234119,0.00202241097577,0.511240911438,0.511240911438,0.0461842417717,0.0,0.0,0.0
2014-04-04 02:34:00,0.00217932112091,0,0.0408461725009,0.00166840979364,0.510210123609,0.510210123609,0.0430254936218,0.0,0.0,0.0
2014-04-04 02:39:00,0.000493431197187,0,0.0393788873091,0.00155069690663,0.509843449843,0.509843449843,0.0398723185062,0.0,0.0,0.0
2014-04-04 02:44:00,0.0026727523181,0,0.0340286884931,0.00115795154124,0.50850635131,0.50850635131,0.0367014408112,0.0,0.0,0.0
2014-04-04 02:49:00,0.00217932112091,0,0.0319775974048,0.00102256669197,0.507993718187,0.507993718187,0.0341569185257,0.0,0.0,0.0
2014-04-04 02:54:00,0.0200456423857,0,0.011288459768,0.000127429331769,0.502822084974,0.502822084974,0.0313341021538,0.0,0.0,0.0
2014-04-04 02:59:00,0.00386521104463,0,0.0258507442128,0.000668261025567,0.506462326181,0.506462326181,0.0297159552574,0.0,0.0,0.0
2014-04-04 03:04:00,0.00460535784042,0,0.0219767342063,0.000482976814965,0.505493962432,0.505493962432,0.0265820920467,0.0,0.0,0.0
2014-04-04 03:09:00,0.0386109911799,0,0.0141161047816,0.000199264410185,0.503528967596,0.503528967596,0.0244948863983,0.0,0.0,0.0
2014-04-04 03:14:00,0.0026727523181,0,0.0212847982076,0.000453042623121,0.505320998667,0.505320998667,0.0239575505257,0.0,0.0,0.0
2014-04-04 03:19:00,0.00361849544604,0,0.0164814126674,0.000271636963589,0.504120259899,0.504120259899,0.0200999081135,0.0,0.0,0.0
2014-04-04 03:24:00,0.00145973395835,0,0.0171721117543,0.000294881407171,0.504292922447,0.504292922447,0.0186318457127,0.0,0.0,0.0
2014-04-04 03:29:00,0.0026727523181,0,0.0133749340203,0.000178888862138,0.50334368366,0.50334368366,0.0160476863384,0.0,0.0,0.0
2014-04-04 03:34:00,0.00145973395835,0,0.0132429437684,0.00017537556414,0.503310687558,0.503310687558,0.0147026777267,0.0,0.0,0.0
2014-04-04 03:39:00,0.0024260367195,0,0.010449401017,0.00010918998305,0.502612326484,0.502612326484,0.0128754377365,0.0,0.0,0.0
2014-04-04 03:44:00,0.0026727523181,0,0.00855506402521,7.31891195755e-05,0.502138752962,0.502138752962,0.0112278163433,0.0,0.0,0.0
2014-04-04 03:49:00,0.00135693579227,0,0.0089644131133,8.03606963018e-05,0.50224108827,0.50224108827,0.0103213489056,0.0,0.0,0.0
2014-04-04 03:54:00,0.019408293756,0,0.0105101845584,0.000110463966848,0.502627521952,0.502627521952,0.00889810919762,0.0,0.0,0.0
2014-04-04 03:59:00,0.00314562388207,0,0.005917351763,3.50150512531e-05,0.501479333624,0.501479333624,0.00906297564507,0.0,0.0,0.0
2014-04-04 04:04:00,0.00361849544604,0,0.00388754727285,1.51130234372e-05,0.500971885594,0.500971885594,0.00750604271889,0.0,0.0,0.0
2014-04-04 04:09:00,0.0161804313411,0,0.00936294147866,8.76646736288e-05,0.50234071827,0.50234071827,0.00681748986244,0.0,0.0,0.0
2014-04-04 04:14:00,0.00339233948066,0,0.00307443665192,9.45216106629e-06,0.500768608558,0.500768608558,0.00646677613258,0.0,0.0,0.0
2014-04-04 04:19:00,0.0026727523181,0,0.00238815886049,5.70330257688e-06,0.500597039431,0.500597039431,0.00506091117859,0.0,0.0,0.0
2014-04-04 04:24:00,0.00265219268488,0,0.00172874870611,2.98857185044e-06,0.500432187069,0.500432187069,0.00438094139099,0.0,0.0,0.0
2014-04-04 04:29:00,0.00312506424885,0,0.000233210449404,5.43870868341e-08,0.500058302612,0.500058302612,0.00335827469826,0.0,0.0,0.0
2014-04-04 04:34:00,0.00314562388207,0,0.000133711774602,1.78788575056e-08,0.500033427944,0.500033427944,0.00301191210747,0.0,0.0,0.0
2014-04-04 04:39:00,0.00145973395835,0,0.000932677273648,8.69886946475e-07,0.500233169302,0.500233169302,0.00239241123199,0.0,0.0,0.0
2014-04-04 04:44:00,0.00209708258805,0,0.00034545108971,1.19336434068e-07,0.500086362772,0.500086362772,0.00175163149834,0.0,0.0,0.0
2014-04-04 04:49:00,0.0020354036884,0,0.000342780788389,1.17498622387e-07,0.500085695196,0.500085695196,0.00169262290001,0.0,0.0,0.0
2014-04-04 04:54:00,0.0199017249532,0,0.0186013602205,0.00034601057996,0.504650205971,0.504650205971,0.00130036473274,0.0,0.0,0.0
2014-04-04 04:59:00,0.00300170644956,0,0.0008042322083,6.46789430903e-07,0.500201058041,0.500201058041,0.00219747424126,0.0,0.0,0.0
2014-04-04 05:04:00,0.00386521104463,0,0.0027506935943,7.56631516197e-06,0.500687672965,0.500687672965,0.00111451745033,0.0,0.0,0.0
2014-04-04 05:09:00,0.01930549559,0,0.0181085449159,0.000327919406118,0.504527012522,0.504527012522,0.00119695067406,0.0,0.0,0.0
2014-04-04 05:14:00,0.00289890828348,0,0.00112504425264,1.26572444969e-06,0.500281261033,0.500281261033,0.00177386403084,0.0,0.0,0.0
2014-04-04 05:19:00,0.00145973395835,0,0.000701324458224,4.91855985274e-07,0.500175331107,0.500175331107,0.000758409500122,0.0,0.0,0.0
2014-04-04 05:24:00,0.00170644955694,0,0.000955043602579,9.12108248485e-07,0.500238760882,0.500238760882,0.000751405954361,0.0,0.0,0.0
2014-04-04 05:29:00,0.00361849544604,0,0.00333099244197,1.10955115815e-05,0.500832747341,0.500832747341,0.000287503004074,0.0,0.0,0.0
2014-04-04 05:34:00,0.00185036698945,0,0.00127208272584,1.61819434652e-06,0.500318020639,0.500318020639,0.000578284263611,0.0,0.0,0.0
2014-04-04 05:39:00,0.00277555048418,0,0.00245061576319,6.00551811658e-06,0.500612653634,0.500612653634,0.000324934720993,0.0,0.0,0.0
2014-04-04 05:44:00,0.0024260367195,0,0.00212375176353,4.51032110504e-06,0.500530937741,0.500530937741,0.000302284955978,0.0,0.0,0.0
2014-04-04 05:49:00,0.0024260367195,0,0.00179604542655,3.22577875522e-06,0.500449011236,0.500449011236,0.000629991292953,0.0,0.0,0.0
2014-04-04 05:54:00,0.0200456423857,0,0.0193657322028,0.000375031551812,0.504841281749,0.504841281749,0.000679910182953,0.0,0.0,0.0
2014-04-04 05:59:00,0.00193260552232,0,1.7418878717e-05,3.03417208025e-10,0.50000435472,0.50000435472,0.0019151866436,0.0,0.0,0.0
2014-04-04 06:04:00,0.00435864224182,0,0.00323813452469,1.0485515304e-05,0.500809532924,0.500809532924,0.00112050771713,0.0,0.0,0.0
2014-04-04 06:09:00,0.0166533029051,0,0.0150688922377,0.000227071519475,0.503767151775,0.503767151775,0.00158441066742,0.0,0.0,0.0
2014-04-04 06:14:00,0.00289890828348,0,0.000733084108595,5.37412233825e-07,0.500183271019,0.500183271019,0.00216582417488,0.0,0.0,0.0
2014-04-04 06:19:00,0.00193260552232,0,0.000367298143549,1.34907921279e-07,0.500091824535,0.500091824535,0.00156530737877,0.0,0.0,0.0
2014-04-04 06:24:00,0.00170644955694,0,1.64823049375e-05,2.71666689144e-10,0.500004120576,0.500004120576,0.00172293186188,0.0,0.0,0.0
2014-04-04 06:29:00,0.00193260552232,0,0.000487908142252,2.38054354895e-07,0.500121977033,0.500121977033,0.00144469738007,0.0,0.0,0.0
2014-04-04 06:34:00,0.000966302761159,0,0.000823386302867,6.77965033447e-07,0.500205846564,0.500205846564,0.00178968906403,0.0,0.0,0.0
2014-04-04 06:39:00,0.0024260367195,0,0.000720628623191,5.19305501712e-07,0.500180157148,0.500180157148,0.00170540809631,0.0,0.0,0.0
2014-04-04 06:44:00,0.00339233948066,0,0.00155678464248,2.42357828029e-06,0.500389196082,0.500389196082,0.00183555483818,0.0,0.0,0.0
2014-04-04 06:49:00,0.0,0,0.00231736898422,5.37019923286e-06,0.500579341987,0.500579341987,0.00231736898422,0.0,0.0,0.0
2014-04-04 06:54:00,0.0177224038323,0,0.0155178366383,0.000240803245106,0.503879381313,0.503879381313,0.00220456719398,0.0,0.0,0.0
2014-04-04 06:59:00,0.00252883488559,0,0.000968646460545,9.38276002671e-07,0.500242161596,0.500242161596,0.00349748134613,0.0,0.0,0.0
2014-04-04 07:04:00,0.00337177984745,0,0.000523154664342,2.73690773156e-07,0.500130788663,0.500130788663,0.00284862518311,0.0,0.0,0.0
2014-04-04 07:09:00,0.0197783671539,0,0.0165383182686,0.000273515965091,0.50413448533,0.50413448533,0.00324004888535,0.0,0.0,0.0
2014-04-04 07:14:00,0.00314562388207,0,0.000961106340632,9.23725281154e-07,0.500240276567,0.500240276567,0.0041067302227,0.0,0.0,0.0
2014-04-04 07:19:00,0.00398856884393,0,0.000659262003035,4.34626173274e-07,0.500164815495,0.500164815495,0.0033293068409,0.0,0.0,0.0
2014-04-04 07:24:00,0.0024260367195,0,0.00120382654267,1.44919852119e-06,0.500300956599,0.500300956599,0.00362986326218,0.0,0.0,0.0
2014-04-04 07:29:00,0.00435864224182,0,0.00116487636315,1.35693699121e-06,0.500291219058,0.500291219058,0.00319376587868,0.0,0.0,0.0
2014-04-04 07:34:00,0.00289890828348,0,0.000755452487703,5.7070855064e-07,0.500188863113,0.500188863113,0.00365436077118,0.0,0.0,0.0
2014-04-04 07:39:00,0.00217932112091,0,0.00133058779365,1.77046388217e-06,0.500332646899,0.500332646899,0.00350990891457,0.0,0.0,0.0
2014-04-04 07:44:00,0.00386521104463,0,0.00043007615694,1.84965500694e-07,0.500107519038,0.500107519038,0.0034351348877,0.0,0.0,0.0
2014-04-04 07:49:00,0.00314562388207,0,0.000757020036921,5.73079205424e-07,0.500189255,0.500189255,0.00390264391899,0.0,0.0,0.0
2014-04-04 07:54:00,0.0205185139497,0,0.0166266584714,0.000276445760392,0.504156568863,0.504156568863,0.00389185547829,0.0,0.0,0.0
2014-04-04 07:59:00,0.00507822940439,0,7.90624848032e-05,6.25084739525e-09,0.500019765621,0.500019765621,0.00515729188919,0.0,0.0,0.0
2014-04-04 08:04:00,0.00532494500298,0,0.00080470755715,6.4755403173e-07,0.500201176878,0.500201176878,0.00452023744583,0.0,0.0,0.0
2014-04-04 08:09:00,0.0190793396246,0,0.0142237068426,0.000202313807677,0.503555866761,0.503555866761,0.00485563278198,0.0,0.0,0.0
2014-04-04 08:14:00,0.00680523859454,0,0.00122171389056,1.49258528381e-06,0.500305428435,0.500305428435,0.00558352470398,0.0,0.0,0.0
2014-04-04 08:19:00,0.0026727523181,0,0.00239224177866,5.72282033318e-06,0.500598060159,0.500598060159,0.00506499409676,0.0,0.0,0.0
2014-04-04 08:24:00,0.00339233948066,0,0.00161144064591,2.59674106928e-06,0.500402860074,0.500402860074,0.00500378012657,0.0,0.0,0.0
2014-04-04 08:29:00,0.00145973395835,0,0.00329570341577,1.08616604848e-05,0.500823925108,0.500823925108,0.00475543737411,0.0,0.0,0.0
2014-04-04 08:34:00,0.000884064228294,0,0.00395985624099,1.56804599101e-05,0.500989962767,0.500989962767,0.00484392046928,0.0,0.0,0.0
2014-04-04 08:39:00,0.00106910092724,0,0.00368749873745,1.35976461024e-05,0.50092187364,0.50092187364,0.00475659966469,0.0,0.0,0.0
2014-04-04 08:44:00,0.00386521104463,0,0.00080534931532,6.48587558771e-07,0.500201337318,0.500201337318,0.00467056035995,0.0,0.0,0.0
2014-04-04 08:49:00,0.00145973395835,0,0.00375695395936,1.41147020258e-05,0.500939237385,0.500939237385,0.00521668791771,0.0,0.0,0.0
2014-04-04 08:54:00,0.0190793396246,0,0.0139587641966,0.000194847074454,0.503489634387,0.503489634387,0.00512057542801,0.0,0.0,0.0
2014-04-04 08:59:00,0.00314562388207,0,0.00320206217025,1.02532012534e-05,0.500800514859,0.500800514859,0.00634768605232,0.0,0.0,0.0
2014-04-04 09:04:00,0.00532494500298,0,0.000311955660395,9.73164304696e-08,0.500077988914,0.500077988914,0.00563690066338,0.0,0.0,0.0
2014-04-04 09:09:00,0.0197989267871,0,0.0137289387748,0.000188483769307,0.503432180785,0.503432180785,0.00606998801231,0.0,0.0,0.0
2014-04-04 09:14:00,0.011225559736,0,0.00447947623801,2.0065706849e-05,0.501119867187,0.501119867187,0.006746083498,0.0,0.0,0.0
2014-04-04 09:19:00,0.00943687164621,0,0.00301137173013,9.06836066861e-06,0.500752842364,0.500752842364,0.00642549991608,0.0,0.0,0.0
2014-04-04 09:24:00,0.0105059725734,0,0.00405728645056,1.64615721587e-05,0.501014320221,0.501014320221,0.00644868612289,0.0,0.0,0.0
2014-04-04 09:29:00,0.0113489175353,0,0.00511921887732,2.62063986156e-05,0.501279801924,0.501279801924,0.00622969865799,0.0,0.0,0.0
2014-04-04 09:34:00,0.00941631201299,0,0.00290802124532,8.45658723847e-06,0.500727004799,0.500727004799,0.00650829076767,0.0,0.0,0.0
2014-04-04 09:39:00,0.00676411932811,0,0.000382935465425,1.46639692389e-07,0.500095733865,0.500095733865,0.00638118386269,0.0,0.0,0.0
2014-04-04 09:44:00,0.0091695964144,0,0.00300215480788,9.0129324235e-06,0.500750538138,0.500750538138,0.00616744160652,0.0,0.0,0.0
2014-04-04 09:49:00,0.0111022019367,0,0.00449884176063,2.02395804081e-05,0.501124708543,0.501124708543,0.00660336017609,0.0,0.0,0.0
2014-04-04 09:54:00,0.0284750920044,0,0.021726475309,0.000472039770102,0.505431405176,0.505431405176,0.0067486166954,0.0,0.0,0.0
2014-04-04 09:59:00,0.010752688172,0,0.00274265837926,7.52217511035e-06,0.500685664165,0.500685664165,0.00801002979279,0.0,0.0,0.0
2014-04-04 10:04:00,0.0107732478053,0,0.00347150000634,1.20513141155e-05,0.50086787413,0.50086787413,0.00730174779892,0.0,0.0,0.0
2014-04-04 10:09:00,0.026542486482,0,0.0187982338003,0.000353373587132,0.504699420063,0.504699420063,0.00774425268173,0.0,0.0,0.0
2014-04-04 10:14:00,0.0125619358951,0,0.00385670732794,1.48741919475e-05,0.500964175637,0.500964175637,0.00870522856712,0.0,0.0,0.0
2014-04-04 10:19:00,0.0108760459713,0,0.00269146397633,7.24397614249e-06,0.500672865588,0.500672865588,0.00818458199501,0.0,0.0,0.0
2014-04-04 10:24:00,0.0137749542548,0,0.0053072203948,2.81665925286e-05,0.501326801984,0.501326801984,0.00846773386002,0.0,0.0,0.0
2014-04-04 10:29:00,0.0137543946216,0,0.00527724322771,2.7849298931e-05,0.501319307745,0.501319307745,0.00847715139389,0.0,0.0,0.0
2014-04-04 10:34:00,0.0152346882132,0,0.00634820192128,4.02996702178e-05,0.501587045151,0.501587045151,0.00888648629189,0.0,0.0,0.0
2014-04-04 10:39:00,0.0135282386562,0,0.00438262117118,1.92073712242e-05,0.501095653539,0.501095653539,0.00914561748505,0.0,0.0,0.0
2014-04-04 10:44:00,0.0154608441785,0,0.00626098646675,3.91999528802e-05,0.501565241504,0.501565241504,0.00919985771179,0.0,0.0,0.0
2014-04-04 10:49:00,0.0131376056251,0,0.00320964737507,1.03018383015e-05,0.500802411155,0.500802411155,0.00992795825005,0.0,0.0,0.0
2014-04-04 10:54:00,0.0354859269311,0,0.0254899895837,0.000649739580695,0.50637215238,0.50637215238,0.00999593734741,0.0,0.0,0.0
2014-04-04 10:59:00,0.0125619358951,0,0.000867534392454,7.52615960664e-07,0.500216883585,0.500216883585,0.0116944015026,0.0,0.0,0.0
2014-04-04 11:04:00,0.0113489175353,0,0.000555708459383,3.08811451077e-07,0.500138927111,0.500138927111,0.0107932090759,0.0,0.0,0.0
2014-04-04 11:09:00,0.028248936039,0,0.0170096159992,0.00028932702844,0.504252301475,0.504252301475,0.0112393200397,0.0,0.0,0.0
2014-04-04 11:14:00,0.0106293303727,0,0.00156482627398,2.44868010668e-06,0.500391206489,0.500391206489,0.0121941566467,0.0,0.0,0.0
2014-04-04 11:19:00,0.00820329365324,0,0.00316030207086,9.98751238512e-06,0.50079007486,0.50079007486,0.0113635957241,0.0,0.0,0.0
2014-04-04 11:24:00,0.00845000925183,0,0.00335287270427,1.12417574201e-05,0.500838217391,0.500838217391,0.0118028819561,0.0,0.0,0.0
2014-04-04 11:29:00,0.0142478258188,0,0.00264995403839,7.02225406712e-06,0.500662488122,0.500662488122,0.0115978717804,0.0,0.0,0.0
2014-04-04 11:34:00,0.0149674129814,0,0.002526284489,6.38211167825e-06,0.500631570786,0.500631570786,0.0124411284924,0.0,0.0,0.0
2014-04-04 11:39:00,0.0115956331339,0,0.00104001511667,1.08163192181e-06,0.500260003756,0.500260003756,0.0126356482506,0.0,0.0,0.0
2014-04-04 11:44:00,0.00966302761159,0,0.00295464983859,8.72995497048e-06,0.500738661922,0.500738661922,0.0126176774502,0.0,0.0,0.0
2014-04-04 11:49:00,0.00748370649068,0,0.00561232803615,3.14982280543e-05,0.501403078326,0.501403078326,0.0130960345268,0.0,0.0,0.0
2014-04-04 11:54:00,0.0270359176792,0,0.0139801758923,0.000195445332793,0.50349498705,0.50349498705,0.013055741787,0.0,0.0,0.0
2014-04-04 11:59:00,0.00894344044902,0,0.00548550294659,3.00907431665e-05,0.501371372298,0.501371372298,0.0144289433956,0.0,0.0,0.0
2014-04-04 12:04:00,0.0118423487325,0,0.00178100808665,3.17199032907e-06,0.500445251904,0.500445251904,0.0136233568192,0.0,0.0,0.0
2014-04-04 12:09:00,0.0299348259627,0,0.0158662522494,0.00025173794711,0.503966479853,0.503966479853,0.0140685737133,0.0,0.0,0.0
2014-04-04 12:14:00,0.0111022019367,0,0.00385305047226,1.48459948832e-05,0.500963261426,0.500963261426,0.014955252409,0.0,0.0,0.0
2014-04-04 12:19:00,0.0115956331339,0,0.00237262596224,5.62935520065e-06,0.500593156212,0.500593156212,0.0139682590961,0.0,0.0,0.0
2014-04-04 12:24:00,0.00797713768786,0,0.00640886056119,4.10734974139e-05,0.501602209656,0.501602209656,0.0143859982491,0.0,0.0,0.0
2014-04-04 12:29:00,0.00941631201299,0,0.00441241260973,1.94693857338e-05,0.501103101363,0.501103101363,0.0138287246227,0.0,0.0,0.0
2014-04-04 12:34:00,0.0026727523181,0,0.0115286205438,0.000132909088279,0.502882123214,0.502882123214,0.0142013728619,0.0,0.0,0.0
2014-04-04 12:39:00,0.00289890828348,0,0.0105063849428,0.000110384127765,0.502626572075,0.502626572075,0.0134052932262,0.0,0.0,0.0
2014-04-04 12:44:00,0.00217932112091,0,0.0110792850745,0.000122750556329,0.502769792936,0.502769792936,0.0132586061954,0.0,0.0,0.0
2014-04-04 12:49:00,0.00121301835975,0,0.0122255938629,0.00014946515148,0.503056360398,0.503056360398,0.0134386122227,0.0,0.0,0.0
2014-04-04 12:54:00,0.0255967433541,0,0.0125507469266,0.000157521251822,0.503137645545,0.503137645545,0.0130459964275,0.0,0.0,0.0
2014-04-04 12:59:00,0.00892288081581,0,0.00579377420014,3.35678232659e-05,0.501448439498,0.501448439498,0.0147166550159,0.0,0.0,0.0
2014-04-04 13:04:00,0.00990974321018,0,0.00398702011456,1.58963266585e-05,0.500996753708,0.500996753708,0.0138967633247,0.0,0.0,0.0
2014-04-04 13:09:00,0.0255967433541,0,0.0113953108876,0.000129853113322,0.502848796895,0.502848796895,0.0142014324665,0.0,0.0,0.0
2014-04-04 13:14:00,0.00941631201299,0,0.00538742538897,2.90243533527e-05,0.50134685309,0.50134685309,0.014803737402,0.0,0.0,0.0
2014-04-04 13:19:00,0.0101358991756,0,0.00376816571816,1.41990722113e-05,0.500942040315,0.500942040315,0.0139040648937,0.0,0.0,0.0
2014-04-04 13:24:00,0.00748370649068,0,0.00644807456287,4.15776667069e-05,0.501612013055,0.501612013055,0.0139317810535,0.0,0.0,0.0
2014-04-04 13:29:00,0.00894344044902,0,0.00414329575322,1.71668998519e-05,0.501035822456,0.501035822456,0.0130867362022,0.0,0.0,0.0
2014-04-04 13:34:00,0.00676411932811,0,0.00639798694745,4.09342355852e-05,0.501599491281,0.501599491281,0.0131621062756,0.0,0.0,0.0
2014-04-04 13:39:00,0.0070108349267,0,0.0055871729907,3.12165029754e-05,0.501396789614,0.501396789614,0.0125980079174,0.0,0.0,0.0
2014-04-04 13:44:00,0.00966302761159,0,0.00260858527103,6.80471657688e-06,0.500652145948,0.500652145948,0.0122716128826,0.0,0.0,0.0
2014-04-04 13:49:00,0.00483151380579,0,0.00771878059347,5.95795718255e-05,0.501929685568,0.501929685568,0.0125502943993,0.0,0.0,0.0
2014-04-04 13:54:00,0.0280022204404,0,0.0159703970437,0.000255053600995,0.503992514403,0.503992514403,0.0120318233967,0.0,0.0,0.0
2014-04-04 13:59:00,0.0101358991756,0,0.00330026925668,1.08917765829e-05,0.500825066565,0.500825066565,0.0134361684322,0.0,0.0,0.0
2014-04-04 14:04:00,0.0026727523181,0,0.00974295479326,9.4925169833e-05,0.502435719431,0.502435719431,0.0124157071114,0.0,0.0,0.0
2014-04-04 14:09:00,0.0190793396246,0,0.0069399596464,4.81630268041e-05,0.501734982948,0.501734982948,0.0121393799782,0.0,0.0,0.0
2014-04-04 14:14:00,0.0111022019367,0,0.00158911705208,2.52529162026e-06,0.500397279179,0.500397279179,0.0126913189888,0.0,0.0,0.0
2014-04-04 14:19:00,0.00748370649068,0,0.00465197799953,2.16409007407e-05,0.501162992403,0.501162992403,0.0121356844902,0.0,0.0,0.0
2014-04-04 14:24:00,0.00773042208927,0,0.00421494477017,1.77657602762e-05,0.501053734633,0.501053734633,0.0119453668594,0.0,0.0,0.0
2014-04-04 14:29:00,0.0108760459713,0,0.000525249690586,2.75887657608e-07,0.50013131242,0.50013131242,0.0114012956619,0.0,0.0,0.0
2014-04-04 14:34:00,0.0024260367195,0,0.00920157777863,8.46690381877e-05,0.502300378214,0.502300378214,0.0116276144981,0.0,0.0,0.0
2014-04-04 14:39:00,0.0106293303727,0,0.000222201848094,4.93734901852e-08,0.500055550462,0.500055550462,0.0108515322208,0.0,0.0,0.0
2014-04-04 14:44:00,0.0108760459713,0,0.000340058059269,1.15639764431e-07,0.500085014514,0.500085014514,0.0112161040306,0.0,0.0,0.0
2014-04-04 14:49:00,0.00773042208927,0,0.00358748667462,1.28700603454e-05,0.500896870707,0.500896870707,0.0113179087639,0.0,0.0,0.0
2014-04-04 14:54:00,0.0241370093958,0,0.0129914176599,0.00016877692542,0.503247808736,0.503247808736,0.0111455917358,0.0,0.0,0.0
2014-04-04 14:59:00,0.00339233948066,0,0.00854518936798,7.30202591512e-05,0.502136284343,0.502136284343,0.0119375288486,0.0,0.0,0.0
2014-04-04 15:04:00,0.00507822940439,0,0.00564491441161,3.18650563713e-05,0.501411224856,0.501411224856,0.010723143816,0.0,0.0,0.0
2014-04-04 15:09:00,0.0171467341023,0,0.0061506010132,3.78298973374e-05,0.501537645406,0.501537645406,0.0109961330891,0.0,0.0,0.0
2014-04-04 15:14:00,0.00312506424885,0,0.00809741747875,6.55681724311e-05,0.502024343309,0.502024343309,0.0112224817276,0.0,0.0,0.0
2014-04-04 15:19:00,0.00170644955694,0,0.00860378308237,7.40250907256e-05,0.502150932502,0.502150932502,0.0103102326393,0.0,0.0,0.0
2014-04-04 15:24:00,0.00145973395835,0,0.00880525875558,7.75325897848e-05,0.502201300466,0.502201300466,0.0102649927139,0.0,0.0,0.0
2014-04-04 15:29:00,0.000740146795781,0,0.00892081244799,7.95808882685e-05,0.502230188322,0.502230188322,0.00966095924377,0.0,0.0,0.0
2014-04-04 15:34:00,0.00145973395835,0,0.00823302436342,6.77826974425e-05,0.502058244465,0.502058244465,0.00969275832176,0.0,0.0,0.0
2014-04-04 15:39:00,0.00234379818664,0,0.0071501786448,5.11250582349e-05,0.501787537046,0.501787537046,0.00949397683144,0.0,0.0,0.0
2014-04-04 15:44:00,0.00106910092724,0,0.00824457185375,6.797297101e-05,0.502061131288,0.502061131288,0.00931367278099,0.0,0.0,0.0
2014-04-04 15:49:00,0.559119225313,0,0.549748391678,0.302223324776,0.634077213987,0.634077213987,0.00937083363533,0.0,0.0,0.0
2014-04-04 15:54:00,0.3742881227,0,0.344915430592,0.118966646492,0.585384043473,0.585384043473,0.0293726921082,0.0,0.0,0.0
2014-04-04 15:59:00,0.326260819507,0,0.20744758792,0.0430344939232,0.551676706323,0.551676706323,0.118813231587,0.0,0.0,0.0
2014-04-04 16:04:00,0.344353296737,0,0.276719548683,0.0765737071633,0.568741794791,0.568741794791,0.0676337480545,0.0,0.0,0.0
2014-04-04 16:09:00,0.328913012192,0,0.271151372835,0.0735230594873,0.567375543453,0.567375543453,0.0577616393566,0.0,0.0,0.0
2014-04-04 16:14:00,0.311087810193,0,0.252235137617,0.063622571528,0.562726567759,0.562726567759,0.0588526725769,0.0,0.0,0.0
2014-04-04 16:19:00,0.33446411316,0,0.158004830524,0.0249655228108,0.539419231579,0.539419231579,0.176459282637,0.0,0.0,0.0
2014-04-04 16:24:00,0.294167232057,0,0.0843404348096,0.00711330678314,0.521072618846,0.521072618846,0.209826797247,0.0,0.0,0.0
2014-04-04 16:29:00,0.327473837867,0,0.0669581182146,0.00448339106515,0.516733278204,0.516733278204,0.260515719652,0.0,0.0,0.0
2014-04-04 16:34:00,0.325047801147,0,0.0590681535108,0.00348904565908,0.514762746301,0.514762746301,0.265979647636,0.0,0.0,0.0
2014-04-04 16:39:00,0.296099837579,0,0.024832900323,0.000616673147306,0.506207906063,0.506207906063,0.271266937256,0.0,0.0,0.0
2014-04-04 16:44:00,0.315754846934,0,0.0395745199949,0.00156614370644,0.509892338965,0.509892338965,0.276180326939,0.0,0.0,0.0
2014-04-04 16:49:00,0.334936984724,0,0.0540852927629,0.00292521808296,0.513518028085,0.513518028085,0.280851691961,0.0,0.0,0.0
2014-04-04 16:54:00,0.312979296449,0,0.027581647638,0.000760748051107,0.506894974804,0.506894974804,0.285397648811,0.0,0.0,0.0
2014-04-04 16:59:00,0.311930755155,0,0.0222665760686,0.000495799991768,0.505566414033,0.505566414033,0.289664179087,0.0,0.0,0.0
2014-04-04 17:04:00,0.327946709431,0,0.0343006122475,0.00117653294001,0.508574312416,0.508574312416,0.293646097183,0.0,0.0,0.0
2014-04-04 17:09:00,0.349637122474,0,0.0521880701399,0.00272359442897,0.513044057109,0.513044057109,0.297449052334,0.0,0.0,0.0
2014-04-04 17:14:00,0.325047801147,0,0.0238426429136,0.000568471150473,0.505960378372,0.505960378372,0.301205158234,0.0,0.0,0.0
2014-04-04 17:19:00,0.313945599211,0,0.00920600475098,8.47503833938e-05,0.502301484933,0.502301484933,0.30473959446,0.0,0.0,0.0
2014-04-04 17:24:00,0.336643434281,0,0.0286624200294,0.000821533962153,0.507165114482,0.507165114482,0.307981014252,0.0,0.0,0.0
2014-04-04 17:29:00,0.289027323753,0,0.0220565294922,0.000486490083858,0.505513908836,0.505513908836,0.311083853245,0.0,0.0,0.0
2014-04-04 17:34:00,0.319023828615,0,0.0052888799798,2.79721371044e-05,0.501322216913,0.501322216913,0.313734948635,0.0,0.0,0.0
2014-04-04 17:39:00,0.340837599457,0,0.0246814505467,0.000609173905104,0.50617004942,0.50617004942,0.316156148911,0.0,0.0,0.0
2014-04-04 17:44:00,0.312259709287,0,0.00623616034975,3.88897642551e-05,0.501559035035,0.501559035035,0.318495869637,0.0,0.0,0.0
2014-04-04 17:49:00,0.307428195481,0,0.0131340479806,0.000172503598151,0.503283464795,0.503283464795,0.320562243462,0.0,0.0,0.0
2014-04-04 17:54:00,0.336437837949,0,0.014100389352,0.000198821348022,0.503525038934,0.503525038934,0.322337448597,0.0,0.0,0.0
2014-04-04 17:59:00,0.330681140648,0,0.00665360234889,4.4270484068e-05,0.501663394451,0.501663394451,0.3240275383,0.0,0.0,0.0
2014-04-04 18:04:00,0.344106581139,0,0.0185138248672,0.000342761835782,0.504628324017,0.504628324017,0.325592756271,0.0,0.0,0.0
2014-04-04 18:09:00,0.352330434425,0,0.0252076865269,0.000635428063106,0.506301587952,0.506301587952,0.327122747898,0.0,0.0,0.0
2014-04-04 18:14:00,0.324821645182,0,0.00384313448124,1.47696382555e-05,0.500960782438,0.500960782438,0.328664779663,0.0,0.0,0.0
2014-04-04 18:19:00,0.303336828471,0,0.0266915266506,0.000712437555194,0.506672485523,0.506672485523,0.330028355122,0.0,0.0,0.0
2014-04-04 18:24:00,0.303809700035,0,0.0272718095552,0.000743751472328,0.506817529848,0.506817529848,0.33108150959,0.0,0.0,0.0
2014-04-04 18:29:00,0.315405333169,0,0.0164458511993,0.000270465825452,0.504111370135,0.504111370135,0.331851184368,0.0,0.0,0.0
2014-04-04 18:34:00,0.342914122412,0,0.0104776204322,0.000109780776256,0.502619381145,0.502619381145,0.33243650198,0.0,0.0,0.0
2014-04-04 18:39:00,0.338329324205,0,0.00529719300979,2.80601580016e-05,0.501324295156,0.501324295156,0.333032131195,0.0,0.0,0.0
2014-04-04 18:44:00,0.299965048624,0,0.0336380950685,0.00113152107224,0.508408730894,0.508408730894,0.333603143692,0.0,0.0,0.0
2014-04-04 18:49:00,0.31515861757,0,0.018737959788,0.000351111579221,0.504684352887,0.504684352887,0.333896577358,0.0,0.0,0.0
2014-04-04 18:54:00,0.337157425112,0,0.00311952514053,9.73145688477e-06,0.500779880653,0.500779880653,0.334037899971,0.0,0.0,0.0
2014-04-04 18:59:00,0.368490306133,0,0.0343047058522,0.00117681303527,0.508575335516,0.508575335516,0.334185600281,0.0,0.0,0.0
2014-04-04 19:04:00,0.294886819219,0,0.0396567665581,0.00157265842427,0.50991289254,0.50991289254,0.334543585777,0.0,0.0,0.0
2014-04-04 19:09:00,0.351651966529,0,0.0170462727118,0.000290575408144,0.504261464989,0.504261464989,0.334605693817,0.0,0.0,0.0
2014-04-04 19:14:00,0.298731470631,0,0.036041950657,0.00129902176559,0.509009512389,0.509009512389,0.334773421288,0.0,0.0,0.0
2014-04-04 19:19:00,0.317564094657,0,0.017123913175,0.00029322822229,0.504280873688,0.504280873688,0.334688007832,0.0,0.0,0.0
2014-04-04 19:24:00,0.318777113016,0,0.0157216500681,0.000247170246439,0.503930331562,0.503930331562,0.334498763084,0.0,0.0,0.0
2014-04-04 19:29:00,0.317440736857,0,0.0167845601169,0.000281721091596,0.50419604152,0.50419604152,0.334225296974,0.0,0.0,0.0
2014-04-04 19:34:00,0.3450728839,0,0.0112038438874,0.000125526377815,0.502800931673,0.502800931673,0.333869040012,0.0,0.0,0.0
2014-04-04 19:39:00,0.345627993997,0,0.0120061642484,0.000144147968967,0.503001505007,0.503001505007,0.333621829748,0.0,0.0,0.0
2014-04-04 19:44:00,0.330249388351,0,0.00322870479637,1.04244663817e-05,0.500807175498,0.500807175498,0.333478093147,0.0,0.0,0.0
2014-04-04 19:49:00,0.288862846687,0,0.0444646851278,0.00197710748762,0.511114340155,0.511114340155,0.333327531815,0.0,0.0,0.0
2014-04-04 19:54:00,0.347252205021,0,0.0143518000905,0.000205974589335,0.503587888438,0.503587888438,0.33290040493,0.0,0.0,0.0
2014-04-04 19:59:00,0.334176278295,0,0.00156614798514,2.45280034505e-06,0.500391536916,0.500391536916,0.33261013031,0.0,0.0,0.0
2014-04-04 20:04:00,0.315878204733,0,0.0164808708134,0.000271618861007,0.504120124445,0.504120124445,0.332359075546,0.0,0.0,0.0
2014-04-04 20:09:00,0.363905507926,0,0.0318805462158,0.00101636990439,0.507969461572,0.507969461572,0.33202496171,0.0,0.0,0.0
2014-04-04 20:14:00,0.28530603014,0,0.0466274086375,0.00217411457561,0.511654740673,0.511654740673,0.331933438778,0.0,0.0,0.0
2014-04-04 20:19:00,0.316124920331,0,0.015420492209,0.000237791711697,0.503855046661,0.503855046661,0.33154541254,0.0,0.0,0.0
2014-04-04 20:24:00,0.314911901972,0,0.0161831974775,0.000261895882431,0.504045711074,0.504045711074,0.331095099449,0.0,0.0,0.0
2014-04-04 20:29:00,0.341988938917,0,0.0114051877157,0.000130078580696,0.502851266022,0.502851266022,0.330583751202,0.0,0.0,0.0
2014-04-04 20:34:00,0.308168342277,0,0.0220298264778,0.000485312833916,0.505507233893,0.505507233893,0.330198168755,0.0,0.0,0.0
2014-04-04 20:39:00,0.308887929439,0,0.020818888426,0.000433426146628,0.505204534126,0.505204534126,0.329706817865,0.0,0.0,0.0
2014-04-04 20:44:00,0.303789140402,0,0.0253390653745,0.000642068334855,0.506334427419,0.506334427419,0.329128205776,0.0,0.0,0.0
2014-04-04 20:49:00,0.319599498345,0,0.00884206192345,7.81818671385e-05,0.502210501079,0.502210501079,0.328441560268,0.0,0.0,0.0
2014-04-04 20:54:00,0.338576039803,0,0.0108103962068,0.000116864859592,0.502702572732,0.502702572732,0.327765643597,0.0,0.0,0.0
2014-04-04 20:59:00,0.315240856103,0,0.0119871535976,0.000143691751873,0.502996752515,0.502996752515,0.327228009701,0.0,0.0,0.0
2014-04-04 21:04:00,0.317810810255,0,0.00885479981985,7.84075964475e-05,0.502213685491,0.502213685491,0.326665610075,0.0,0.0,0.0
2014-04-04 21:09:00,0.350438948169,0,0.024337496057,0.000592313939705,0.506084073711,0.506084073711,0.326101452112,0.0,0.0,0.0
2014-04-04 21:14:00,0.336643434281,0,0.0108905203293,0.000118603289593,0.502722603173,0.502722603173,0.325752913952,0.0,0.0,0.0
2014-04-04 21:19:00,0.305865663357,0,0.0196447192957,0.000385914521758,0.504911021889,0.504911021889,0.325510382652,0.0,0.0,0.0
2014-04-04 21:24:00,0.330311067251,0,0.00514755382855,2.64972350124e-05,0.501286885616,0.501286885616,0.325163513422,0.0,0.0,0.0
2014-04-04 21:29:00,0.30346018627,0,0.0214247648444,0.000459020782728,0.505355986337,0.505355986337,0.324884951115,0.0,0.0,0.0
2014-04-04 21:34:00,0.321326507535,0,0.00316749671447,1.00331199064e-05,0.500791873517,0.500791873517,0.32449400425,0.0,0.0,0.0
2014-04-04 21:39:00,0.340015214129,0,0.0158939475251,0.000252617202932,0.503973403236,0.503973403236,0.324121266603,0.0,0.0,0.0
2014-04-04 21:44:00,0.297950204568,0,0.0259395873971,0.000672861991916,0.506484533254,0.506484533254,0.323889791965,0.0,0.0,0.0
2014-04-04 21:49:00,0.316823947861,0,0.00668771223826,4.47253405582e-05,0.501671921828,0.501671921828,0.323511660099,0.0,0.0,0.0
2014-04-04 21:54:00,0.3332510948,0,0.010123586637,0.000102486883407,0.502530875044,0.502530875044,0.323127508163,0.0,0.0,0.0
2014-04-04 21:59:00,0.319270544213,0,0.00357735856132,1.27974444695e-05,0.500894338687,0.500894338687,0.322847902775,0.0,0.0,0.0
2014-04-04 22:04:00,0.315939883632,0,0.00663285429973,4.39948926214e-05,0.501658207496,0.501658207496,0.322572737932,0.0,0.0,0.0
2014-04-04 22:09:00,0.347498920619,0,0.0252173215745,0.00063591345679,0.506303996331,0.506303996331,0.322281599045,0.0,0.0,0.0
2014-04-04 22:14:00,0.349184810543,0,0.0270001286506,0.000729007006157,0.506749622124,0.506749622124,0.322184681892,0.0,0.0,0.0
2014-04-04 22:19:00,0.296099837579,0,0.0261744896992,0.00068510370329,0.506543248862,0.506543248862,0.322274327278,0.0,0.0,0.0
2014-04-04 22:24:00,0.314439030408,0,0.0077444593918,5.99766790401e-05,0.501936105171,0.501936105171,0.322183489799,0.0,0.0,0.0
2014-04-04 22:29:00,0.314747424906,0,0.00730356376822,5.33420716238e-05,0.501825882826,0.501825882826,0.322050988674,0.0,0.0,0.0
2014-04-04 22:34:00,0.312979296449,0,0.00890444159157,7.92888240539e-05,0.502226095689,0.502226095689,0.321883738041,0.0,0.0,0.0
2014-04-04 22:39:00,0.336725672814,0,0.0150508788553,0.000226529227803,0.503762648685,0.503762648685,0.321674793959,0.0,0.0,0.0
2014-04-04 22:44:00,0.310306544131,0,0.0112788726626,0.000127212857478,0.502819688274,0.502819688274,0.321585416794,0.0,0.0,0.0
2014-04-04 22:49:00,0.322148892864,0,0.000717971309186,5.15477665886e-07,0.50017949282,0.50017949282,0.321430921555,0.0,0.0,0.0
2014-04-04 22:54:00,0.311293406526,0,0.010003106555,0.000100062403362,0.502500755786,0.502500755786,0.321296513081,0.0,0.0,0.0
2014-04-04 22:59:00,0.31637163593,0,0.00473819540315,2.24503673962e-05,0.501184546635,0.501184546635,0.321109831333,0.0,0.0,0.0
2014-04-04 23:04:00,0.316597791895,0,0.00431284071493,1.86006145668e-05,0.501078208507,0.501078208507,0.32091063261,0.0,0.0,0.0
2014-04-04 23:09:00,0.351117416065,0,0.030414505642,0.000925041327719,0.507603040325,0.507603040325,0.320702910423,0.0,0.0,0.0
2014-04-04 23:14:00,0.324287094718,0,0.00357125008704,1.27537705339e-05,0.500892811573,0.500892811573,0.320715844631,0.0,0.0,0.0
2014-04-04 23:19:00,0.332058636074,0,0.011307684307,0.000127863779198,0.502826890955,0.502826890955,0.320750951767,0.0,0.0,0.0
2014-04-04 23:24:00,0.334217397562,0,0.0133604687362,0.000178502174094,0.5033400675,0.5033400675,0.320856928825,0.0,0.0,0.0
2014-04-04 23:29:00,0.319023828615,0,0.00201647390013,4.06621074944e-06,0.500504118304,0.500504118304,0.321040302515,0.0,0.0,0.0
2014-04-04 23:34:00,0.342420691215,0,0.0212284862626,0.000450648891274,0.505306922271,0.505306922271,0.321192204952,0.0,0.0,0.0
2014-04-04 23:39:00,0.333497810399,0,0.0120289802904,0.000144696648931,0.503007208812,0.503007208812,0.321468830109,0.0,0.0,0.0
2014-04-04 23:44:00,0.293200929295,0,0.0285963224059,0.00081774906721,0.507148593461,0.507148593461,0.321797251701,0.0,0.0,0.0
2014-04-04 23:49:00,0.34628590226,0,0.0243816304185,0.000594464247115,0.506095105664,0.506095105664,0.321904271841,0.0,0.0,0.0
2014-04-04 23:54:00,0.338863874668,0,0.0167023491806,0.000278968625935,0.504175490226,0.504175490226,0.322161525488,0.0,0.0,0.0
2014-04-04 23:59:00,0.35907399412,0,0.0365704571803,0.00133739854209,0.509141595488,0.509141595488,0.32250353694,0.0,0.0,0.0
2014-04-05 00:04:00,0.334936984724,0,0.0118839525644,0.000141228127177,0.502970953176,0.502970953176,0.32305303216,0.0,0.0,0.0
2014-04-05 00:09:00,0.382203581488,0,0.0585770036339,0.00343126500957,0.514640064986,0.514640064986,0.323626577854,0.0,0.0,0.0
2014-04-05 00:14:00,0.300931351385,0,0.0235985944657,0.00055689306464,0.505899374842,0.505899374842,0.32452994585,0.0,0.0,0.0
2014-04-05 00:19:00,0.318756553383,0,0.00643071248987,4.13540983573e-05,0.501607672582,0.501607672582,0.325187265873,0.0,0.0,0.0
2014-04-05 00:24:00,0.317564094657,0,0.00817260683194,6.67914137011e-05,0.502043140336,0.502043140336,0.325736701488,0.0,0.0,0.0
2014-04-05 00:29:00,0.342667406813,0,0.0164900481861,0.000271921482636,0.504122418632,0.504122418632,0.326177358627,0.0,0.0,0.0
2014-04-05 00:34:00,0.288862846687,0,0.0378208235955,0.0014304141514,0.509454078988,0.509454078988,0.326683670282,0.0,0.0,0.0
2014-04-05 00:39:00,0.35907399412,0,0.032185790499,0.00103592523374,0.50804575307,0.50804575307,0.326888203621,0.0,0.0,0.0
2014-04-05 00:44:00,0.324328213985,0,0.00295796984941,8.74958550412e-06,0.500739491923,0.500739491923,0.327286183834,0.0,0.0,0.0
2014-04-05 00:49:00,0.296572709143,0,0.0310522376898,0.000964241102338,0.507762435694,0.507762435694,0.327624946833,0.0,0.0,0.0
2014-04-05 00:54:00,0.3332510948,0,0.00552777050161,3.05561807181e-05,0.501381939106,0.501381939106,0.327723324299,0.0,0.0,0.0
2014-04-05 00:59:00,0.318057525854,0,0.00979114701308,9.58663367783e-05,0.502447767198,0.502447767198,0.327848672867,0.0,0.0,0.0
2014-04-05 01:04:00,0.337609737042,0,0.00971338045965,9.43497798289e-05,0.502428326022,0.502428326022,0.327896356583,0.0,0.0,0.0
2014-04-05 01:09:00,0.339521782931,0,0.0115177207556,0.000132658184157,0.502879398358,0.502879398358,0.328004062176,0.0,0.0,0.0
2014-04-05 01:14:00,0.34846522338,0,0.0202874136651,0.000411579589127,0.505071679468,0.505071679468,0.328177809715,0.0,0.0,0.0
2014-04-05 01:19:00,0.288266617324,0,0.0402029869302,0.00161627924535,0.510049393216,0.510049393216,0.328469604254,0.0,0.0,0.0
2014-04-05 01:24:00,0.316124920331,0,0.0123390512834,0.000152252294356,0.503084723683,0.503084723683,0.328463971615,0.0,0.0,0.0
2014-04-05 01:29:00,0.344600012336,0,0.0162234211302,0.000263199704932,0.504055766327,0.504055766327,0.328376591206,0.0,0.0,0.0
2014-04-05 01:34:00,0.352803305989,0,0.0243971210773,0.000595220190007,0.506098977753,0.506098977753,0.328406184912,0.0,0.0,0.0
2014-04-05 01:39:00,0.295256892617,0,0.033338924472,0.00111148448195,0.508333959211,0.508333959211,0.328595817089,0.0,0.0,0.0
2014-04-05 01:44:00,0.323690865355,0,0.00485291687923,2.35508396145e-05,0.501213226839,0.501213226839,0.328543782234,0.0,0.0,0.0
2014-04-05 01:49:00,0.322642324061,0,0.00582215419338,3.38974532497e-05,0.501455534437,0.501455534437,0.328464478254,0.0,0.0,0.0
2014-04-05 01:54:00,0.340734801291,0,0.0123806512343,0.000153280736413,0.503095123274,0.503095123274,0.328354150057,0.0,0.0,0.0
2014-04-05 01:59:00,0.325829067209,0,0.00250854255847,6.29282749287e-06,0.500627135311,0.500627135311,0.328337609768,0.0,0.0,0.0
2014-04-05 02:04:00,0.374514278665,0,0.0462083189637,0.00213520904072,0.511550024671,0.511550024671,0.328305959702,0.0,0.0,0.0
2014-04-05 02:09:00,0.307921626678,0,0.0206649814933,0.000427041813964,0.505166061531,0.505166061531,0.328586608171,0.0,0.0,0.0
2014-04-05 02:14:00,0.336643434281,0,0.00794247459867,6.30827998975e-05,0.501985608212,0.501985608212,0.328700959682,0.0,0.0,0.0
2014-04-05 02:19:00,0.311293406526,0,0.0175637769308,0.000308486720314,0.504390831357,0.504390831357,0.328857183456,0.0,0.0,0.0
2014-04-05 02:24:00,0.305269433993,0,0.0236106972514,0.000557465653401,0.505902400117,0.505902400117,0.328880131245,0.0,0.0,0.0
2014-04-05 02:29:00,0.320236846975,0,0.00850565714522,7.23459525034e-05,0.502126401467,0.502126401467,0.32874250412,0.0,0.0,0.0
2014-04-05 02:34:00,0.318777113016,0,0.00978449100668,9.57362426561e-05,0.502446103237,0.502446103237,0.328561604023,0.0,0.0,0.0
2014-04-05 02:39:00,0.340056333395,0,0.0117232535801,0.000137434588396,0.502930779829,0.502930779829,0.328333079815,0.0,0.0,0.0
2014-04-05 02:44:00,0.299718333025,0,0.0284876696873,0.00081154803047,0.507121435813,0.507121435813,0.328206002712,0.0,0.0,0.0
2014-04-05 02:49:00,0.348691379346,0,0.020790850438,0.000432259228546,0.505197525388,0.505197525388,0.327900528908,0.0,0.0,0.0
2014-04-05 02:54:00,0.32915972779,0,0.0013947398449,1.94532390196e-06,0.500348684905,0.500348684905,0.327764987946,0.0,0.0,0.0
2014-04-05 02:59:00,0.347005489422,0,0.0193531542551,0.000374544470105,0.504838137557,0.504838137557,0.327652335167,0.0,0.0,0.0
2014-04-05 03:04:00,0.318304241452,0,0.0093765847348,8.79203580553e-05,0.502344129009,0.502344129009,0.327680826187,0.0,0.0,0.0
2014-04-05 03:09:00,0.376940315385,0,0.0492968017053,0.00243017403409,0.512321705203,0.512321705203,0.32764351368,0.0,0.0,0.0
2014-04-05 03:14:00,0.298752030264,0,0.0291888807908,0.000851990189403,0.507296702145,0.507296702145,0.327940911055,0.0,0.0,0.0
2014-04-05 03:19:00,0.316597791895,0,0.0114147937446,0.000130297572468,0.502853667451,0.502853667451,0.32801258564,0.0,0.0,0.0
2014-04-05 03:24:00,0.318530397418,0,0.00947008847935,8.9682325779e-05,0.502367504426,0.502367504426,0.328000485897,0.0,0.0,0.0
2014-04-05 03:29:00,0.320586360739,0,0.00733950014248,5.38683671039e-05,0.501834866799,0.501834866799,0.327925860882,0.0,0.0,0.0
2014-04-05 03:34:00,0.381278397993,0,0.0534690641921,0.00285894051194,0.513364082273,0.513364082273,0.327809333801,0.0,0.0,0.0
2014-04-05 03:39:00,0.28364069985,0,0.0444232351915,0.00197342270985,0.511103982786,0.511103982786,0.328063935041,0.0,0.0,0.0
2014-04-05 03:44:00,0.344106581139,0,0.0161121153107,0.000259600376012,0.50402794169,0.50402794169,0.327994465828,0.0,0.0,0.0
2014-04-05 03:49:00,0.298505314665,0,0.0295349573323,0.000872314209118,0.507383202635,0.507383202635,0.328040271997,0.0,0.0,0.0
2014-04-05 03:54:00,0.339871296696,0,0.0119883809608,0.00014372105943,0.502997059345,0.502997059345,0.327882915735,0.0,0.0,0.0
2014-04-05 03:59:00,0.320236846975,0,0.00758500380202,5.75320591452e-05,0.501896241859,0.501896241859,0.327821850777,0.0,0.0,0.0
2014-04-05 04:04:00,0.322395608462,0,0.00532020565127,2.83044355456e-05,0.501330048276,0.501330048276,0.327715814114,0.0,0.0,0.0
2014-04-05 04:09:00,0.368490306133,0,0.0409057414471,0.00167327991221,0.510225009626,0.510225009626,0.327584564686,0.0,0.0,0.0
2014-04-05 04:14:00,0.368161352001,0,0.0404196098674,0.00163374468684,0.510103526956,0.510103526956,0.327741742134,0.0,0.0,0.0
2014-04-05 04:19:00,0.343386993976,0,0.0152317744211,0.00023200736905,0.503807869985,0.503807869985,0.328155219555,0.0,0.0,0.0
2014-04-05 04:24:00,0.296099837579,0,0.0325304011925,0.00105822668411,0.508131883196,0.508131883196,0.328630238771,0.0,0.0,0.0
2014-04-05 04:29:00,0.323855342421,0,0.00498324438656,2.48327432928e-05,0.501245808519,0.501245808519,0.328838586807,0.0,0.0,0.0
2014-04-05 04:34:00,0.320894755238,0,0.00809787977411,6.55757758068e-05,0.502024458881,0.502024458881,0.328992635012,0.0,0.0,0.0
2014-04-05 04:39:00,0.317564094657,0,0.0115126127066,0.000132540124469,0.502878121388,0.502878121388,0.329076707363,0.0,0.0,0.0
2014-04-05 04:44:00,0.335142581056,0,0.00606790025115,3.68194341718e-05,0.501516970408,0.501516970408,0.329074680805,0.0,0.0,0.0
2014-04-05 04:49:00,0.296860544008,0,0.0322532970489,0.00104027509224,0.508062625329,0.508062625329,0.329113841057,0.0,0.0,0.0
2014-04-05 04:54:00,0.347498920619,0,0.018567708194,0.000344759901054,0.504641793691,0.504641793691,0.328931212425,0.0,0.0,0.0
2014-04-05 04:59:00,0.309134645038,0,0.0197576455543,0.000390365050407,0.504939250714,0.504939250714,0.328892290592,0.0,0.0,0.0
2014-04-05 05:04:00,0.314192314809,0,0.014531354243,0.0002111599606,0.503632774636,0.503632774636,0.328723669052,0.0,0.0,0.0
2014-04-05 05:09:00,0.371635930015,0,0.0431623024477,0.00186298554763,0.510788900701,0.510788900701,0.328473627567,0.0,0.0,0.0
2014-04-05 05:14:00,0.307777709246,0,0.0207626755238,0.000431088963524,0.505190482419,0.505190482419,0.328540384769,0.0,0.0,0.0
2014-04-05 05:19:00,0.336150003084,0,0.00768996537566,5.91353746131e-05,0.50192248187,0.50192248187,0.328460037708,0.0,0.0,0.0
2014-04-05 05:24:00,0.297539011904,0,0.030900760225,0.000954856164753,0.507724575411,0.507724575411,0.328439772129,0.0,0.0,0.0
2014-04-05 05:29:00,0.330598902116,0,0.00238634289241,5.69457824895e-06,0.50059658544,0.50059658544,0.328212559223,0.0,0.0,0.0
2014-04-05 05:34:00,0.306708608318,0,0.0213155406226,0.000454352441011,0.505328683399,0.505328683399,0.328024148941,0.0,0.0,0.0
2014-04-05 05:39:00,0.334340755361,0,0.00663042487463,4.39624782302e-05,0.501657600146,0.501657600146,0.327710330486,0.0,0.0,0.0
2014-04-05 05:44:00,0.337383581077,0,0.00991092411166,9.82261626632e-05,0.502477710747,0.502477710747,0.327472656965,0.0,0.0,0.0
2014-04-05 05:49:00,0.317564094657,0,0.00976166666166,9.52900300035e-05,0.502440397287,0.502440397287,0.327325761318,0.0,0.0,0.0
2014-04-05 05:54:00,0.35376960875,0,0.0266422116898,0.000709806976374,0.506660158975,0.506660158975,0.32712739706,0.0,0.0,0.0
2014-04-05 05:59:00,0.297559571537,0,0.0295696732671,0.000874366320204,0.507391879724,0.507391879724,0.327129244804,0.0,0.0,0.0
2014-04-05 06:04:00,0.350870700467,0,0.0239400285364,0.000573124852963,0.505984721304,0.505984721304,0.32693067193,0.0,0.0,0.0
2014-04-05 06:09:00,0.300684635786,0,0.0262294362506,0.000687983585522,0.506556983142,0.506556983142,0.326914072037,0.0,0.0,0.0
2014-04-05 06:14:00,0.31630995703,0,0.0104114727945,0.000108398729935,0.502602844687,0.502602844687,0.326721429825,0.0,0.0,0.0
2014-04-05 06:19:00,0.314911901972,0,0.0115655362398,0.000133761626785,0.502891351831,0.502891351831,0.326477438211,0.0,0.0,0.0
2014-04-05 06:24:00,0.351364131664,0,0.025184686874,0.000634268682916,0.506295838951,0.506295838951,0.32617944479,0.0,0.0,0.0
2014-04-05 06:29:00,0.308394498242,0,0.0176873737442,0.000312843418214,0.504421728161,0.504421728161,0.326081871986,0.0,0.0,0.0
2014-04-05 06:34:00,0.31637163593,0,0.00950245426469,9.02963802218e-05,0.502375595691,0.502375595691,0.325874090195,0.0,0.0,0.0
2014-04-05 06:39:00,0.328440140628,0,0.00281746282485,7.93803519628e-06,0.50070436524,0.50070436524,0.325622677803,0.0,0.0,0.0
2014-04-05 06:44:00,0.307202039516,0,0.0182133333329,0.000331725459546,0.504553207466,0.504553207466,0.325415372849,0.0,0.0,0.0
2014-04-05 06:49:00,0.341454388454,0,0.016349138572,0.000267294264631,0.504087193603,0.504087193603,0.325105249882,0.0,0.0,0.0
2014-04-05 06:54:00,0.338987232468,0,0.0140503061029,0.000197411063709,0.503512518742,0.503512518742,0.324936926365,0.0,0.0,0.0
2014-04-05 06:59:00,0.324821645182,0,5.9103805348e-05,3.49257422982e-09,0.500014775951,0.500014775951,0.324880748987,0.0,0.0,0.0
2014-04-05 07:04:00,0.316124920331,0,0.00870483688217,7.57742600399e-05,0.502176195479,0.502176195479,0.324829757214,0.0,0.0,0.0
2014-04-05 07:09:00,0.334176278295,0,0.0094515444657,8.93315736903e-05,0.502362868527,0.502362868527,0.324724733829,0.0,0.0,0.0
2014-04-05 07:14:00,0.331092333313,0,0.00639793824747,4.09335443692e-05,0.501599479106,0.501599479106,0.324694395065,0.0,0.0,0.0
2014-04-05 07:19:00,0.301877094513,0,0.0228334534114,0.000521367182955,0.505708115353,0.505708115353,0.324710547924,0.0,0.0,0.0
2014-04-05 07:24:00,0.336211681984,0,0.0116418606259,0.000135532900458,0.502910432285,0.502910432285,0.324569821358,0.0,0.0,0.0
2014-04-05 07:29:00,0.298258599067,0,0.0262637173892,0.000689782667905,0.506565551951,0.506565551951,0.324522316456,0.0,0.0,0.0
2014-04-05 07:34:00,0.346902691256,0,0.0226017762532,0.000510840618517,0.505650203536,0.505650203536,0.324300915003,0.0,0.0,0.0
2014-04-05 07:39:00,0.353522893152,0,0.029267486295,0.000856585975271,0.507316349325,0.507316349325,0.324255406857,0.0,0.0,0.0
2014-04-05 07:44:00,0.294886819219,0,0.02952671876,0.000871826661751,0.507381143441,0.507381143441,0.324413537979,0.0,0.0,0.0
2014-04-05 07:49:00,0.328666296593,0,0.00431134997996,1.85877652257e-05,0.501077835825,0.501077835825,0.324354946613,0.0,0.0,0.0
2014-04-05 07:54:00,0.32288903966,0,0.00144248232838,2.08078313335e-06,0.50036062052,0.50036062052,0.324331521988,0.0,0.0,0.0
2014-04-05 07:59:00,0.335183700323,0,0.0108830535409,0.000118441064842,0.502720736531,0.502720736531,0.324300646782,0.0,0.0,0.0
2014-04-05 08:04:00,0.324245975452,0,0.000101013941436,1.02010142555e-08,0.500025253485,0.500025253485,0.324346989393,0.0,0.0,0.0
2014-04-05 08:09:00,0.350562305968,0,0.0261742787773,0.00068509276025,0.506543196141,0.506543196141,0.324388027191,0.0,0.0,0.0
2014-04-05 08:14:00,0.3332510948,0,0.0086475372138,7.47797967051e-05,0.502161870831,0.502161870831,0.324603557587,0.0,0.0,0.0
2014-04-05 08:19:00,0.316515553363,0,0.0083411451505,6.95745111443e-05,0.502085274197,0.502085274197,0.324856698513,0.0,0.0,0.0
2014-04-05 08:24:00,0.374514278665,0,0.049486634031,0.00244892714545,0.512369134352,0.512369134352,0.325027644634,0.0,0.0,0.0
2014-04-05 08:29:00,0.259174736323,0,0.0663447658402,0.00440162839368,0.516580110283,0.516580110283,0.325519502163,0.0,0.0,0.0
2014-04-05 08:34:00,0.317440736857,0,0.00806821528355,6.50959118502e-05,0.502017042879,0.502017042879,0.325508952141,0.0,0.0,0.0
2014-04-05 08:39:00,0.316844507494,0,0.00859989281653,7.39584065741e-05,0.502149959954,0.502149959954,0.325444400311,0.0,0.0,0.0
2014-04-05 08:44:00,0.318263122186,0,0.00706442321853,4.99061970913e-05,0.50176609846,0.50176609846,0.325327545404,0.0,0.0,0.0
2014-04-05 08:49:00,0.31637163593,0,0.0088023977118,7.74819636717e-05,0.502200585219,0.502200585219,0.325174033642,0.0,0.0,0.0
2014-04-05 08:54:00,0.354489195913,0,0.0295135265287,0.000871048890986,0.507377846102,0.507377846102,0.324975669384,0.0,0.0,0.0
2014-04-05 08:59:00,0.350726783034,0,0.025727987048,0.000661929312628,0.506431641992,0.506431641992,0.324998795986,0.0,0.0,0.0
2014-04-05 09:04:00,0.320113489175,0,0.00508206174323,2.58274430962e-05,0.501270512701,0.501270512701,0.325195550919,0.0,0.0,0.0
2014-04-05 09:09:00,0.361726186805,0,0.0363882403899,0.00132410461083,0.509096056443,0.509096056443,0.325337946415,0.0,0.0,0.0
2014-04-05 09:14:00,0.293673800859,0,0.0320413237477,0.00102664565202,0.508009645692,0.508009645692,0.325715124607,0.0,0.0,0.0
2014-04-05 09:19:00,0.317091223093,0,0.0087440942807,7.64591241023e-05,0.502186009642,0.502186009642,0.325835317373,0.0,0.0,0.0
2014-04-05 09:24:00,0.336396718683,0,0.01051303214,0.000110523957119,0.502628233828,0.502628233828,0.325883686543,0.0,0.0,0.0
2014-04-05 09:29:00,0.298032443101,0,0.0279667870452,0.000782141753007,0.506991241089,0.506991241089,0.325999230146,0.0,0.0,0.0
2014-04-05 09:34:00,0.333497810399,0,0.0075862288828,5.75510493945e-05,0.501896548125,0.501896548125,0.325911581516,0.0,0.0,0.0
2014-04-05 09:39:00,0.308168342277,0,0.0177163575447,0.000313868978992,0.504428973544,0.504428973544,0.325884699821,0.0,0.0,0.0
2014-04-05 09:44:00,0.321429305701,0,0.00430966076381,1.8573118723e-05,0.501077413523,0.501077413523,0.325738966465,0.0,0.0,0.0
2014-04-05 09:49:00,0.343880425173,0,0.0183022124352,0.000334970594849,0.50457542539,0.50457542539,0.325578212738,0.0,0.0,0.0
2014-04-05 09:54:00,0.381525113592,0,0.0559660339449,0.00313219544478,0.513987857616,0.513987857616,0.325559079647,0.0,0.0,0.0
2014-04-05 09:59:00,0.299615534859,0,0.0263102027605,0.000692226924002,0.506577171287,0.506577171287,0.325925737619,0.0,0.0,0.0
2014-04-05 10:04:00,0.317111782726,0,0.00896350294735,8.03442526376e-05,0.502240860733,0.502240860733,0.326075285673,0.0,0.0,0.0
2014-04-05 10:09:00,0.333744525998,0,0.00759610542538,5.77008177061e-05,0.501899017225,0.501899017225,0.326148420572,0.0,0.0,0.0
2014-04-05 10:14:00,0.343633709575,0,0.0173672420034,0.000301621155813,0.504341701372,0.504341701372,0.326266467571,0.0,0.0,0.0
2014-04-05 10:19:00,0.334176278295,0,0.00768414753882,5.90460294916e-05,0.501921027432,0.501921027432,0.326492130756,0.0,0.0,0.0
2014-04-05 10:24:00,0.363905507926,0,0.0371573156154,0.001380666974,0.509288260263,0.509288260263,0.32674819231,0.0,0.0,0.0
2014-04-05 10:29:00,0.296449351344,0,0.0307849764495,0.000947714026552,0.50769563635,0.50769563635,0.327234327793,0.0,0.0,0.0
2014-04-05 10:34:00,0.318859351549,0,0.00860075863836,7.39732713555e-05,0.502150176405,0.502150176405,0.327460110188,0.0,0.0,0.0
2014-04-05 10:39:00,0.344106581139,0,0.016502436327,0.000272330536973,0.504125515457,0.504125515457,0.327604144812,0.0,0.0,0.0
2014-04-05 10:44:00,0.289582433849,0,0.0382651661338,0.00146422313992,0.509565124439,0.509565124439,0.327847599983,0.0,0.0,0.0
2014-04-05 10:49:00,0.315055819404,0,0.0127471367001,0.000162489552167,0.503186741024,0.503186741024,0.327802956104,0.0,0.0,0.0
2014-04-05 10:54:00,0.349493205041,0,0.0218183393186,0.000476039946079,0.505454368457,0.505454368457,0.327674865723,0.0,0.0,0.0
2014-04-05 10:59:00,0.320956434137,0,0.00675359832586,4.56110283267e-05,0.501688393164,0.501688393164,0.327710032463,0.0,0.0,0.0
2014-04-05 11:04:00,0.296819424741,0,0.0308756469558,0.000953305978328,0.507718298591,0.507718298591,0.327695071697,0.0,0.0,0.0
2014-04-05 11:09:00,0.363412076729,0,0.0359434430768,0.00129193149041,0.508984893468,0.508984893468,0.327468633652,0.0,0.0,0.0
2014-04-05 11:14:00,0.31758465429,0,0.00992811660142,9.85673104879e-05,0.502482008763,0.502482008763,0.327512770891,0.0,0.0,0.0
2014-04-05 11:19:00,0.314685746006,0,0.0127982656438,0.000163795964909,0.503199522739,0.503199522739,0.32748401165,0.0,0.0,0.0
2014-04-05 11:24:00,0.326507535106,0,0.000862214440477,7.43407781556e-07,0.500215553597,0.500215553597,0.327369749546,0.0,0.0,0.0
2014-04-05 11:29:00,0.338082608606,0,0.0108216971416,0.000117109193525,0.502705397883,0.502705397883,0.327260911465,0.0,0.0,0.0
2014-04-05 11:34:00,0.287403112728,0,0.0398345827271,0.00158679450396,0.509957329031,0.509957329031,0.327237695456,0.0,0.0,0.0
2014-04-05 11:39:00,0.323115195625,0,0.00382641375772,1.46414104165e-05,0.500956602272,0.500956602272,0.326941609383,0.0,0.0,0.0
2014-04-05 11:44:00,0.320236846975,0,0.00641180557891,4.11110631831e-05,0.501602945903,0.501602945903,0.326648652554,0.0,0.0,0.0
2014-04-05 11:49:00,0.317564094657,0,0.00877640188352,7.7025135397e-05,0.502194086388,0.502194086388,0.32634049654,0.0,0.0,0.0
2014-04-05 11:54:00,0.334217397562,0,0.00821491896208,6.74849216011e-05,0.502053718191,0.502053718191,0.3260024786,0.0,0.0,0.0
2014-04-05 11:59:00,0.316597791895,0,0.00915711881208,8.38528649183e-05,0.502289263706,0.502289263706,0.325754910707,0.0,0.0,0.0
2014-04-05 12:04:00,0.336910709513,0,0.0114419905074,0.000130918808281,0.502860466419,0.502860466419,0.325468719006,0.0,0.0,0.0
2014-04-05 12:09:00,0.319106067148,0,0.00618413594672,3.82434736821e-05,0.50154602906,0.50154602906,0.325290203094,0.0,0.0,0.0
2014-04-05 12:14:00,0.345566315097,0,0.0204796618644,0.000419416028308,0.505119736525,0.505119736525,0.325086653233,0.0,0.0,0.0
2014-04-05 12:19:00,0.284750920044,0,0.0402942483562,0.00162362738047,0.510072199335,0.510072199335,0.3250451684,0.0,0.0,0.0
2014-04-05 12:24:00,0.344353296737,0,0.019624152164,0.000385107006878,0.504905880601,0.504905880601,0.324729144573,0.0,0.0,0.0
2014-04-05 12:29:00,0.317091223093,0,0.00748911848495,5.60868429602e-05,0.50187227087,0.50187227087,0.324580341578,0.0,0.0,0.0
2014-04-05 12:34:00,0.335903287485,0,0.0115087037833,0.00013245025184,0.502877144189,0.502877144189,0.324394583702,0.0,0.0,0.0
2014-04-05 12:39:00,0.299965048624,0,0.0243419460531,0.00059253006475,0.506085186045,0.506085186045,0.324306994677,0.0,0.0,0.0
2014-04-05 12:44:00,0.319990131376,0,0.00406944442007,1.656040331e-05,0.501017359701,0.501017359701,0.324059575796,0.0,0.0,0.0
2014-04-05 12:49:00,0.326486975472,0,0.00267833523073,7.17347666068e-06,0.500669583407,0.500669583407,0.323808640242,0.0,0.0,0.0
2014-04-05 12:54:00,0.321429305701,0,0.00217199978359,4.71755447506e-06,0.500542999732,0.500542999732,0.323601305485,0.0,0.0,0.0
2014-04-05 12:59:00,0.33446411316,0,0.011064569398,0.000122424477013,0.50276611413,0.50276611413,0.323399543762,0.0,0.0,0.0
2014-04-05 13:04:00,0.323279672691,0,1.49072921184e-05,2.22044604925e-10,0.500003726823,0.500003726823,0.323294579983,0.0,0.0,0.0
2014-04-05 13:09:00,0.317769690989,0,0.00543029642279,2.94882775052e-05,0.50135757077,0.50135757077,0.323199987411,0.0,0.0,0.0
2014-04-05 13:14:00,0.318057525854,0,0.00501961638488,2.51964356721e-05,0.501254901461,0.501254901461,0.323077142239,0.0,0.0,0.0
2014-04-05 13:19:00,0.329632599354,0,0.00670089244906,4.49021026725e-05,0.501675216844,0.501675216844,0.322931706905,0.0,0.0,0.0
2014-04-05 13:24:00,0.356545159234,0,0.0336978823083,0.00113554671407,0.508423673469,0.508423673469,0.322847276926,0.0,0.0,0.0
2014-04-05 13:29:00,0.319743415777,0,0.00326184325956,1.06395636976e-05,0.500815460092,0.500815460092,0.323005259037,0.0,0.0,0.0
2014-04-05 13:34:00,0.340261929727,0,0.0171371037727,0.000293680554023,0.504284171096,0.504284171096,0.323124825954,0.0,0.0,0.0
2014-04-05 13:39:00,0.304426489031,0,0.0189251325964,0.000358160556061,0.504731141941,0.504731141941,0.323351621628,0.0,0.0,0.0
2014-04-05 13:44:00,0.335903287485,0,0.0124790674002,0.000155727102538,0.503119726365,0.503119726365,0.323424220085,0.0,0.0,0.0
2014-04-05 13:49:00,0.305865663357,0,0.0177107869913,0.00031367156771,0.504427581014,0.504427581014,0.323576450348,0.0,0.0,0.0
2014-04-05 13:54:00,0.336150003084,0,0.0125598138654,0.000157748610945,0.50313991219,0.50313991219,0.323590189219,0.0,0.0,0.0
2014-04-05 13:59:00,0.349431526142,0,0.0257414693407,0.000662622682285,0.506435012007,0.506435012007,0.323690056801,0.0,0.0,0.0
2014-04-05 14:04:00,0.285717222805,0,0.0382420979789,0.00146245828364,0.50955935951,0.50955935951,0.323959320784,0.0,0.0,0.0
2014-04-05 14:09:00,0.329879314953,0,0.00594416385286,3.53330688085e-05,0.501486036588,0.501486036588,0.3239351511,0.0,0.0,0.0
2014-04-05 14:14:00,0.316494993729,0,0.00745982690362,5.56489030714e-05,0.501864948077,0.501864948077,0.323954820633,0.0,0.0,0.0
2014-04-05 14:19:00,0.357038590432,0,0.0331180424694,0.00109680450987,0.50827875395,0.50827875395,0.323920547962,0.0,0.0,0.0
2014-04-05 14:24:00,0.315405333169,0,0.00871533738817,7.59570029913e-05,0.502178820556,0.502178820556,0.324120670557,0.0,0.0,0.0
2014-04-05 14:29:00,0.33619112235,0,0.0119510338875,0.000142827106174,0.502987722911,0.502987722911,0.324240088463,0.0,0.0,0.0
2014-04-05 14:34:00,0.324883324081,0,0.000452262336809,2.04530280712e-07,0.500113065582,0.500113065582,0.324431061745,0.0,0.0,0.0
2014-04-05 14:39:00,0.288122699891,0,0.0364835399047,0.00133104773704,0.509119873416,0.509119873416,0.324606239796,0.0,0.0,0.0
2014-04-05 14:44:00,0.318777113016,0,0.00573179239446,3.28534297296e-05,0.501432944176,0.501432944176,0.324508905411,0.0,0.0,0.0
2014-04-05 14:49:00,0.342996360945,0,0.0186151882879,0.000346525164787,0.504653662688,0.504653662688,0.324381172657,0.0,0.0,0.0
2014-04-05 14:54:00,0.348958654578,0,0.0245622827362,0.000603305059485,0.506140261983,0.506140261983,0.324396371841,0.0,0.0,0.0
2014-04-05 14:59:00,0.346532617858,0,0.0219507265598,0.000481834198581,0.505487461304,0.505487461304,0.324581891298,0.0,0.0,0.0
2014-04-05 15:04:00,0.365591397849,0,0.04068880376,0.00165557942819,0.510170797766,0.510170797766,0.32490259409,0.0,0.0,0.0
2014-04-05 15:09:00,0.34385986554,0,0.0183837555585,0.000337961944751,0.504595809456,0.504595809456,0.325476109982,0.0,0.0,0.0
2014-04-05 15:14:00,0.305742305557,0,0.0203791141109,0.000415308779338,0.50509460221,0.50509460221,0.326121419668,0.0,0.0,0.0
2014-04-05 15:19:00,0.343386993976,0,0.0168273907618,0.000283161556581,0.504206748425,0.504206748425,0.326559603214,0.0,0.0,0.0
2014-04-05 15:24:00,0.290055305413,0,0.0370170169553,0.00137025956064,0.509253197656,0.509253197656,0.327072322369,0.0,0.0,0.0
2014-04-05 15:29:00,0.320586360739,0,0.00668757434025,4.47237471235e-05,0.501671887354,0.501671887354,0.32727393508,0.0,0.0,0.0
2014-04-05 15:34:00,0.340529204959,0,0.0131206825915,0.000172152271261,0.503280123591,0.503280123591,0.327408522367,0.0,0.0,0.0
2014-04-05 15:39:00,0.331092333313,0,0.003470426317,1.20438207887e-05,0.500867605708,0.500867605708,0.327621906996,0.0,0.0,0.0
2014-04-05 15:44:00,0.335430415921,0,0.00759196525114,5.76378988626e-05,0.501897982196,0.501897982196,0.32783845067,0.0,0.0,0.0
2014-04-05 15:49:00,0.306071259689,0,0.0220156529433,0.000484689342557,0.505503690939,0.505503690939,0.328086912632,0.0,0.0,0.0
2014-04-05 15:54:00,0.33573881042,0,0.00758323323685,5.75053891225e-05,0.501895799224,0.501895799224,0.328155577183,0.0,0.0,0.0
2014-04-05 15:59:00,0.317749131355,0,0.0105217212103,0.000110706379928,0.502630406036,0.502630406036,0.328270852566,0.0,0.0,0.0
2014-04-05 16:04:00,0.353276177553,0,0.0249757312811,0.000623786414508,0.506243608267,0.506243608267,0.328300446272,0.0,0.0,0.0
2014-04-05 16:09:00,0.29585312198,0,0.0326501290954,0.00106603186578,0.508161807225,0.508161807225,0.328503251076,0.0,0.0,0.0
2014-04-05 16:14:00,0.346717654557,0,0.0182621468018,0.000333506031893,0.504565409819,0.504565409819,0.328455507755,0.0,0.0,0.0
2014-04-05 16:19:00,0.330660581015,0,0.00211918296683,4.49093886346e-06,0.500529795543,0.500529795543,0.328541398048,0.0,0.0,0.0
2014-04-05 16:24:00,0.303336828471,0,0.0252968375675,0.000639929960016,0.506323872159,0.506323872159,0.328633666039,0.0,0.0,0.0
2014-04-05 16:29:00,0.335903287485,0,0.00736522729706,5.42465641047e-05,0.501841298501,0.501841298501,0.328538060188,0.0,0.0,0.0
2014-04-05 16:34:00,0.301363103682,0,0.0271409818585,0.000736632500775,0.506784828976,0.506784828976,0.328504085541,0.0,0.0,0.0
2014-04-05 16:39:00,0.313945599211,0,0.014336041796,0.00020552231581,0.503583949067,0.503583949067,0.328281641006,0.0,0.0,0.0
2014-04-05 16:44:00,0.319270544213,0,0.00870955689506,7.58562600822e-05,0.50217737546,0.50217737546,0.327980101109,0.0,0.0,0.0
2014-04-05 16:49:00,0.342749645346,0,0.0151025255858,0.00022808657377,0.503775559634,0.503775559634,0.327647119761,0.0,0.0,0.0
2014-04-05 16:54:00,0.322272250663,0,0.00518177985072,2.68509411399e-05,0.501295442064,0.501295442064,0.327454030514,0.0,0.0,0.0
2014-04-05 16:59:00,0.326507535106,0,0.000736091012133,5.41824874745e-07,0.500184022745,0.500184022745,0.327243626118,0.0,0.0,0.0
2014-04-05 17:04:00,0.298505314665,0,0.0285436426827,0.000814740022179,0.507135426218,0.507135426218,0.327048957348,0.0,0.0,0.0
2014-04-05 17:09:00,0.333024938835,0,0.00635310007472,4.03620069847e-05,0.501588269677,0.501588269677,0.32667183876,0.0,0.0,0.0
2014-04-05 17:14:00,0.333744525998,0,0.00736725339176,5.42764209968e-05,0.501841805017,0.501841805017,0.326377272606,0.0,0.0,0.0
2014-04-05 17:19:00,0.343613149941,0,0.0174489639406,0.000304466258967,0.504362130309,0.504362130309,0.326164186001,0.0,0.0,0.0
2014-04-05 17:24:00,0.31867431485,0,0.00742153442537,5.50790100533e-05,0.50185537509,0.50185537509,0.326095849276,0.0,0.0,0.0
2014-04-05 17:29:00,0.347252205021,0,0.0212704390352,0.000452432199381,0.50531740928,0.50531740928,0.325981765985,0.0,0.0,0.0
2014-04-05 17:34:00,0.287834865026,0,0.0381948528962,0.00145884766243,0.509547552551,0.509547552551,0.326029717922,0.0,0.0,0.0
2014-04-05 17:39:00,0.326260819507,0,0.00045840389762,2.10120958855e-07,0.500114600972,0.500114600972,0.325802415609,0.0,0.0,0.0
2014-04-05 17:44:00,0.321922736898,0,0.00367827461629,1.35296131702e-05,0.500919567617,0.500919567617,0.325601011515,0.0,0.0,0.0
2014-04-05 17:49:00,0.317337938691,0,0.00805564865967,6.48936111247e-05,0.502013901274,0.502013901274,0.325393587351,0.0,0.0,0.0
2014-04-05 17:54:00,0.334936984724,0,0.0097872101728,9.57893207669e-05,0.502446783012,0.502446783012,0.325149774551,0.0,0.0,0.0
2014-04-05 17:59:00,0.338576039803,0,0.0135764391546,0.000184319942491,0.503394057656,0.503394057656,0.324999600649,0.0,0.0,0.0
2014-04-05 18:04:00,0.314685746006,0,0.0102749626119,0.000105575141788,0.502568718054,0.502568718054,0.324960708618,0.0,0.0,0.0
2014-04-05 18:09:00,0.335800489319,0,0.0109476949105,0.000119852229545,0.502736896392,0.502736896392,0.324852794409,0.0,0.0,0.0
2014-04-05 18:14:00,0.333395012233,0,0.0085616787407,7.33022097847e-05,0.50214040661,0.50214040661,0.324833333492,0.0,0.0,0.0
2014-04-05 18:19:00,0.342420691215,0,0.0175440847505,0.000307795125991,0.504385908692,0.504385908692,0.324876606464,0.0,0.0,0.0
2014-04-05 18:24:00,0.322395608462,0,0.0026445531473,6.99358588463e-06,0.500661137902,0.500661137902,0.32504016161,0.0,0.0,0.0
2014-04-05 18:29:00,0.348691379346,0,0.023522710122,0.000553317659069,0.505880406388,0.505880406388,0.325168669224,0.0,0.0,0.0
2014-04-05 18:34:00,0.311786837723,0,0.0136648343544,0.00018672789156,0.503416155431,0.503416155431,0.325451672077,0.0,0.0,0.0
2014-04-05 18:39:00,0.328666296593,0,0.00305705963763,9.34563195187e-06,0.500764264314,0.500764264314,0.325609236956,0.0,0.0,0.0
2014-04-05 18:44:00,0.303357388104,0,0.0224154934037,0.00050245411694,0.505603638722,0.505603638722,0.325772881508,0.0,0.0,0.0
2014-04-05 18:49:00,0.315405333169,0,0.0103552399799,0.000107230873255,0.502588786862,0.502588786862,0.325760573149,0.0,0.0,0.0
2014-04-05 18:54:00,0.345319599498,0,0.0196439033638,0.000385882914998,0.504910817925,0.504910817925,0.325675696135,0.0,0.0,0.0
2014-04-05 18:59:00,0.353050021588,0,0.0273107570994,0.00074587756535,0.506827264922,0.506827264922,0.325739264488,0.0,0.0,0.0
2014-04-05 19:04:00,0.324081498386,0,0.00190977454026,3.64719335266e-06,0.50047744349,0.50047744349,0.325991272926,0.0,0.0,0.0
2014-04-05 19:09:00,0.30518719546,0,0.0210174024895,0.000441731215687,0.505254157213,0.505254157213,0.32620459795,0.0,0.0,0.0
2014-04-05 19:14:00,0.331811920475,0,0.00556530125079,3.09727365675e-05,0.501391321722,0.501391321722,0.326246619225,0.0,0.0,0.0
2014-04-05 19:19:00,0.304776002796,0,0.0215482216759,0.00046432542149,0.505386846983,0.505386846983,0.326324224472,0.0,0.0,0.0
2014-04-05 19:24:00,0.316906186394,0,0.00933393592463,8.71224037837e-05,0.50233346704,0.50233346704,0.326240122318,0.0,0.0,0.0
2014-04-05 19:29:00,0.365591397849,0,0.0394937306322,0.00155975541566,0.509872149514,0.509872149514,0.326097667217,0.0,0.0,0.0
2014-04-05 19:34:00,0.315405333169,0,0.0108463822528,0.000117643881822,0.50271156898,0.50271156898,0.326251715422,0.0,0.0,0.0
2014-04-05 19:39:00,0.32288903966,0,0.00342385993001,1.17228828458e-05,0.500855964146,0.500855964146,0.32631289959,0.0,0.0,0.0
2014-04-05 19:44:00,0.325541232344,0,0.000802274230216,6.4365082153e-07,0.500200568547,0.500200568547,0.326343506575,0.0,0.0,0.0
2014-04-05 19:49:00,0.321429305701,0,0.00493598637111,2.4363896955e-05,0.501233994087,0.501233994087,0.326365292072,0.0,0.0,0.0
2014-04-05 19:54:00,0.343140278377,0,0.016790692129,0.000281927204924,0.504197574415,0.504197574415,0.326349586248,0.0,0.0,0.0
2014-04-05 19:59:00,0.305742305557,0,0.0207134663658,0.000429048173828,0.505178181452,0.505178181452,0.326455771923,0.0,0.0,0.0
2014-04-05 20:04:00,0.337609737042,0,0.0112068344391,0.000125593156554,0.502801679287,0.502801679287,0.326402902603,0.0,0.0,0.0
2014-04-05 20:09:00,0.316844507494,0,0.00959108825682,9.19892481761e-05,0.502397753684,0.502397753684,0.326435595751,0.0,0.0,0.0
2014-04-05 20:14:00,0.316844507494,0,0.00955177899359,9.12367540877e-05,0.502387926593,0.502387926593,0.326396286488,0.0,0.0,0.0
2014-04-05 20:19:00,0.318509837784,0,0.00778246840027,6.05666718911e-05,0.50194560728,0.50194560728,0.326292306185,0.0,0.0,0.0
2014-04-05 20:24:00,0.316844507494,0,0.00929834004401,8.6459396698e-05,0.502324568263,0.502324568263,0.326142847538,0.0,0.0,0.0
2014-04-05 20:29:00,0.327946709431,0,0.00200520638276,4.02090518037e-06,0.500501301428,0.500501301428,0.325941503048,0.0,0.0,0.0
2014-04-05 20:34:00,0.337609737042,0,0.0118351269997,0.000140070260386,0.502958747214,0.502958747214,0.325774610043,0.0,0.0,0.0
2014-04-05 20:39:00,0.309134645038,0,0.0165747575233,0.000274723017355,0.50414359452,0.50414359452,0.325709402561,0.0,0.0,0.0
2014-04-05 20:44:00,0.319743415777,0,0.00578812652372,3.35023069056e-05,0.501447027591,0.501447027591,0.325531542301,0.0,0.0,0.0
2014-04-05 20:49:00,0.318057525854,0,0.00727231432952,5.28863929503e-05,0.50181807057,0.50181807057,0.325329840183,0.0,0.0,0.0
2014-04-05 20:54:00,0.33446411316,0,0.00936822120771,8.77633792697e-05,0.502342038173,0.502342038173,0.325095891953,0.0,0.0,0.0
2014-04-05 20:59:00,0.318777113016,0,0.00617554897482,3.81373902201e-05,0.501543882337,0.501543882337,0.324952661991,0.0,0.0,0.0
2014-04-05 21:04:00,0.348218507782,0,0.0234392357024,0.000549397431314,0.50585954066,0.50585954066,0.324779272079,0.0,0.0,0.0
2014-04-05 21:09:00,0.301404222949,0,0.0233876853155,0.000546983152162,0.505846654829,0.505846654829,0.324791908264,0.0,0.0,0.0
2014-04-05 21:14:00,0.320483562573,0,0.00415134705658,1.7233658582e-05,0.501037835274,0.501037835274,0.32463490963,0.0,0.0,0.0
2014-04-05 21:19:00,0.338493801271,0,0.0140301953898,0.000196846187464,0.503507491311,0.503507491311,0.324463605881,0.0,0.0,0.0
2014-04-05 21:24:00,0.295380250416,0,0.0290302477259,0.000842754438054,0.507257052279,0.507257052279,0.324410498142,0.0,0.0,0.0
2014-04-05 21:29:00,0.319270544213,0,0.00488299830512,2.384360414e-05,0.501220747151,0.501220747151,0.324153542519,0.0,0.0,0.0
2014-04-05 21:34:00,0.319023828615,0,0.00486319173461,2.36507385125e-05,0.501215795537,0.501215795537,0.32388702035,0.0,0.0,0.0
2014-04-05 21:39:00,0.342420691215,0,0.018808656894,0.000353765790351,0.504702025606,0.504702025606,0.323612034321,0.0,0.0,0.0
2014-04-05 21:44:00,0.316597791895,0,0.00690224529791,4.7641024139e-05,0.501725554474,0.501725554474,0.323500037193,0.0,0.0,0.0
2014-04-05 21:49:00,0.302514443142,0,0.0208349731136,0.000434096495155,0.505208554862,0.505208554862,0.323349416256,0.0,0.0,0.0
2014-04-05 21:54:00,0.336869590247,0,0.0138059782623,0.00019060523482,0.503451439744,0.503451439744,0.323063611984,0.0,0.0,0.0
2014-04-05 21:59:00,0.317564094657,0,0.00534174383298,2.85341702693e-05,0.501335432783,0.501335432783,0.32290583849,0.0,0.0,0.0
2014-04-05 22:04:00,0.319743415777,0,0.0029818206384,8.89120110514e-06,0.500745454607,0.500745454607,0.322725236416,0.0,0.0,0.0
2014-04-05 22:09:00,0.359670223483,0,0.0371291058151,0.00137857033405,0.509281210245,0.509281210245,0.322541117668,0.0,0.0,0.0
2014-04-05 22:14:00,0.319023828615,0,0.00361957062369,1.3101370314e-05,0.500904891668,0.500904891668,0.322643399239,0.0,0.0,0.0
2014-04-05 22:19:00,0.296819424741,0,0.0258899568389,0.000670290202834,0.506472127697,0.506472127697,0.32270938158,0.0,0.0,0.0
2014-04-05 22:24:00,0.356832994099,0,0.0342512260635,0.00117314560339,0.508561969495,0.508561969495,0.322581768036,0.0,0.0,0.0
2014-04-05 22:29:00,0.305865663357,0,0.016848635607,0.000283876113826,0.50421205926,0.50421205926,0.322714298964,0.0,0.0,0.0
2014-04-05 22:34:00,0.317337938691,0,0.00537394628426,2.88793889922e-05,0.501343483338,0.501343483338,0.322711884975,0.0,0.0,0.0
2014-04-05 22:39:00,0.317810810255,0,0.00486006672468,2.36203122768e-05,0.50121501429,0.50121501429,0.32267087698,0.0,0.0,0.0
2014-04-05 22:44:00,0.340015214129,0,0.0174164587689,0.000303332635667,0.504354004633,0.504354004633,0.32259875536,0.0,0.0,0.0
2014-04-05 22:49:00,0.308887929439,0,0.0137719504835,0.000189666636288,0.503442933204,0.503442933204,0.322659879923,0.0,0.0,0.0
2014-04-05 22:54:00,0.354735911511,0,0.0321207052697,0.00103173963726,0.508029485968,0.508029485968,0.322615206242,0.0,0.0,0.0
2014-04-05 22:59:00,0.329632599354,0,0.00682501912181,4.65810335299e-05,0.501706248157,0.501706248157,0.322807580233,0.0,0.0,0.0
2014-04-05 23:04:00,0.30761323218,0,0.0154170012032,0.000237684187596,0.503854173962,0.503854173962,0.323030233383,0.0,0.0,0.0
2014-04-05 23:09:00,0.334710828759,0,0.0115918738619,0.000134371715831,0.502897936016,0.502897936016,0.323118954897,0.0,0.0,0.0
2014-04-05 23:14:00,0.338863874668,0,0.0155809771961,0.000242766996962,0.503895165498,0.503895165498,0.323282897472,0.0,0.0,0.0
2014-04-05 23:19:00,0.295133534818,0,0.0284100733709,0.00080713245552,0.507102040659,0.507102040659,0.323543608189,0.0,0.0,0.0
2014-04-05 23:24:00,0.332531507638,0,0.00895940842907,8.02710710559e-05,0.502239837124,0.502239837124,0.323572099209,0.0,0.0,0.0
2014-04-05 23:29:00,0.344723370135,0,0.0210605526569,0.000443547032773,0.505264943562,0.505264943562,0.323662817478,0.0,0.0,0.0
2014-04-05 23:34:00,0.322930158926,0,0.000967351841018,9.35772959565e-07,0.500241837941,0.500241837941,0.323897510767,0.0,0.0,0.0
2014-04-05 23:39:00,0.338082608606,0,0.0139808029193,0.000195462926058,0.503495143799,0.503495143799,0.324101805687,0.0,0.0,0.0
2014-04-05 23:44:00,0.329879314953,0,0.00549182420366,3.01601194224e-05,0.5013729526,0.5013729526,0.324387490749,0.0,0.0,0.0
2014-04-05 23:49:00,0.325541232344,0,0.000856463429239,7.33522256269e-07,0.500214115844,0.500214115844,0.324684768915,0.0,0.0,0.0
2014-04-05 23:54:00,0.310100947799,0,0.0148577938658,0.000220754183829,0.503714380136,0.503714380136,0.324958741665,0.0,0.0,0.0
2014-04-05 23:59:00,0.319023828615,0,0.00607325543051,3.68845649064e-05,0.501518309191,0.501518309191,0.325097084045,0.0,0.0,0.0
2014-04-06 00:04:00,0.318530397418,0,0.00664697408421,4.41820884589e-05,0.501661737403,0.501661737403,0.325177371502,0.0,0.0,0.0
2014-04-06 00:09:00,0.331565204877,0,0.00636405112156,4.05011014664e-05,0.501591007411,0.501591007411,0.325201153755,0.0,0.0,0.0
2014-04-06 00:14:00,0.337363021444,0,0.0120939779981,0.000146264617797,0.503023457648,0.503023457648,0.325269043446,0.0,0.0,0.0
2014-04-06 00:19:00,0.308168342277,0,0.0172501896179,0.000297568709357,0.504312440468,0.504312440468,0.325418531895,0.0,0.0,0.0
2014-04-06 00:24:00,0.307202039516,0,0.0182249860409,0.000332150055328,0.504556120401,0.504556120401,0.325427025557,0.0,0.0,0.0
2014-04-06 00:29:00,0.317810810255,0,0.00749056871023,5.61087181268e-05,0.501872633422,0.501872633422,0.325301378965,0.0,0.0,0.0
2014-04-06 00:34:00,0.343633709575,0,0.0185002368936,0.00034225883428,0.504624927314,0.504624927314,0.325133472681,0.0,0.0,0.0
2014-04-06 00:39:00,0.319990131376,0,0.00512757587645,2.62920657406e-05,0.50128189116,0.50128189116,0.325117707253,0.0,0.0,0.0
2014-04-06 00:44:00,0.337609737042,0,0.0125437666215,0.00015734610497,0.503135900537,0.503135900537,0.325065970421,0.0,0.0,0.0
2014-04-06 00:49:00,0.29706614034,0,0.0280450998085,0.000786526943557,0.507010815441,0.507010815441,0.325111240149,0.0,0.0,0.0
2014-04-06 00:54:00,0.34846522338,0,0.0235186708654,0.000553128367756,0.505879396714,0.505879396714,0.324946552515,0.0,0.0,0.0
2014-04-06 00:59:00,0.302452764243,0,0.0225178983512,0.000507055374328,0.505629236728,0.505629236728,0.324970662594,0.0,0.0,0.0
2014-04-06 01:04:00,0.330722259915,0,0.00589494649173,3.475054109e-05,0.501473732355,0.501473732355,0.324827313423,0.0,0.0,0.0
2014-04-06 01:09:00,0.382655893419,0,0.0579144106842,0.00335407839157,0.514474557163,0.514474557163,0.324741482735,0.0,0.0,0.0
2014-04-06 01:14:00,0.306132938588,0,0.0189554729812,0.000359309808118,0.504738726357,0.504738726357,0.32508841157,0.0,0.0,0.0
2014-04-06 01:19:00,0.329406443389,0,0.00414455250084,1.71772899193e-05,0.501036136642,0.501036136642,0.325261890888,0.0,0.0,0.0
2014-04-06 01:24:00,0.324348773618,0,0.00109973941313,1.20941820114e-06,0.500274934826,0.500274934826,0.325448513031,0.0,0.0,0.0
2014-04-06 01:29:00,0.30876457164,0,0.0168438904552,0.000283716479316,0.504210873056,0.504210873056,0.325608462095,0.0,0.0,0.0
2014-04-06 01:34:00,0.325294516746,0,0.000334359940275,1.11791429447e-07,0.500083589984,0.500083589984,0.325628876686,0.0,0.0,0.0
2014-04-06 01:39:00,0.352083718826,0,0.0264389277002,0.000699016556609,0.506609346926,0.506609346926,0.325644791126,0.0,0.0,0.0
2014-04-06 01:44:00,0.306708608318,0,0.0191447990645,0.000366523483535,0.504786053584,0.504786053584,0.325853407383,0.0,0.0,0.0
2014-04-06 01:49:00,0.3216760213,0,0.00422447375256,1.78462250915e-05,0.501056116868,0.501056116868,0.325900495052,0.0,0.0,0.0
2014-04-06 01:54:00,0.340261929727,0,0.0143501097923,0.000205925840419,0.503587465886,0.503587465886,0.325911819935,0.0,0.0,0.0
2014-04-06 01:59:00,0.322148892864,0,0.00387867929125,1.50441810547e-05,0.500969668607,0.500969668607,0.326027572155,0.0,0.0,0.0
2014-04-06 02:04:00,0.353584572051,0,0.0274813019974,0.000755221175496,0.506869893147,0.506869893147,0.326103270054,0.0,0.0,0.0
2014-04-06 02:09:00,0.349637122474,0,0.0232633665419,0.000541184155736,0.505815579363,0.505815579363,0.326373755932,0.0,0.0,0.0
2014-04-06 02:14:00,0.299224901828,0,0.027563821641,0.000759763643146,0.506890519152,0.506890519152,0.326788723469,0.0,0.0,0.0
2014-04-06 02:19:00,0.318304241452,0,0.00865489169586,7.49071623432e-05,0.502163709418,0.502163709418,0.326959133148,0.0,0.0,0.0
2014-04-06 02:24:00,0.318653755217,0,0.00839496371228,7.04752965248e-05,0.502098728602,0.502098728602,0.327048718929,0.0,0.0,0.0
2014-04-06 02:29:00,0.317255700158,0,0.00981173462944,9.62700287346e-05,0.502452913979,0.502452913979,0.327067434788,0.0,0.0,0.0
2014-04-06 02:34:00,0.315405333169,0,0.01160655009,0.000134711866849,0.502901604949,0.502901604949,0.327011883259,0.0,0.0,0.0
2014-04-06 02:39:00,0.347766195851,0,0.0208900323684,0.00043639325304,0.505222318178,0.505222318178,0.326876163483,0.0,0.0,0.0
2014-04-06 02:44:00,0.282818314521,0,0.0440899758649,0.00194392574485,0.511020708737,0.511020708737,0.326908290386,0.0,0.0,0.0
2014-04-06 02:49:00,0.340015214129,0,0.0134035760594,0.000179655544343,0.503350843848,0.503350843848,0.326611638069,0.0,0.0,0.0
2014-04-06 02:54:00,0.328748535126,0,0.0023049225506,5.31261775905e-06,0.500576230383,0.500576230383,0.326443612576,0.0,0.0,0.0
2014-04-06 02:59:00,0.332284792039,0,0.00597549853078,3.57064200216e-05,0.501493870188,0.501493870188,0.326309293509,0.0,0.0,0.0
2014-04-06 03:04:00,0.331565204877,0,0.00533265234836,2.84371435555e-05,0.501333159928,0.501333159928,0.326232552528,0.0,0.0,0.0
2014-04-06 03:09:00,0.366269865746,0,0.0400669963303,0.00160536344629,0.510015409253,0.510015409253,0.326202869415,0.0,0.0,0.0
2014-04-06 03:14:00,0.312259709287,0,0.0142126327275,0.000201999078854,0.503553098372,0.503553098372,0.326472342014,0.0,0.0,0.0
2014-04-06 03:19:00,0.350623984868,0,0.024014105136,0.00057667773217,0.506003237793,0.506003237793,0.326609879732,0.0,0.0,0.0
2014-04-06 03:24:00,0.306585250519,0,0.0203261393086,0.000413151865359,0.505081359881,0.505081359881,0.326911389828,0.0,0.0,0.0
2014-04-06 03:29:00,0.319990131376,0,0.00704225588057,4.95934109495e-05,0.501760556694,0.501760556694,0.327032387257,0.0,0.0,0.0
2014-04-06 03:34:00,0.341104874689,0,0.0140156842059,0.000196439141291,0.503503863694,0.503503863694,0.327089190483,0.0,0.0,0.0
2014-04-06 03:39:00,0.352926663788,0,0.0256824416242,0.000659588200506,0.506420257516,0.506420257516,0.327244222164,0.0,0.0,0.0
2014-04-06 03:44:00,0.317091223093,0,0.0104829703851,0.000109892593173,0.502620718596,0.502620718596,0.327574193478,0.0,0.0,0.0
2014-04-06 03:49:00,0.299409938527,0,0.0283836596484,0.000805632851552,0.507095438559,0.507095438559,0.327793598175,0.0,0.0,0.0
2014-04-06 03:54:00,0.350870700467,0,0.0230903047205,0.000533162092324,0.505772319717,0.505772319717,0.327780395746,0.0,0.0,0.0
2014-04-06 03:59:00,0.358806718888,0,0.0308667913102,0.0009527594666,0.507716085207,0.507716085207,0.327939927578,0.0,0.0,0.0
2014-04-06 04:04:00,0.322354489196,0,0.00595829523745,3.55012052751e-05,0.501489569403,0.501489569403,0.328312784433,0.0,0.0,0.0
2014-04-06 04:09:00,0.335183700323,0,0.00657938957182,4.32884917245e-05,0.501644841459,0.501644841459,0.328604310751,0.0,0.0,0.0
2014-04-06 04:14:00,0.338802195769,0,0.00988642094659,9.77411764325e-05,0.502471585105,0.502471585105,0.328915774822,0.0,0.0,0.0
2014-04-06 04:19:00,0.294989617385,0,0.034280209027,0.00117513281293,0.50856921311,0.50856921311,0.329269826412,0.0,0.0,0.0
2014-04-06 04:24:00,0.316865067127,0,0.0124682084294,0.00015545648057,0.503117011728,0.503117011728,0.329333275557,0.0,0.0,0.0
2014-04-06 04:29:00,0.336396718683,0,0.00709914630819,5.03979536006e-05,0.501774779123,0.501774779123,0.329297572374,0.0,0.0,0.0
2014-04-06 04:34:00,0.308641213841,0,0.0206770711477,0.000427540799137,0.505169083622,0.505169083622,0.329318284988,0.0,0.0,0.0
2014-04-06 04:39:00,0.304056415634,0,0.0251264476019,0.000631338858511,0.506281281436,0.506281281436,0.329182863235,0.0,0.0,0.0
2014-04-06 04:44:00,0.338082608606,0,0.00920894446556,8.48047129693e-05,0.502302219846,0.502302219846,0.328873664141,0.0,0.0,0.0
2014-04-06 04:49:00,0.29642879171,0,0.0322352130923,0.0010391084943,0.508058105514,0.508058105514,0.328664004803,0.0,0.0,0.0
2014-04-06 04:54:00,0.334217397562,0,0.00598239718969,3.5789096728e-05,0.501495594837,0.501495594837,0.328235000372,0.0,0.0,0.0
2014-04-06 04:59:00,0.345319599498,0,0.0174261933456,0.000303672190057,0.504356438093,0.504356438093,0.327893406153,0.0,0.0,0.0
2014-04-06 05:04:00,0.32046300294,0,0.00725281117359,5.26032890775e-05,0.501813194845,0.501813194845,0.327715814114,0.0,0.0,0.0
2014-04-06 05:09:00,0.37959250807,0,0.0520907342354,0.00271344464272,0.513019739663,0.513019739663,0.327501773834,0.0,0.0,0.0
2014-04-06 05:14:00,0.302247167911,0,0.0254503475771,0.000647720240522,0.506362243485,0.506362243485,0.327697515488,0.0,0.0,0.0
2014-04-06 05:19:00,0.336622874648,0,0.00893888941461,7.99035551609e-05,0.502234707474,0.502234707474,0.327683985233,0.0,0.0,0.0
2014-04-06 05:24:00,0.299636094492,0,0.0281023693866,0.000789743091445,0.507025130015,0.507025130015,0.327738463879,0.0,0.0,0.0
2014-04-06 05:29:00,0.319496700179,0,0.00808121858906,6.5306237957e-05,0.502020293652,0.502020293652,0.327577918768,0.0,0.0,0.0
2014-04-06 05:34:00,0.320360204774,0,0.00701285282989,4.91799837619e-05,0.501753206022,0.501753206022,0.327373057604,0.0,0.0,0.0
2014-04-06 05:39:00,0.344826168301,0,0.0176898901487,0.000312931981171,0.504422357213,0.504422357213,0.327136278152,0.0,0.0,0.0
2014-04-06 05:44:00,0.314685746006,0,0.0123694698293,0.000153004133608,0.503092328029,0.503092328029,0.327055215836,0.0,0.0,0.0
2014-04-06 05:49:00,0.303234030305,0,0.0236557826414,0.000559595529921,0.505913669891,0.505913669891,0.326889812946,0.0,0.0,0.0
2014-04-06 05:54:00,0.34846522338,0,0.0219009412015,0.000479651702335,0.505475016461,0.505475016461,0.326564282179,0.0,0.0,0.0
2014-04-06 05:59:00,0.329879314953,0,0.00344446426027,1.18643256428e-05,0.500861115214,0.500861115214,0.326434850693,0.0,0.0,0.0
2014-04-06 06:04:00,0.319270544213,0,0.00707346900062,5.00338646816e-05,0.501768359877,0.501768359877,0.326344013214,0.0,0.0,0.0
2014-04-06 06:09:00,0.368695902465,0,0.0424865659459,0.00180510932114,0.510620044007,0.510620044007,0.326209336519,0.0,0.0,0.0
2014-04-06 06:14:00,0.345566315097,0,0.0191606706801,0.000367130822269,0.504790021124,0.504790021124,0.326405644417,0.0,0.0,0.0
2014-04-06 06:19:00,0.323361911224,0,0.0033637505311,1.13148698802e-05,0.50084093684,0.50084093684,0.326725661755,0.0,0.0,0.0
2014-04-06 06:24:00,0.30358354407,0,0.0234050933778,0.00054779893253,0.505851006249,0.505851006249,0.326988637447,0.0,0.0,0.0
2014-04-06 06:29:00,0.330598902116,0,0.00354866326785,1.25929309434e-05,0.500887164886,0.500887164886,0.327050238848,0.0,0.0,0.0
2014-04-06 06:34:00,0.32698040667,0,0.000151877971721,2.30652972277e-08,0.500037969493,0.500037969493,0.327132284641,0.0,0.0,0.0
2014-04-06 06:39:00,0.322642324061,0,0.0045627378516,2.08185556403e-05,0.501140682484,0.501140682484,0.327205061913,0.0,0.0,0.0
2014-04-06 06:44:00,0.343654269208,0,0.0164178850545,0.000269547133939,0.50410437907,0.50410437907,0.327236384153,0.0,0.0,0.0
2014-04-06 06:49:00,0.316597791895,0,0.0107898986487,0.000116421964776,0.502697448492,0.502697448492,0.327387690544,0.0,0.0,0.0
2014-04-06 06:54:00,0.376220728222,0,0.0487777245677,0.00237926677801,0.5121920139,0.5121920139,0.327443003654,0.0,0.0,0.0
2014-04-06 06:59:00,0.305125516561,0,0.0227331698864,0.000516797532327,0.505683047725,0.505683047725,0.327858686447,0.0,0.0,0.0
2014-04-06 07:04:00,0.302699479841,0,0.0253627862701,0.000643271079753,0.506340356691,0.506340356691,0.328062266111,0.0,0.0,0.0
2014-04-06 07:09:00,0.333723966364,0,0.00566882300812,3.21355073538e-05,0.501417201957,0.501417201957,0.328055143356,0.0,0.0,0.0
2014-04-06 07:14:00,0.361500030839,0,0.0334087372661,0.00111614330672,0.50835140755,0.50835140755,0.328091293573,0.0,0.0,0.0
2014-04-06 07:19:00,0.312012993688,0,0.0163618391804,0.000267709576292,0.504090368543,0.504090368543,0.328374832869,0.0,0.0,0.0
2014-04-06 07:24:00,0.319496700179,0,0.00901042519879,8.11879217508e-05,0.502252591059,0.502252591059,0.328507125378,0.0,0.0,0.0
2014-04-06 07:29:00,0.319866773577,0,0.00869173100469,7.55461369408e-05,0.502172919072,0.502172919072,0.328558504581,0.0,0.0,0.0
2014-04-06 07:34:00,0.339912415962,0,0.0113730742743,0.000129346779431,0.502843237922,0.502843237922,0.328539341688,0.0,0.0,0.0
2014-04-06 07:39:00,0.312876498283,0,0.0157312099324,0.000247471150942,0.503932721381,0.503932721381,0.328607708216,0.0,0.0,0.0
2014-04-06 07:44:00,0.351837003228,0,0.0232861876456,0.000542246794794,0.505821283866,0.505821283866,0.328550815582,0.0,0.0,0.0
2014-04-06 07:49:00,0.326959847036,0,0.00171515482334,2.94175129056e-06,0.500428788601,0.500428788601,0.32867500186,0.0,0.0,0.0
2014-04-06 07:54:00,0.34628590226,0,0.0175120162942,0.000306670961436,0.504377892193,0.504377892193,0.328773885965,0.0,0.0,0.0
2014-04-06 07:59:00,0.338329324205,0,0.00933433480971,8.71296360856e-05,0.502333566759,0.502333566759,0.328994989395,0.0,0.0,0.0
2014-04-06 08:04:00,0.324081498386,0,0.00518305301507,2.68639141723e-05,0.501295760353,0.501295760353,0.329264551401,0.0,0.0,0.0
2014-04-06 08:09:00,0.336150003084,0,0.00668181241393,4.46464509878e-05,0.501670446889,0.501670446889,0.32946819067,0.0,0.0,0.0
2014-04-06 08:14:00,0.33567713152,0,0.00597511182851,3.57017888746e-05,0.501493773513,0.501493773513,0.329702019691,0.0,0.0,0.0
2014-04-06 08:19:00,0.30767491108,0,0.0222828721426,0.000496526248753,0.505570487546,0.505570487546,0.329957783222,0.0,0.0,0.0
2014-04-06 08:24:00,0.339295626966,0,0.00927612313415,8.60464351717e-05,0.502319014155,0.502319014155,0.330019503832,0.0,0.0,0.0
2014-04-06 08:29:00,0.302843397274,0,0.0273018723585,0.000745392520912,0.50682504415,0.50682504415,0.330145269632,0.0,0.0,0.0
2014-04-06 08:34:00,0.348218507782,0,0.0181667280348,0.000330029753968,0.504541557105,0.504541557105,0.330051779747,0.0,0.0,0.0
2014-04-06 08:39:00,0.291843993503,0,0.0382611920056,0.00146391976159,0.509564131271,0.509564131271,0.330105185509,0.0,0.0,0.0
2014-04-06 08:44:00,0.337034067312,0,0.00717048923111,5.14160456078e-05,0.501792614627,0.501792614627,0.329863578081,0.0,0.0,0.0
2014-04-06 08:49:00,0.348691379346,0,0.0189910285844,0.000360658974387,0.504747614458,0.504747614458,0.329700350761,0.0,0.0,0.0
2014-04-06 08:54:00,0.343633709575,0,0.0139363986501,0.000194223262952,0.503484043273,0.503484043273,0.329697310925,0.0,0.0,0.0
2014-04-06 08:59:00,0.317440736857,0,0.0123593920795,0.000152754291776,0.503089808688,0.503089808688,0.329800128937,0.0,0.0,0.0
2014-04-06 09:04:00,0.344312177471,0,0.0145131810222,0.00021063281747,0.503628231571,0.503628231571,0.329798996449,0.0,0.0,0.0
2014-04-06 09:09:00,0.346964370156,0,0.0170562674049,0.000290915893856,0.50426396348,0.50426396348,0.329908102751,0.0,0.0,0.0
2014-04-06 09:14:00,0.324677727749,0,0.00545806474448,2.97903861792e-05,0.501364512799,0.501364512799,0.330135792494,0.0,0.0,0.0
2014-04-06 09:19:00,0.34622422336,0,0.0159248459184,0.000253600563155,0.503981127345,0.503981127345,0.330299377441,0.0,0.0,0.0
2014-04-06 09:24:00,0.310327103764,0,0.0202406137877,0.000409682077589,0.505059980699,0.505059980699,0.330567717552,0.0,0.0,0.0
2014-04-06 09:29:00,0.309607516602,0,0.0210478793827,0.000443013675977,0.505261775594,0.505261775594,0.330655395985,0.0,0.0,0.0
2014-04-06 09:34:00,0.323608626822,0,0.00696558763637,4.85192722408e-05,0.501741389868,0.501741389868,0.330574214458,0.0,0.0,0.0
2014-04-06 09:39:00,0.327597195666,0,0.00285101457338,8.12825419416e-06,0.500712753161,0.500712753161,0.330448210239,0.0,0.0,0.0
2014-04-06 09:44:00,0.340035773762,0,0.00972274685674,9.45316642174e-05,0.502430667566,0.502430667566,0.330313026905,0.0,0.0,0.0
2014-04-06 09:49:00,0.355208783075,0,0.0249434398861,0.000622175284661,0.506235536675,0.506235536675,0.330265343189,0.0,0.0,0.0
2014-04-06 09:54:00,0.318777113016,0,0.0116352748316,0.000135379596031,0.502908785892,0.502908785892,0.330412387848,0.0,0.0,0.0
2014-04-06 09:59:00,0.324698287383,0,0.00575779066997,3.31520168402e-05,0.501439443691,0.501439443691,0.330456078053,0.0,0.0,0.0
2014-04-06 10:04:00,0.361972902403,0,0.0315213245016,0.000993593595922,0.507879678703,0.507879678703,0.330451577902,0.0,0.0,0.0
2014-04-06 10:09:00,0.348855856412,0,0.0181680355001,0.000330077396939,0.504541883945,0.504541883945,0.330687820911,0.0,0.0,0.0
2014-04-06 10:14:00,0.323115195625,0,0.00792399466745,6.27896224614e-05,0.501980988301,0.501980988301,0.331039190292,0.0,0.0,0.0
2014-04-06 10:19:00,0.338329324205,0,0.0070342809748,4.94809828524e-05,0.501758562992,0.501758562992,0.33129504323,0.0,0.0,0.0
2014-04-06 10:24:00,0.296058718312,0,0.0355204900616,0.00126170553267,0.508879188958,0.508879188958,0.331579208374,0.0,0.0,0.0
2014-04-06 10:29:00,0.318304241452,0,0.0132594101094,0.000175811976078,0.503314803962,0.503314803962,0.331563651562,0.0,0.0,0.0
2014-04-06 10:34:00,0.3158576451,0,0.0155906118698,0.000243067057454,0.50389757402,0.50389757402,0.331448256969,0.0,0.0,0.0
2014-04-06 10:39:00,0.330126030552,0,0.00109912623244,1.20810750559e-06,0.50027478153,0.50027478153,0.331225156784,0.0,0.0,0.0
2014-04-06 10:44:00,0.332963259935,0,0.00194734525687,3.79214611712e-06,0.50048683616,0.50048683616,0.331015914679,0.0,0.0,0.0
2014-04-06 10:49:00,0.361500030839,0,0.0306576550841,0.000939891440794,0.507663813517,0.507663813517,0.330842375755,0.0,0.0,0.0
2014-04-06 10:54:00,0.287649828327,0,0.0432708679315,0.00187236699276,0.510816029403,0.510816029403,0.330920696259,0.0,0.0,0.0
2014-04-06 10:59:00,0.345299039865,0,0.0146387264973,0.000214292173041,0.503659616272,0.503659616272,0.330660313368,0.0,0.0,0.0
2014-04-06 11:04:00,0.331092333313,0,0.000554477687621,3.07439421476e-07,0.500138619418,0.500138619418,0.330537855625,0.0,0.0,0.0
2014-04-06 11:09:00,0.349431526142,0,0.0189996773772,0.000360987294698,0.504749776461,0.504749776461,0.330431848764,0.0,0.0,0.0
2014-04-06 11:14:00,0.331688562676,0,0.00120673541698,1.45618719216e-06,0.500301683818,0.500301683818,0.330481827259,0.0,0.0,0.0
2014-04-06 11:19:00,0.325047801147,0,0.00548826633858,3.01211784972e-05,0.501372063141,0.501372063141,0.330536067486,0.0,0.0,0.0
2014-04-06 11:24:00,0.298196920167,0,0.0323459422484,0.00104626046959,0.508085780589,0.508085780589,0.330542862415,0.0,0.0,0.0
2014-04-06 11:29:00,0.319023828615,0,0.0112773965705,0.000127179911942,0.502819319263,0.502819319263,0.330301225185,0.0,0.0,0.0
2014-04-06 11:34:00,0.347971792183,0,0.0179745804885,0.00032308572554,0.50449352414,0.50449352414,0.329997211695,0.0,0.0,0.0
2014-04-06 11:39:00,0.309360801003,0,0.0205005121013,0.000420270953327,0.505124948538,0.505124948538,0.329861313105,0.0,0.0,0.0
2014-04-06 11:44:00,0.336396718683,0,0.00681486195494,4.64424156235e-05,0.501703708895,0.501703708895,0.329581856728,0.0,0.0,0.0
2014-04-06 11:49:00,0.350623984868,0,0.0212415354796,0.000451203261036,0.505310184207,0.505310184207,0.329382449389,0.0,0.0,0.0
2014-04-06 11:54:00,0.303336828471,0,0.026029021024,0.000677509931847,0.506506887887,0.506506887887,0.329365849495,0.0,0.0,0.0
2014-04-06 11:59:00,0.317810810255,0,0.0113404625186,0.000128606247017,0.502835085246,0.502835085246,0.329151272774,0.0,0.0,0.0
2014-04-06 12:04:00,0.32046300294,0,0.00840815780559,7.06971404725e-05,0.502102027067,0.502102027067,0.328871160746,0.0,0.0,0.0
2014-04-06 12:09:00,0.333929562697,0,0.00537511123099,2.88918836304e-05,0.501343774572,0.501343774572,0.328554451466,0.0,0.0,0.0
2014-04-06 12:14:00,0.316597791895,0,0.0117127573638,0.000137188733788,0.502928155865,0.502928155865,0.328310549259,0.0,0.0,0.0
2014-04-06 12:19:00,0.335964966385,0,0.00796391424381,6.34241077933e-05,0.501990968038,0.501990968038,0.328001052141,0.0,0.0,0.0
2014-04-06 12:24:00,0.337116305845,0,0.00933272125038,8.70995936566e-05,0.502333163378,0.502333163378,0.327783584595,0.0,0.0,0.0
2014-04-06 12:29:00,0.280412837435,0,0.0472465906847,0.00223224167712,0.511809450959,0.511809450959,0.32765942812,0.0,0.0,0.0
2014-04-06 12:34:00,0.319023828615,0,0.00816138495093,6.66083797114e-05,0.502040334912,0.502040334912,0.327185213566,0.0,0.0,0.0
2014-04-06 12:39:00,0.317214580892,0,0.00948109972641,8.98912985576e-05,0.502370257176,0.502370257176,0.326695680618,0.0,0.0,0.0
2014-04-06 12:44:00,0.348691379346,0,0.0225091927422,0.000506663520355,0.505627060602,0.505627060602,0.326182186604,0.0,0.0,0.0
2014-04-06 12:49:00,0.314192314809,0,0.0117004316394,0.000136899863719,0.50292507454,0.50292507454,0.325892746449,0.0,0.0,0.0
2014-04-06 12:54:00,0.355455498674,0,0.0299131083274,0.000894793425687,0.507477719505,0.507477719505,0.325542390347,0.0,0.0,0.0
2014-04-06 12:59:00,0.310100947799,0,0.0153557012659,0.000235797706409,0.503838849884,0.503838849884,0.325456649065,0.0,0.0,0.0
2014-04-06 13:04:00,0.304549846831,0,0.0207117460343,0.000428976578405,0.505177751415,0.505177751415,0.325261592865,0.0,0.0,0.0
2014-04-06 13:09:00,0.361931783137,0,0.0370048107478,0.00136935513001,0.509250147149,0.509250147149,0.324926972389,0.0,0.0,0.0
2014-04-06 13:14:00,0.292707498098,0,0.0322023677579,0.00103699218016,0.508049896311,0.508049896311,0.324909865856,0.0,0.0,0.0
2014-04-06 13:19:00,0.315878204733,0,0.00876916226775,7.68980680732e-05,0.502192276518,0.502192276518,0.324647367001,0.0,0.0,0.0
2014-04-06 13:24:00,0.316844507494,0,0.00749923344611,5.62387176615e-05,0.501874799575,0.501874799575,0.32434374094,0.0,0.0,0.0
2014-04-06 13:29:00,0.340488085693,0,0.0164752995426,0.000271435186733,0.504118731722,0.504118731722,0.32401278615,0.0,0.0,0.0
2014-04-06 13:34:00,0.34098151689,0,0.0171401238958,0.000293783727102,0.504284926071,0.504284926071,0.323841392994,0.0,0.0,0.0
2014-04-06 13:39:00,0.335903287485,0,0.0120846038611,0.000146037637023,0.503021114199,0.503021114199,0.323818683624,0.0,0.0,0.0
2014-04-06 13:44:00,0.3216760213,0,0.00221514157253,4.90687625643e-06,0.500553785167,0.500553785167,0.323891162872,0.0,0.0,0.0
2014-04-06 13:49:00,0.315508131335,0,0.008431251695,7.10860767867e-05,0.502107800438,0.502107800438,0.32393938303,0.0,0.0,0.0
2014-04-06 13:54:00,0.33567713152,0,0.0117592061622,0.000138278584927,0.502939767665,0.502939767665,0.323917925358,0.0,0.0,0.0
2014-04-06 13:59:00,0.354304159214,0,0.0303150957124,0.000919005367905,0.50757819357,0.50757819357,0.323989063501,0.0,0.0,0.0
2014-04-06 14:04:00,0.28306503012,0,0.0412214307566,0.00169920711778,0.510303898693,0.510303898693,0.324286460876,0.0,0.0,0.0
2014-04-06 14:09:00,0.334834186558,0,0.0105973167461,0.00011230315431,0.502649304393,0.502649304393,0.324236869812,0.0,0.0,0.0
2014-04-06 14:14:00,0.331565204877,0,0.00729146959194,5.31654768565e-05,0.501822859322,0.501822859322,0.324273735285,0.0,0.0,0.0
2014-04-06 14:19:00,0.305516149592,0,0.0188469926601,0.000355208991095,0.504711608699,0.504711608699,0.324363142252,0.0,0.0,0.0
2014-04-06 14:24:00,0.342914122412,0,0.0186157406066,0.00034654623596,0.504653800756,0.504653800756,0.324298381805,0.0,0.0,0.0
2014-04-06 14:29:00,0.364871810687,0,0.0404881942394,0.00163929304108,0.510120666035,0.510120666035,0.324383616447,0.0,0.0,0.0
2014-04-06 14:34:00,0.298114681634,0,0.0266577061089,0.00071063300129,0.506664031892,0.506664031892,0.324772387743,0.0,0.0,0.0
2014-04-06 14:39:00,0.319270544213,0,0.00564629538612,3.18805723509e-05,0.501411570096,0.501411570096,0.3249168396,0.0,0.0,0.0
2014-04-06 14:44:00,0.317913608421,0,0.00708971751795,5.02639049955e-05,0.501772421955,0.501772421955,0.325003325939,0.0,0.0,0.0
2014-04-06 14:49:00,0.342420691215,0,0.0173942386735,0.000302559754346,0.50434845003,0.50434845003,0.325026452541,0.0,0.0,0.0
2014-04-06 14:54:00,0.321285388269,0,0.00389621516303,1.51804260895e-05,0.500974052559,0.500974052559,0.325181603432,0.0,0.0,0.0
2014-04-06 14:59:00,0.304056415634,0,0.0212348603445,0.000450919702416,0.505308515612,0.505308515612,0.325291275978,0.0,0.0,0.0
2014-04-06 15:04:00,0.337609737042,0,0.0123839069642,0.0001533611794,0.503095937175,0.503095937175,0.325225830078,0.0,0.0,0.0
2014-04-06 15:09:00,0.311087810193,0,0.0141748555551,0.000200926340767,0.503543654554,0.503543654554,0.325262665749,0.0,0.0,0.0
2014-04-06 15:14:00,0.319496700179,0,0.00568949281048,3.23704298353e-05,0.501422369366,0.501422369366,0.325186192989,0.0,0.0,0.0
2014-04-06 15:19:00,0.31637163593,0,0.00870163605981,7.57182351663e-05,0.502175395289,0.502175395289,0.32507327199,0.0,0.0,0.0
2014-04-06 15:24:00,0.344353296737,0,0.0194490337176,0.000378264579922,0.504862105167,0.504862105167,0.32490426302,0.0,0.0,0.0
2014-04-06 15:29:00,0.318304241452,0,0.00659847184647,4.35398396803e-05,0.501649611976,0.501649611976,0.324902713299,0.0,0.0,0.0
2014-04-06 15:34:00,0.350623984868,0,0.0257738130637,0.000664289982524,0.506443096596,0.506443096596,0.324850171804,0.0,0.0,0.0
2014-04-06 15:39:00,0.318777113016,0,0.00622552746946,3.87571781175e-05,0.501556376841,0.501556376841,0.325002640486,0.0,0.0,0.0
2014-04-06 15:44:00,0.293673800859,0,0.031417829361,0.000987079227343,0.507853811323,0.507853811323,0.32509163022,0.0,0.0,0.0
2014-04-06 15:49:00,0.316001562532,0,0.00892657214767,7.96836611698e-05,0.502231628218,0.502231628218,0.32492813468,0.0,0.0,0.0
2014-04-06 15:54:00,0.347971792183,0,0.0232601117709,0.000541033048648,0.50581476578,0.50581476578,0.324711680412,0.0,0.0,0.0
2014-04-06 15:59:00,0.333333333333,0,0.00863607724508,7.45819997974e-05,0.502159005893,0.502159005893,0.324697256088,0.0,0.0,0.0
2014-04-06 16:04:00,0.340837599457,0,0.0160862819562,0.000258768413914,0.50402148377,0.50402148377,0.324751317501,0.0,0.0,0.0
2014-04-06 16:09:00,0.313945599211,0,0.0109793466208,0.000120546224935,0.502744809082,0.502744809082,0.324924945831,0.0,0.0,0.0
2014-04-06 16:14:00,0.331318489278,0,0.00632258411725,3.99751770601e-05,0.501580640764,0.501580640764,0.324995905161,0.0,0.0,0.0
2014-04-06 16:19:00,0.300664076153,0,0.0244449288215,0.000597554957494,0.506110927907,0.506110927907,0.325109004974,0.0,0.0,0.0
2014-04-06 16:24:00,0.31515861757,0,0.00986211292519,9.72615089267e-05,0.502465508248,0.502465508248,0.325020730495,0.0,0.0,0.0
2014-04-06 16:29:00,0.346779333457,0,0.0219147671305,0.000480257585878,0.505478472528,0.505478472528,0.324864566326,0.0,0.0,0.0
2014-04-06 16:34:00,0.308106663377,0,0.0167877946784,0.000281830143649,0.504196850104,0.504196850104,0.324894458055,0.0,0.0,0.0
2014-04-06 16:39:00,0.29706614034,0,0.0277245758312,0.000768651429098,0.506930700022,0.506930700022,0.324790716171,0.0,0.0,0.0
2014-04-06 16:44:00,0.318304241452,0,0.00617736503113,3.81598474632e-05,0.501544336347,0.501544336347,0.324481606483,0.0,0.0,0.0
2014-04-06 16:49:00,0.316124920331,0,0.00803029111725,6.44856409053e-05,0.502007561991,0.502007561991,0.324155211449,0.0,0.0,0.0
2014-04-06 16:54:00,0.34628590226,0,0.0224870669819,0.000505668518599,0.505621529862,0.505621529862,0.323798835278,0.0,0.0,0.0
2014-04-06 16:59:00,0.305516149592,0,0.0181370119338,0.000328951049596,0.504534128692,0.504534128692,0.323653161526,0.0,0.0,0.0
2014-04-06 17:04:00,0.319866773577,0,0.00351399472234,1.23481386254e-05,0.500878497777,0.500878497777,0.323380768299,0.0,0.0,0.0
2014-04-06 17:09:00,0.354735911511,0,0.0316277748574,0.0010003161151,0.50790628466,0.50790628466,0.323108136654,0.0,0.0,0.0
2014-04-06 17:14:00,0.299471617426,0,0.0236375027042,0.00055873155361,0.505909100545,0.505909100545,0.323109120131,0.0,0.0,0.0
2014-04-06 17:19:00,0.357963773926,0,0.0350378784738,0.00122765265405,0.508758573596,0.508758573596,0.322925895452,0.0,0.0,0.0
2014-04-06 17:24:00,0.302617241308,0,0.0204166279581,0.00041683827294,0.505103979696,0.505103979696,0.323033869267,0.0,0.0,0.0
2014-04-06 17:29:00,0.330845617714,0,0.00787361806895,6.19939673925e-05,0.501968394348,0.501968394348,0.322971999645,0.0,0.0,0.0
2014-04-06 17:34:00,0.307921626678,0,0.0150560354083,0.000226684453082,0.50376393775,0.50376393775,0.322977662086,0.0,0.0,0.0
2014-04-06 17:39:00,0.343243076544,0,0.0203776500031,0.000415248039644,0.505094236221,0.505094236221,0.32286542654,0.0,0.0,0.0
2014-04-06 17:44:00,0.302123810111,0,0.0207994329346,0.000432616216131,0.50519967078,0.50519967078,0.322923243046,0.0,0.0,0.0
2014-04-06 17:49:00,0.318304241452,0,0.00450882240761,2.03294857783e-05,0.501127203692,0.501127203692,0.32281306386,0.0,0.0,0.0
2014-04-06 17:54:00,0.335964966385,0,0.013286310999,0.0001765263587,0.503321528889,0.503321528889,0.322678655386,0.0,0.0,0.0
2014-04-06 17:59:00,0.318057525854,0,0.00460384418525,2.11952774407e-05,0.501150959013,0.501150959013,0.322661370039,0.0,0.0,0.0
2014-04-06 18:04:00,0.333497810399,0,0.0108879089708,0.000118546820886,0.502721950353,0.502721950353,0.322609901428,0.0,0.0,0.0
2014-04-06 18:09:00,0.369374370361,0,0.0467258153209,0.00218330137432,0.511679328949,0.511679328949,0.32264855504,0.0,0.0,0.0
2014-04-06 18:14:00,0.271962828183,0,0.0510855548144,0.00260973465629,0.512768611934,0.512768611934,0.323048382998,0.0,0.0,0.0
2014-04-06 18:19:00,0.318633195584,0,0.00437593775514,1.91488034034e-05,0.501093982693,0.501093982693,0.323009133339,0.0,0.0,0.0
2014-04-06 18:24:00,0.320956434137,0,0.00198320018591,3.93306436308e-06,0.500495799884,0.500495799884,0.322939634323,0.0,0.0,0.0
2014-04-06 18:29:00,0.319023828615,0,0.00383772362357,1.47282062244e-05,0.500959429728,0.500959429728,0.322861552238,0.0,0.0,0.0
2014-04-06 18:34:00,0.342194535249,0,0.0194332976282,0.000377652759198,0.504858171516,0.504858171516,0.322761237621,0.0,0.0,0.0
2014-04-06 18:39:00,0.350623984868,0,0.0278010564395,0.000772899307776,0.50694981649,0.50694981649,0.322822928429,0.0,0.0,0.0
2014-04-06 18:44:00,0.285182672341,0,0.037913185756,0.00143740873318,0.509477161253,0.509477161253,0.323095858097,0.0,0.0,0.0
2014-04-06 18:49:00,0.318777113016,0,0.00426784271413,1.82144722203e-05,0.501066959059,0.501066959059,0.32304495573,0.0,0.0,0.0
2014-04-06 18:54:00,0.361520590473,0,0.0385548493151,0.00148647627793,0.50963751853,0.50963751853,0.322965741158,0.0,0.0,0.0
2014-04-06 18:59:00,0.290548736611,0,0.0326473466967,0.00106584886089,0.508161111811,0.508161111811,0.323196083307,0.0,0.0,0.0
2014-04-06 19:04:00,0.319743415777,0,0.00340459638379,1.15912162073e-05,0.500851148274,0.500851148274,0.323148012161,0.0,0.0,0.0
2014-04-06 19:09:00,0.335718250786,0,0.0126402144781,0.000159774863278,0.503160011545,0.503160011545,0.323078036308,0.0,0.0,0.0
2014-04-06 19:14:00,0.336643434281,0,0.013529456372,0.000183046009624,0.5033823125,0.5033823125,0.323113977909,0.0,0.0,0.0
2014-04-06 19:19:00,0.309607516602,0,0.0136448632924,0.00018618258764,0.503411162898,0.503411162898,0.323252379894,0.0,0.0,0.0
2014-04-06 19:24:00,0.305516149592,0,0.0177538732772,0.000315199868055,0.504438351739,0.504438351739,0.323270022869,0.0,0.0,0.0
2014-04-06 19:29:00,0.319023828615,0,0.00412290204649,1.69984105014e-05,0.501030724052,0.501030724052,0.323146730661,0.0,0.0,0.0
2014-04-06 19:34:00,0.349904397706,0,0.0269010162148,0.00072366418317,0.506724848514,0.506724848514,0.323003381491,0.0,0.0,0.0
2014-04-06 19:39:00,0.323773103888,0,0.000687706405908,4.72956571684e-07,0.500171926595,0.500171926595,0.323085397482,0.0,0.0,0.0
2014-04-06 19:44:00,0.347252205021,0,0.0240875929658,0.00058021285804,0.506021607093,0.506021607093,0.323164612055,0.0,0.0,0.0
2014-04-06 19:49:00,0.312753140484,0,0.0106719140662,0.000113889742352,0.502667953196,0.502667953196,0.32342505455,0.0,0.0,0.0
2014-04-06 19:54:00,0.309134645038,0,0.0144410900542,0.000208545447094,0.503610209773,0.503610209773,0.323575735092,0.0,0.0,0.0
2014-04-06 19:59:00,0.332778223236,0,0.00918031521648,8.42780427774e-05,0.502295062685,0.502295062685,0.32359790802,0.0,0.0,0.0
2014-04-06 20:04:00,0.304405929398,0,0.0192841274026,0.000371877627913,0.504820882453,0.504820882453,0.323690056801,0.0,0.0,0.0
2014-04-06 20:09:00,0.33567713152,0,0.0120558584792,0.0001453433797,0.503013928115,0.503013928115,0.323621273041,0.0,0.0,0.0
2014-04-06 20:14:00,0.332469828738,0,0.0088155645266,7.77140376158e-05,0.502203876859,0.502203876859,0.323654264212,0.0,0.0,0.0
2014-04-06 20:19:00,0.363658792327,0,0.0399054055912,0.0015924408799,0.509975027712,0.509975027712,0.323753386736,0.0,0.0,0.0
2014-04-06 20:24:00,0.297333415572,0,0.0268233753999,0.000719493255019,0.506705441811,0.506705441811,0.324156790972,0.0,0.0,0.0
2014-04-06 20:29:00,0.317934168054,0,0.0063744955522,4.06343533541e-05,0.501593618492,0.501593618492,0.324308663607,0.0,0.0,0.0
2014-04-06 20:34:00,0.333024938835,0,0.00862975908656,7.44729113649e-05,0.502157426383,0.502157426383,0.324395179749,0.0,0.0,0.0
2014-04-06 20:39:00,0.299862250457,0,0.0246788712638,0.000609047419857,0.506169404698,0.506169404698,0.324541121721,0.0,0.0,0.0
2014-04-06 20:44:00,0.321182590103,0,0.00329526128825,1.08588210423e-05,0.500823814577,0.500823814577,0.324477851391,0.0,0.0,0.0
2014-04-06 20:49:00,0.316844507494,0,0.00755037423132,5.70083684579e-05,0.501887584591,0.501887584591,0.324394881725,0.0,0.0,0.0
2014-04-06 20:54:00,0.352803305989,0,0.0285427135284,0.000814687286038,0.507135193976,0.507135193976,0.324260592461,0.0,0.0,0.0
2014-04-06 20:59:00,0.30115750735,0,0.0232075124482,0.000538588792551,0.505801617724,0.505801617724,0.324365019798,0.0,0.0,0.0
2014-04-06 21:04:00,0.319743415777,0,0.00453237586759,2.05423511943e-05,0.501133092027,0.501133092027,0.324275791645,0.0,0.0,0.0
2014-04-06 21:09:00,0.350397828903,0,0.0262381471057,0.000688440166414,0.506559160482,0.506559160482,0.324159681797,0.0,0.0,0.0
2014-04-06 21:14:00,0.306708608318,0,0.0175538318862,0.000308137154207,0.504388345288,0.504388345288,0.324262440205,0.0,0.0,0.0
2014-04-06 21:19:00,0.343386993976,0,0.0191708069758,0.00036752037704,0.504792554965,0.504792554965,0.324216187,0.0,0.0,0.0
2014-04-06 21:24:00,0.310820534962,0,0.0135056226082,0.000182401447091,0.503376354331,0.503376354331,0.32432615757,0.0,0.0,0.0
2014-04-06 21:29:00,0.31106725056,0,0.0132510988012,0.000175591543666,0.503312726227,0.503312726227,0.324318349361,0.0,0.0,0.0
2014-04-06 21:34:00,0.335060342523,0,0.010853930685,0.000117807503557,0.502713456032,0.502713456032,0.324206411839,0.0,0.0,0.0
2014-04-06 21:39:00,0.364727893254,0,0.0405362633678,0.0016431879485,0.510132678388,0.510132678388,0.324191629887,0.0,0.0,0.0
2014-04-06 21:44:00,0.309360801003,0,0.0151382994434,0.00022916807211,0.503784502587,0.503784502587,0.324499100447,0.0,0.0,0.0
2014-04-06 21:49:00,0.318879911182,0,0.00577621770098,3.33647913067e-05,0.50144405041,0.50144405041,0.324656128883,0.0,0.0,0.0
2014-04-06 21:54:00,0.356668517034,0,0.0319168121024,0.00101868389174,0.507978525738,0.507978525738,0.324751704931,0.0,0.0,0.0
2014-04-06 21:59:00,0.325047801147,0,4.29052011916e-05,1.84172677109e-09,0.5000107263,0.5000107263,0.325090706348,0.0,0.0,0.0
2014-04-06 22:04:00,0.293447644894,0,0.0319480286194,0.00102067657281,0.507986327878,0.507986327878,0.325395673513,0.0,0.0,0.0
2014-04-06 22:09:00,0.336396718683,0,0.0109799749272,0.000120559969218,0.502744966154,0.502744966154,0.325416743755,0.0,0.0,0.0
2014-04-06 22:14:00,0.320586360739,0,0.00493647928372,2.43688991759e-05,0.501234117315,0.501234117315,0.325522840023,0.0,0.0,0.0
2014-04-06 22:19:00,0.329468122289,0,0.00388898567867,1.51242775246e-05,0.500972245194,0.500972245194,0.32557913661,0.0,0.0,0.0
2014-04-06 22:24:00,0.323115195625,0,0.00254556954614,6.47990282232e-06,0.500636392043,0.500636392043,0.325660765171,0.0,0.0,0.0
2014-04-06 22:29:00,0.299019305496,0,0.0266947164256,0.000712607812602,0.506673282825,0.506673282825,0.325714021921,0.0,0.0,0.0
2014-04-06 22:34:00,0.318057525854,0,0.0074921958641,5.61328306503e-05,0.501873040204,0.501873040204,0.325549721718,0.0,0.0,0.0
2014-04-06 22:39:00,0.31637163593,0,0.00897060201936,8.04714582046e-05,0.502242635466,0.502242635466,0.325342237949,0.0,0.0,0.0
2014-04-06 22:44:00,0.343674828841,0,0.0185907982128,0.000345618143911,0.504647565697,0.504647565697,0.325084030628,0.0,0.0,0.0
2014-04-06 22:49:00,0.290055305413,0,0.0349442058286,0.00122109754011,0.508735162601,0.508735162601,0.324999511242,0.0,0.0,0.0
2014-04-06 22:54:00,0.347581159152,0,0.0229356696979,0.000526044459548,0.505733666079,0.505733666079,0.324645489454,0.0,0.0,0.0
2014-04-06 22:59:00,0.324389892884,0,0.000119370154324,1.42464040565e-08,0.500029842539,0.500029842539,0.324509263039,0.0,0.0,0.0
2014-04-06 23:04:00,0.299553855959,0,0.0248318168485,0.000616619829088,0.506207635237,0.506207635237,0.324385672808,0.0,0.0,0.0
2014-04-06 23:09:00,0.333744525998,0,0.00966775426151,9.34654672164e-05,0.502416919741,0.502416919741,0.324076771736,0.0,0.0,0.0
2014-04-06 23:14:00,0.318777113016,0,0.00509858245069,2.5995532269e-05,0.501274642851,0.501274642851,0.323875695467,0.0,0.0,0.0
2014-04-06 23:19:00,0.319023828615,0,0.00463016737586,2.14385509025e-05,0.501157539776,0.501157539776,0.323653995991,0.0,0.0,0.0
2014-04-06 23:24:00,0.31637163593,0,0.00704584883027,4.9643793318e-05,0.50176145492,0.50176145492,0.32341748476,0.0,0.0,0.0
2014-04-06 23:29:00,0.35313226012,0,0.0299838307267,0.000899029371794,0.507495396141,0.507495396141,0.323148429394,0.0,0.0,0.0
2014-04-06 23:34:00,0.317564094657,0,0.00558105648175,3.11481308017e-05,0.501395260499,0.501395260499,0.323145151138,0.0,0.0,0.0
2014-04-06 23:39:00,0.297539011904,0,0.0255587535417,0.000653249211609,0.50638934057,0.50638934057,0.323097765446,0.0,0.0,0.0
2014-04-06 23:44:00,0.321182590103,0,0.00166871013697,2.78463130599e-06,0.500417177437,0.500417177437,0.32285130024,0.0,0.0,0.0
2014-04-06 23:49:00,0.317091223093,0,0.00552493682334,3.05248868244e-05,0.501381230692,0.501381230692,0.322616159916,0.0,0.0,0.0
2014-04-06 23:54:00,0.334032360863,0,0.0116720240821,0.000136236049002,0.502917972893,0.502917972893,0.322360336781,0.0,0.0,0.0
2014-04-06 23:59:00,0.347252205021,0,0.0250290781324,0.000626455526799,0.506256942896,0.506256942896,0.322223126888,0.0,0.0,0.0
2014-04-07 00:04:00,0.337363021444,0,0.0150636304124,0.000226913354709,0.503765836394,0.503765836394,0.322299391031,0.0,0.0,0.0
2014-04-07 00:09:00,0.32698040667,0,0.00449209871666,2.0178998966e-05,0.501123022791,0.501123022791,0.322488307953,0.0,0.0,0.0
2014-04-07 00:14:00,0.30646189272,0,0.0162324088854,0.000263490859652,0.504058013118,0.504058013118,0.322694301605,0.0,0.0,0.0
2014-04-07 00:19:00,0.36962108596,0,0.0468710540117,0.00219689682126,0.511715618749,0.511715618749,0.322750031948,0.0,0.0,0.0
2014-04-07 00:24:00,0.289829149448,0,0.0333455655941,0.00111192767508,0.50833561903,0.50833561903,0.323174715042,0.0,0.0,0.0
2014-04-07 00:29:00,0.317091223093,0,0.00619918456504,3.84298473364e-05,0.501549791178,0.501549791178,0.323290407658,0.0,0.0,0.0
2014-04-07 00:34:00,0.333991241596,0,0.0106461764794,0.000113340815005,0.502661518982,0.502661518982,0.323345065117,0.0,0.0,0.0
2014-04-07 00:39:00,0.337363021444,0,0.0138835478528,0.000192753257579,0.503470831212,0.503470831212,0.323479473591,0.0,0.0,0.0
2014-04-07 00:44:00,0.310573819363,0,0.0131377547145,0.000172600673977,0.503284391438,0.503284391438,0.323711574078,0.0,0.0,0.0
2014-04-07 00:49:00,0.315652048767,0,0.00816329699671,6.663952081e-05,0.502040812916,0.502040812916,0.323815345764,0.0,0.0,0.0
2014-04-07 00:54:00,0.333127737001,0,0.00928431744932,8.61985536176e-05,0.50232106269,0.50232106269,0.323843419552,0.0,0.0,0.0
2014-04-07 00:59:00,0.320709718539,0,0.00323335997929,1.04547016235e-05,0.500808339291,0.500808339291,0.323943078518,0.0,0.0,0.0
2014-04-07 01:04:00,0.363185920763,0,0.0391790056707,0.0015349938767,0.509793498703,0.509793498703,0.324006915092,0.0,0.0,0.0
2014-04-07 01:09:00,0.290569296244,0,0.0338093134135,0.0011430690065,0.508451523312,0.508451523312,0.324378609657,0.0,0.0,0.0
2014-04-07 01:14:00,0.320709718539,0,0.00373219125142,1.39293497341e-05,0.50093304673,0.50093304673,0.32444190979,0.0,0.0,0.0
2014-04-07 01:19:00,0.354489195913,0,0.030020225614,0.0009012146038,0.507504492816,0.507504492816,0.324468970299,0.0,0.0,0.0
2014-04-07 01:24:00,0.305742305557,0,0.0189919948177,0.000360696314601,0.504747855994,0.504747855994,0.324734300375,0.0,0.0,0.0
2014-04-07 01:29:00,0.316844507494,0,0.00797613020896,6.36188851786e-05,0.501994021981,0.501994021981,0.324820637703,0.0,0.0,0.0
2014-04-07 01:34:00,0.339521782931,0,0.0146874361602,0.000215721156565,0.503671793033,0.503671793033,0.324834346771,0.0,0.0,0.0
2014-04-07 01:39:00,0.302843397274,0,0.0221213346579,0.000489353667945,0.505530108152,0.505530108152,0.324964731932,0.0,0.0,0.0
2014-04-07 01:44:00,0.321922736898,0,0.00298149631887,8.88924660103e-06,0.500745373528,0.500745373528,0.324904233217,0.0,0.0,0.0
2014-04-07 01:49:00,0.317810810255,0,0.00701495344725,4.92096660309e-05,0.50175373117,0.50175373117,0.324825763702,0.0,0.0,0.0
2014-04-07 01:54:00,0.337280782911,0,0.0125820963111,0.00015830907796,0.503145482581,0.503145482581,0.3246986866,0.0,0.0,0.0
2014-04-07 01:59:00,0.337075186579,0,0.0123896130008,0.000153502202011,0.503097363629,0.503097363629,0.324685573578,0.0,0.0,0.0
2014-04-07 02:04:00,0.323115195625,0,0.00165835440866,2.75012553175e-06,0.500414588507,0.500414588507,0.324773550034,0.0,0.0,0.0
2014-04-07 02:09:00,0.313945599211,0,0.0108937841532,0.000118674703117,0.502723419105,0.502723419105,0.324839383364,0.0,0.0,0.0
2014-04-07 02:14:00,0.316536112996,0,0.00827471974313,6.84712213115e-05,0.502068668132,0.502068668132,0.324810832739,0.0,0.0,0.0
2014-04-07 02:19:00,0.317687452456,0,0.00703093347898,4.94340347359e-05,0.501757726129,0.501757726129,0.324718385935,0.0,0.0,0.0
2014-04-07 02:24:00,0.345278480232,0,0.0207000758053,0.000428492785431,0.505174834171,0.505174834171,0.324578404427,0.0,0.0,0.0
2014-04-07 02:29:00,0.330598902116,0,0.00597943008876,3.57534481736e-05,0.501494853068,0.501494853068,0.324619472027,0.0,0.0,0.0
2014-04-07 02:34:00,0.321203149736,0,0.00350161653769,1.22613701024e-05,0.50087540324,0.50087540324,0.324704766273,0.0,0.0,0.0
2014-04-07 02:39:00,0.32576738831,0,0.00101416346009,1.0285469898e-06,0.500253540843,0.500253540843,0.32475322485,0.0,0.0,0.0
2014-04-07 02:44:00,0.292234626534,0,0.0325704543564,0.0010608342709,0.508141893835,0.508141893835,0.324805080891,0.0,0.0,0.0
2014-04-07 02:49:00,0.315652048767,0,0.00893642884409,7.98598703113e-05,0.502234092343,0.502234092343,0.324588477612,0.0,0.0,0.0
2014-04-07 02:54:00,0.335265938856,0,0.0109447284713,0.000119786986033,0.502736154805,0.502736154805,0.324321210384,0.0,0.0,0.0
2014-04-07 02:59:00,0.319352782746,0,0.00481631658455,2.31969715969e-05,0.501204076819,0.501204076819,0.324169099331,0.0,0.0,0.0
2014-04-07 03:04:00,0.35498262711,0,0.0309894508881,0.000960345263593,0.507746742769,0.507746742769,0.323993176222,0.0,0.0,0.0
2014-04-07 03:09:00,0.298895947696,0,0.0251895859226,0.000634514843114,0.506297063519,0.506297063519,0.324085533619,0.0,0.0,0.0
2014-04-07 03:14:00,0.319496700179,0,0.00446816383671,1.99645674002e-05,0.501117039101,0.501117039101,0.323964864016,0.0,0.0,0.0
2014-04-07 03:19:00,0.330598902116,0,0.00677884758449,4.59526199847e-05,0.501694705406,0.501694705406,0.323820054531,0.0,0.0,0.0
2014-04-07 03:24:00,0.349596003207,0,0.0258514379588,0.000668296357617,0.506462499588,0.506462499588,0.323744565248,0.0,0.0,0.0
2014-04-07 03:29:00,0.344353296737,0,0.020467319469,0.000418910814915,0.50511665125,0.50511665125,0.323885977268,0.0,0.0,0.0
2014-04-07 03:34:00,0.311457883591,0,0.0127212591222,0.000161830714205,0.503180271892,0.503180271892,0.324179142714,0.0,0.0,0.0
2014-04-07 03:39:00,0.318263122186,0,0.0060768934639,3.6928740883e-05,0.501519218691,0.501519218691,0.32434001565,0.0,0.0,0.0
2014-04-07 03:44:00,0.308887929439,0,0.0155476026537,0.000241727975663,0.503886822368,0.503886822368,0.324435532093,0.0,0.0,0.0
2014-04-07 03:49:00,0.318057525854,0,0.00633786251105,4.01683573727e-05,0.501584460324,0.501584460324,0.324395388365,0.0,0.0,0.0
2014-04-07 03:54:00,0.33567713152,0,0.011369361983,0.000129262058181,0.502842309879,0.502842309879,0.324307769537,0.0,0.0,0.0
2014-04-07 03:59:00,0.320504122206,0,0.00381708817791,1.45701105794e-05,0.500954270886,0.500954270886,0.324321210384,0.0,0.0,0.0
2014-04-07 04:04:00,0.340734801291,0,0.0164324855792,0.000270026852377,0.504108028955,0.504108028955,0.324302315712,0.0,0.0,0.0
2014-04-07 04:09:00,0.341392709554,0,0.0169737773546,0.000288108654786,0.50424334246,0.50424334246,0.324418932199,0.0,0.0,0.0
2014-04-07 04:14:00,0.321367626802,0,0.00329434333701,1.08527337943e-05,0.500823585089,0.500823585089,0.324661970139,0.0,0.0,0.0
2014-04-07 04:19:00,0.332531507638,0,0.00767749133389,5.89439368923e-05,0.501919363406,0.501919363406,0.324854016304,0.0,0.0,0.0
2014-04-07 04:24:00,0.334011801229,0,0.00892234657859,7.96081221779e-05,0.502230571847,0.502230571847,0.325089454651,0.0,0.0,0.0
2014-04-07 04:29:00,0.319743415777,0,0.00563077026151,3.1705472793e-05,0.501407688846,0.501407688846,0.325374186039,0.0,0.0,0.0
2014-04-07 04:34:00,0.334936984724,0,0.00935227507987,8.74648976605e-05,0.502338051729,0.502338051729,0.325584709644,0.0,0.0,0.0
2014-04-07 04:39:00,0.30006784679,0,0.025782759175,0.000664750928991,0.506445332753,0.506445332753,0.325850605965,0.0,0.0,0.0
2014-04-07 04:44:00,0.322621764428,0,0.00325769018501,1.06125562525e-05,0.500814421826,0.500814421826,0.325879454613,0.0,0.0,0.0
2014-04-07 04:49:00,0.355948929871,0,0.0300700415025,0.000904207117856,0.507516943978,0.507516943978,0.325878888369,0.0,0.0,0.0
2014-04-07 04:54:00,0.292707498098,0,0.0334164547674,0.00111665914301,0.508353336387,0.508353336387,0.326123952866,0.0,0.0,0.0
2014-04-07 04:59:00,0.318304241452,0,0.00776734873283,6.03317166679e-05,0.50194182742,0.50194182742,0.326071590185,0.0,0.0,0.0
2014-04-07 05:04:00,0.337609737042,0,0.0116487730778,0.000135693931952,0.502912160339,0.502912160339,0.325960963964,0.0,0.0,0.0
2014-04-07 05:09:00,0.312321388186,0,0.013635135232,0.000185916738701,0.503408730996,0.503408730996,0.325956523418,0.0,0.0,0.0
2014-04-07 05:14:00,0.321429305701,0,0.00441176352031,1.94635995285e-05,0.501102939091,0.501102939091,0.325841069221,0.0,0.0,0.0
2014-04-07 05:19:00,0.314932461605,0,0.0107685367014,0.000115961294796,0.50269210816,0.50269210816,0.325700998306,0.0,0.0,0.0
2014-04-07 05:24:00,0.342934682045,0,0.0174479028323,0.000304428831441,0.504361865052,0.504361865052,0.325486779213,0.0,0.0,0.0
2014-04-07 05:29:00,0.321922736898,0,0.00351400421529,1.23481386254e-05,0.50087850015,0.50087850015,0.325436741114,0.0,0.0,0.0
2014-04-07 05:34:00,0.379242994305,0,0.0538800735439,0.00290306145325,0.51346676064,0.51346676064,0.325362920761,0.0,0.0,0.0
2014-04-07 05:39:00,0.295133534818,0,0.0306038223218,0.000936594151426,0.507650358483,0.507650358483,0.32573735714,0.0,0.0,0.0
2014-04-07 05:44:00,0.327391599334,0,0.0015676068431,2.45737646765e-06,0.500391901631,0.500391901631,0.325823992491,0.0,0.0,0.0
2014-04-07 05:49:00,0.320236846975,0,0.00567798299476,3.2239324355e-05,0.501419491935,0.501419491935,0.325914829969,0.0,0.0,0.0
2014-04-07 05:54:00,0.344846727934,0,0.0188966418176,0.000357082986739,0.504724019883,0.504724019883,0.325950086117,0.0,0.0,0.0
2014-04-07 05:59:00,0.356175085836,0,0.0300383775769,0.000902304658666,0.507509029784,0.507509029784,0.32613670826,0.0,0.0,0.0
2014-04-07 06:04:00,0.290055305413,0,0.0364957147321,0.00133193726651,0.50912291611,0.50912291611,0.326551020145,0.0,0.0,0.0
2014-04-07 06:09:00,0.338329324205,0,0.0117047221255,0.00013700031559,0.502926147124,0.502926147124,0.326624602079,0.0,0.0,0.0
2014-04-07 06:14:00,0.349287608709,0,0.0225007627866,0.00050628388999,0.50562495338,0.50562495338,0.326786845922,0.0,0.0,0.0
2014-04-07 06:19:00,0.296572709143,0,0.0305449127558,0.000932991330046,0.507635634533,0.507635634533,0.327117621899,0.0,0.0,0.0
2014-04-07 06:24:00,0.343386993976,0,0.0162224036173,0.000263166817604,0.504055511965,0.504055511965,0.327164590359,0.0,0.0,0.0
2014-04-07 06:29:00,0.31809864512,0,0.00924148091743,8.54051686474e-05,0.502310353786,0.502310353786,0.327340126038,0.0,0.0,0.0
2014-04-07 06:34:00,0.321532103867,0,0.00589012756851,3.46936431015e-05,0.501472527635,0.501472527635,0.327422231436,0.0,0.0,0.0
2014-04-07 06:39:00,0.334710828759,0,0.00726305673275,5.27521042386e-05,0.501815756201,0.501815756201,0.327447772026,0.0,0.0,0.0
2014-04-07 06:44:00,0.324574929583,0,0.00295557368975,8.73548651725e-06,0.500738892885,0.500738892885,0.327530503273,0.0,0.0,0.0
2014-04-07 06:49:00,0.340261929727,0,0.0126812393433,0.000160814000992,0.503170267351,0.503170267351,0.327580690384,0.0,0.0,0.0
2014-04-07 06:54:00,0.319023828615,0,0.00870640982276,7.58017631597e-05,0.502176588707,0.502176588707,0.327730238438,0.0,0.0,0.0
2014-04-07 06:59:00,0.324081498386,0,0.00371171235879,1.37767201522e-05,0.500927927024,0.500927927024,0.327793210745,0.0,0.0,0.0
2014-04-07 07:04:00,0.343386993976,0,0.0155676465944,0.000242352049099,0.50389183305,0.50389183305,0.327819347382,0.0,0.0,0.0
2014-04-07 07:09:00,0.312465305619,0,0.0155059143975,0.000240433248109,0.503876400932,0.503876400932,0.327971220016,0.0,0.0,0.0
2014-04-07 07:14:00,0.34213285635,0,0.0141528148459,0.000200302456506,0.503538144654,0.503538144654,0.327980041504,0.0,0.0,0.0
2014-04-07 07:19:00,0.33867883797,0,0.0105740439441,0.000111810382805,0.502643486355,0.502643486355,0.328104794025,0.0,0.0,0.0
2014-04-07 07:24:00,0.334710828759,0,0.00640641877804,4.10422981076e-05,0.501601599217,0.501601599217,0.328304409981,0.0,0.0,0.0
2014-04-07 07:29:00,0.320956434137,0,0.00758073198141,5.74674268137e-05,0.501895173919,0.501895173919,0.328537166119,0.0,0.0,0.0
2014-04-07 07:34:00,0.324081498386,0,0.0046025633796,2.11834794754e-05,0.501150638814,0.501150638814,0.328684061766,0.0,0.0,0.0
2014-04-07 07:39:00,0.325294516746,0,0.00348372035859,1.21362536447e-05,0.500870929209,0.500870929209,0.328778237104,0.0,0.0,0.0
2014-04-07 07:44:00,0.336396718683,0,0.00756248301436,5.71912278247e-05,0.501890611743,0.501890611743,0.328834235668,0.0,0.0,0.0
2014-04-07 07:49:00,0.323485269023,0,0.00546197705188,2.9833343433e-05,0.501365490868,0.501365490868,0.328947246075,0.0,0.0,0.0
2014-04-07 07:54:00,0.343633709575,0,0.0146298986921,0.000214033992961,0.503657409439,0.503657409439,0.329003810883,0.0,0.0,0.0
2014-04-07 07:59:00,0.294640103621,0,0.0345359050808,0.00119272945449,0.508633118207,0.508633118207,0.329176008701,0.0,0.0,0.0
2014-04-07 08:04:00,0.34085815909,0,0.0118135190262,0.000139559284435,0.502953345409,0.502953345409,0.329044640064,0.0,0.0,0.0
2014-04-07 08:09:00,0.341701104052,0,0.0126767593696,0.000160699884873,0.503169147402,0.503169147402,0.329024344683,0.0,0.0,0.0
2014-04-07 08:14:00,0.318962149715,0,0.0101490985395,0.000103004058474,0.502537252856,0.502537252856,0.329111248255,0.0,0.0,0.0
2014-04-07 08:19:00,0.31637163593,0,0.012733622058,0.000162144788192,0.503183362501,0.503183362501,0.329105257988,0.0,0.0,0.0
2014-04-07 08:24:00,0.349822159173,0,0.0208280638472,0.000433808425441,0.505206827733,0.505206827733,0.328994095325,0.0,0.0,0.0
2014-04-07 08:29:00,0.2865807274,0,0.0424863240109,0.00180508650374,0.510619983551,0.510619983551,0.329067051411,0.0,0.0,0.0
2014-04-07 08:34:00,0.316597791895,0,0.012182203546,0.00014840613585,0.503045513222,0.503045513222,0.328779995441,0.0,0.0,0.0
2014-04-07 08:39:00,0.318777113016,0,0.0096432876032,9.29929738049e-05,0.502410803219,0.502410803219,0.32842040062,0.0,0.0,0.0
2014-04-07 08:44:00,0.348218507782,0,0.0202018988283,0.000408116437029,0.505050302949,0.505050302949,0.328016608953,0.0,0.0,0.0
2014-04-07 08:49:00,0.295133534818,0,0.0326873622846,0.00106846389826,0.508171113039,0.508171113039,0.327820897102,0.0,0.0,0.0
2014-04-07 08:54:00,0.373321819939,0,0.0459483749047,0.00211125425994,0.511485073139,0.511485073139,0.327373445034,0.0,0.0,0.0
2014-04-07 08:59:00,0.327679434199,0,0.000327297825374,1.07118154347e-07,0.500081824456,0.500081824456,0.327352136374,0.0,0.0,0.0
2014-04-07 09:04:00,0.349904397706,0,0.0225687420163,0.00050934770843,0.50564194603,0.50564194603,0.327335655689,0.0,0.0,0.0
2014-04-07 09:09:00,0.347498920619,0,0.0199907094834,0.000399628595915,0.504997510943,0.504997510943,0.327508211136,0.0,0.0,0.0
2014-04-07 09:14:00,0.332284792039,0,0.00445519265882,1.98486195586e-05,0.501113796322,0.501113796322,0.32782959938,0.0,0.0,0.0
2014-04-07 09:19:00,0.352371553691,0,0.0242154698692,0.00058638851624,0.506053571658,0.506053571658,0.328156083822,0.0,0.0,0.0
2014-04-07 09:24:00,0.310265424865,0,0.0183859437532,0.000338043028023,0.504596356459,0.504596356459,0.328651368618,0.0,0.0,0.0
2014-04-07 09:29:00,0.347745636218,0,0.0188012511661,0.00035348671372,0.504700174338,0.504700174338,0.328944385052,0.0,0.0,0.0
2014-04-07 09:34:00,0.329406443389,0,4.17263823666e-05,1.74082970261e-09,0.500010431596,0.500010431596,0.329364717007,0.0,0.0,0.0
2014-04-07 09:39:00,0.324821645182,0,0.00492197855167,2.42258156504e-05,0.501230492154,0.501230492154,0.329743623734,0.0,0.0,0.0
2014-04-07 09:44:00,0.337363021444,0,0.00731925852141,5.35717372259e-05,0.501829806462,0.501829806462,0.330043762922,0.0,0.0,0.0
2014-04-07 09:49:00,0.331174571846,0,0.000799377296078,6.3902069769e-07,0.500199844313,0.500199844313,0.33037519455,0.0,0.0,0.0
2014-04-07 09:54:00,0.37665248052,0,0.0459721399913,0.00211343751289,0.511491011274,0.511491011274,0.330680340528,0.0,0.0,0.0
2014-04-07 09:59:00,0.32576738831,0,0.00557125571792,3.10387840727e-05,0.501392810327,0.501392810327,0.331338644028,0.0,0.0,0.0
2014-04-07 10:04:00,0.347745636218,0,0.0158605964115,0.000251558230957,0.503965065983,0.503965065983,0.331885039806,0.0,0.0,0.0
2014-04-07 10:09:00,0.364152223524,0,0.0316425270407,0.00100124953315,0.507909971783,0.507909971783,0.332509696484,0.0,0.0,0.0
2014-04-07 10:14:00,0.322087213964,0,0.0112496757797,0.000126554878079,0.502812389285,0.502812389285,0.333336889744,0.0,0.0,0.0
2014-04-07 10:19:00,0.348218507782,0,0.0142308545264,0.000202517010621,0.503557653591,0.503557653591,0.333987653255,0.0,0.0,0.0
2014-04-07 10:24:00,0.327473837867,0,0.007219176755,5.21163528902e-05,0.50180478635,0.50180478635,0.334693014622,0.0,0.0,0.0
2014-04-07 10:29:00,0.341228232488,0,0.00596050988167,3.55278461939e-05,0.501490123059,0.501490123059,0.335267722607,0.0,0.0,0.0
2014-04-07 10:34:00,0.331318489278,0,0.00451690796535,2.04023817787e-05,0.501129225071,0.501129225071,0.335835397243,0.0,0.0,0.0
2014-04-07 10:39:00,0.346409260059,0,0.0101006019358,0.000102022182546,0.502525129016,0.502525129016,0.336308658123,0.0,0.0,0.0
2014-04-07 10:44:00,0.329406443389,0,0.0074134437722,5.49591932213e-05,0.501853352455,0.501853352455,0.336819887161,0.0,0.0,0.0
2014-04-07 10:49:00,0.298032443101,0,0.0391853646686,0.00153549364768,0.509795087842,0.509795087842,0.33721780777,0.0,0.0,0.0
2014-04-07 10:54:00,0.337548058143,0,0.000302116980533,9.12681201726e-08,0.500075529245,0.500075529245,0.337245941162,0.0,0.0,0.0
2014-04-07 10:59:00,0.318530397418,0,0.0187433791135,0.000351313763531,0.5046857076,0.5046857076,0.337273776531,0.0,0.0,0.0
2014-04-07 11:04:00,0.316782828594,0,0.0203580891837,0.000414451642428,0.505089346523,0.505089346523,0.337140917778,0.0,0.0,0.0
2014-04-07 11:09:00,0.337835893008,0,0.000986173721704,9.72509269559e-07,0.50024654341,0.50024654341,0.336849719286,0.0,0.0,0.0
2014-04-07 11:14:00,0.35786097576,0,0.0212651424586,0.000452206557384,0.505316085286,0.505316085286,0.336595833302,0.0,0.0,0.0
2014-04-07 11:19:00,0.331092333313,0,0.00545432615683,2.9749733585e-05,0.501363578159,0.501363578159,0.33654665947,0.0,0.0,0.0
2014-04-07 11:24:00,0.30115750735,0,0.0352987914781,0.00124600494746,0.508823781682,0.508823781682,0.336456298828,0.0,0.0,0.0
2014-04-07 11:29:00,0.317564094657,0,0.0185132974447,0.000342741986969,0.504628192172,0.504628192172,0.336077392101,0.0,0.0,0.0
2014-04-07 11:34:00,0.320956434137,0,0.014623795622,0.000213855266338,0.503655883753,0.503655883753,0.335580229759,0.0,0.0,0.0
2014-04-07 11:39:00,0.323896461687,0,0.0111129343891,0.000123497171444,0.502778205006,0.502778205006,0.335009396076,0.0,0.0,0.0
2014-04-07 11:44:00,0.32288903966,0,0.0115128062725,0.000132544926601,0.502878169778,0.502878169778,0.334401845932,0.0,0.0,0.0
2014-04-07 11:49:00,0.348095149983,0,0.0143372726327,0.000205557356821,0.503584256761,0.503584256761,0.33375787735,0.0,0.0,0.0
2014-04-07 11:54:00,0.306955323917,0,0.0263437168774,0.000693990674336,0.506585548364,0.506585548364,0.333299040794,0.0,0.0,0.0
2014-04-07 11:59:00,0.324986122248,0,0.00767800987065,5.8951714891e-05,0.501919493038,0.501919493038,0.332664132118,0.0,0.0,0.0
2014-04-07 12:04:00,0.318304241452,0,0.0137236110829,0.000188337522559,0.503430848924,0.503430848924,0.332027852535,0.0,0.0,0.0
2014-04-07 12:09:00,0.334936984724,0,0.00359744662681,1.29415629999e-05,0.500899360687,0.500899360687,0.331339538097,0.0,0.0,0.0
2014-04-07 12:14:00,0.31758465429,0,0.0131654534754,0.000173328924575,0.503291315829,0.503291315829,0.330750107765,0.0,0.0,0.0
2014-04-07 12:19:00,0.335903287485,0,0.00579464490723,3.35779041052e-05,0.501448657173,0.501448657173,0.330108642578,0.0,0.0,0.0
2014-04-07 12:24:00,0.321182590103,0,0.00839741888102,7.05168349668e-05,0.502099342384,0.502099342384,0.329580008984,0.0,0.0,0.0
2014-04-07 12:29:00,0.323608626822,0,0.00542468835963,2.94271358143e-05,0.501356168764,0.501356168764,0.329033315182,0.0,0.0,0.0
2014-04-07 12:34:00,0.323361911224,0,0.00513359124842,2.63538386207e-05,0.501283394994,0.501283394994,0.328495502472,0.0,0.0,0.0
2014-04-07 12:39:00,0.317810810255,0,0.0101571911105,0.000103168662463,0.502539275947,0.502539275947,0.327968001366,0.0,0.0,0.0
2014-04-07 12:44:00,0.361726186805,0,0.034318647914,0.00117777008563,0.508578820006,0.508578820006,0.327407538891,0.0,0.0,0.0
2014-04-07 12:49:00,0.27667098419,0,0.0505214415382,0.00255241524428,0.512627674576,0.512627674576,0.327192425728,0.0,0.0,0.0
2014-04-07 12:54:00,0.337856452641,0,0.0112826039165,0.000127296909341,0.502820621058,0.502820621058,0.326573848724,0.0,0.0,0.0
2014-04-07 12:59:00,0.333497810399,0,0.00738583806706,5.45507791685e-05,0.501846451123,0.501846451123,0.326111972332,0.0,0.0,0.0
2014-04-07 13:04:00,0.307284278048,0,0.0184740003214,0.000341289152857,0.504618368731,0.504618368731,0.32575827837,0.0,0.0,0.0
2014-04-07 13:09:00,0.334340755361,0,0.00905633391699,8.20171117084e-05,0.502264068005,0.502264068005,0.325284421444,0.0,0.0,0.0
2014-04-07 13:14:00,0.337835893008,0,0.0129018276657,0.000166456768056,0.503225412175,0.503225412175,0.324934065342,0.0,0.0,0.0
2014-04-07 13:19:00,0.297374534838,0,0.0273527619909,0.000748172926251,0.506837764183,0.506837764183,0.324727296829,0.0,0.0,0.0
2014-04-07 13:24:00,0.328871892925,0,0.00456099414461,2.08027850022e-05,0.501140246559,0.501140246559,0.324310898781,0.0,0.0,0.0
2014-04-07 13:29:00,0.367441764839,0,0.0434672746732,0.00188940472435,0.510865108007,0.510865108007,0.323974490166,0.0,0.0,0.0
2014-04-07 13:34:00,0.340734801291,0,0.0166971898066,0.00027879641857,0.504174200473,0.504174200473,0.324037611485,0.0,0.0,0.0
2014-04-07 13:49:00,0.264818355641,0,0.0594167260321,0.00353034562431,0.514849813015,0.514849813015,0.324235081673,0.0,0.0,0.0
2014-04-07 13:54:00,0.342564608647,0,0.0186516304751,0.000347883469658,0.504662772444,0.504662772444,0.323912978172,0.0,0.0,0.0
2014-04-07 13:59:00,0.319023828615,0,0.0047560225833,2.26198535529e-05,0.501189003405,0.501189003405,0.323779851198,0.0,0.0,0.0
2014-04-07 14:04:00,0.327473837867,0,0.00385387612815,1.48524477481e-05,0.50096346784,0.50096346784,0.323619961739,0.0,0.0,0.0
2014-04-07 14:09:00,0.367996874936,0,0.0444883738829,0.00197921507061,0.511120259415,0.511120259415,0.323508501053,0.0,0.0,0.0
2014-04-07 14:14:00,0.313945599211,0,0.00983678518509,9.67624946497e-05,0.502459176467,0.502459176467,0.323782384396,0.0,0.0,0.0
2014-04-07 14:19:00,0.292029030202,0,0.031917207362,0.00101870857179,0.507978624528,0.507978624528,0.323946237564,0.0,0.0,0.0
2014-04-07 14:24:00,0.324328213985,0,0.000503152663404,2.53162539821e-07,0.500125788163,0.500125788163,0.323825061321,0.0,0.0,0.0
2014-04-07 14:29:00,0.333497810399,0,0.00977759364796,9.56015719566e-05,0.502444378938,0.502444378938,0.323720216751,0.0,0.0,0.0
2014-04-07 14:34:00,0.336150003084,0,0.0124418562734,0.000154799476149,0.503110423944,0.503110423944,0.323708146811,0.0,0.0,0.0
2014-04-07 14:39:00,0.345895269228,0,0.0220931258931,0.000488105841214,0.505523056822,0.505523056822,0.323802143335,0.0,0.0,0.0
2014-04-07 14:44:00,0.313472727647,0,0.010600288997,0.00011236633145,0.502650047435,0.502650047435,0.324073016644,0.0,0.0,0.0
2014-04-07 14:49:00,0.306708608318,0,0.017518873762,0.000306911097141,0.504379606429,0.504379606429,0.32422748208,0.0,0.0,0.0
2014-04-07 14:54:00,0.338802195769,0,0.0145834457688,0.00021267667762,0.503645796828,0.503645796828,0.32421875,0.0,0.0,0.0
2014-04-07 14:59:00,0.321429305701,0,0.00290466007716,8.437012184e-06,0.500726164509,0.500726164509,0.324333965778,0.0,0.0,0.0
2014-04-07 15:04:00,0.318982709348,0,0.00543050080511,2.94902183668e-05,0.501357621865,0.501357621865,0.324413210154,0.0,0.0,0.0
2014-04-07 15:09:00,0.383951150311,0,0.0595125187769,0.00354174082167,0.514873740043,0.514873740043,0.324438631535,0.0,0.0,0.0
2014-04-07 15:14:00,0.28427804848,0,0.0406858191847,0.00165533693507,0.510170051931,0.510170051931,0.324963867664,0.0,0.0,0.0
2014-04-07 15:19:00,0.327227122268,0,0.00213400193161,4.55393592347e-06,0.50053350028,0.50053350028,0.325093120337,0.0,0.0,0.0
2014-04-07 15:24:00,0.328440140628,0,0.00321264161971,1.03209958979e-05,0.500803159714,0.500803159714,0.325227499008,0.0,0.0,0.0
2014-04-07 15:29:00,0.339336746232,0,0.0139610700774,0.000194911670405,0.503490210829,0.503490210829,0.325375676155,0.0,0.0,0.0
2014-04-07 15:34:00,0.335903287485,0,0.0102761691363,0.000105599639937,0.502569019677,0.502569019677,0.325627118349,0.0,0.0,0.0
2014-04-07 15:39:00,0.358354406957,0,0.0324139171884,0.0010506628314,0.50810276987,0.50810276987,0.325940489769,0.0,0.0,0.0
2014-04-07 15:44:00,0.313226012048,0,0.01327088708,0.000176116387593,0.503317673079,0.503317673079,0.326496899128,0.0,0.0,0.0
2014-04-07 15:49:00,0.330208269084,0,0.00332277747491,1.10408682303e-05,0.500830693604,0.500830693604,0.32688549161,0.0,0.0,0.0
2014-04-07 15:54:00,0.350685663768,0,0.0234220104894,0.000548590207472,0.505855234948,0.505855234948,0.327263653278,0.0,0.0,0.0
2014-04-07 15:59:00,0.361520590473,0,0.033717872787,0.00113689480349,0.508428669669,0.508428669669,0.327802717686,0.0,0.0,0.0
2014-04-07 16:04:00,0.29949217706,0,0.0290818545319,0.000845754053444,0.507269951257,0.507269951257,0.328574031591,0.0,0.0,0.0
2014-04-07 16:09:00,0.37186208598,0,0.0428405129137,0.00183530931827,0.510708490496,0.510708490496,0.329021573067,0.0,0.0,0.0
2014-04-07 16:14:00,0.324328213985,0,0.00545963639528,2.98076301988e-05,0.501364905708,0.501364905708,0.32978785038,0.0,0.0,0.0
2014-04-07 16:19:00,0.324821645182,0,0.00560993536167,3.14713106491e-05,0.501402480162,0.501402480162,0.330431580544,0.0,0.0,0.0
2014-04-07 16:24:00,0.323115195625,0,0.00784847558252,6.15985045442e-05,0.501962108824,0.501962108824,0.330963671207,0.0,0.0,0.0
2014-04-07 16:29:00,0.342420691215,0,0.0110445856679,0.000121983008285,0.50276111835,0.50276111835,0.331376105547,0.0,0.0,0.0
2014-04-07 16:34:00,0.308867369806,0,0.0229742182142,0.000527814903762,0.505743301939,0.505743301939,0.33184158802,0.0,0.0,0.0
2014-04-07 16:39:00,0.37307510434,0,0.0410102373205,0.0016818389995,0.510251122642,0.510251122642,0.33206486702,0.0,0.0,0.0
2014-04-07 16:44:00,0.277205534653,0,0.0554096620516,0.00307023152709,0.513848872425,0.513848872425,0.332615196705,0.0,0.0,0.0
2014-04-07 16:49:00,0.323958140587,0,0.00868018272027,7.5345778896e-05,0.502170032055,0.502170032055,0.332638323307,0.0,0.0,0.0
2014-04-07 16:54:00,0.34264684718,0,0.0100616316117,0.000101236233604,0.502515386682,0.502515386682,0.332585215569,0.0,0.0,0.0
2014-04-07 16:59:00,0.337363021444,0,0.0047399271234,2.24670329771e-05,0.501184979562,0.501184979562,0.33262309432,0.0,0.0,0.0
2014-04-07 17:04:00,0.330352186517,0,0.0023454434116,5.50110189579e-06,0.500586360584,0.500586360584,0.332697629929,0.0,0.0,0.0
2014-04-07 17:09:00,0.313102654249,0,0.019642122954,0.000385812658351,0.504910372866,0.504910372866,0.332744777203,0.0,0.0,0.0
2014-04-07 17:14:00,0.320236846975,0,0.0123827306716,0.000153331653564,0.503095643113,0.503095643113,0.332619577646,0.0,0.0,0.0
2014-04-07 17:19:00,0.317810810255,0,0.0145904355773,0.000212881001062,0.503647544187,0.503647544187,0.332401245832,0.0,0.0,0.0
2014-04-07 17:24:00,0.327473837867,0,0.00460628794198,2.12177856156e-05,0.501151569949,0.501151569949,0.332080125809,0.0,0.0,0.0
2014-04-07 17:29:00,0.310100947799,0,0.0216507564169,0.000468755461043,0.505412477679,0.505412477679,0.331751704216,0.0,0.0,0.0
2014-04-07 17:34:00,0.360184214314,0,0.0289129831391,0.000835961080156,0.507227742283,0.507227742283,0.331271231174,0.0,0.0,0.0
2014-04-07 17:39:00,0.294886819219,0,0.0361988030915,0.00131035270169,0.50904871271,0.50904871271,0.331085622311,0.0,0.0,0.0
2014-04-07 17:44:00,0.322395608462,0,0.0082142495737,6.74736584187e-05,0.502053550847,0.502053550847,0.330609858036,0.0,0.0,0.0
2014-04-07 17:49:00,0.319743415777,0,0.0103679686143,0.000107494590338,0.502591968935,0.502591968935,0.330111384392,0.0,0.0,0.0
2014-04-07 17:54:00,0.335019223257,0,0.00544502572631,2.96483885904e-05,0.501361253068,0.501361253068,0.329574197531,0.0,0.0,0.0
2014-04-07 17:59:00,0.305968461523,0,0.023168565741,0.000536782376003,0.505791882356,0.505791882356,0.329137027264,0.0,0.0,0.0
2014-04-07 18:04:00,0.333436131499,0,0.00489020349801,2.39140899794e-05,0.501222548438,0.501222548438,0.328545928001,0.0,0.0,0.0
2014-04-07 18:09:00,0.320709718539,0,0.00734578244557,5.39607135579e-05,0.501836437353,0.501836437353,0.328055500984,0.0,0.0,0.0
2014-04-07 18:14:00,0.31637163593,0,0.011179669364,0.000124984697322,0.502794888231,0.502794888231,0.327551305294,0.0,0.0,0.0
2014-04-07 18:19:00,0.289294598984,0,0.0377073899034,0.00142184714787,0.509425730673,0.509425730673,0.327001988888,0.0,0.0,0.0
2014-04-07 18:24:00,0.305022718395,0,0.021163551127,0.000447895989055,0.50529069031,0.50529069031,0.326186269522,0.0,0.0,0.0
2014-04-07 18:29:00,0.306235736754,0,0.0190359889001,0.000362369115464,0.504758853521,0.504758853521,0.325271725655,0.0,0.0,0.0
2014-04-07 18:34:00,0.326260819507,0,0.00197435863052,3.89803517464e-06,0.500493589497,0.500493589497,0.324286460876,0.0,0.0,0.0
2014-04-07 18:39:00,0.285922819137,0,0.0374935927398,0.00140576902777,0.50937230027,0.50937230027,0.323416411877,0.0,0.0,0.0
2014-04-07 18:44:00,0.309360801003,0,0.012953848817,0.000167802165379,0.50323841692,0.50323841692,0.32231464982,0.0,0.0,0.0
2014-04-07 18:49:00,0.305516149592,0,0.0156966785674,0.00024638560717,0.503924089072,0.503924089072,0.321212828159,0.0,0.0,0.0
2014-04-07 18:54:00,0.327473837867,0,0.00738616658683,5.45556213183e-05,0.501846533252,0.501846533252,0.32008767128,0.0,0.0,0.0
2014-04-07 18:59:00,0.368634223565,0,0.0494964715093,0.0024499008432,0.512371592216,0.512371592216,0.319137752056,0.0,0.0,0.0
2014-04-07 19:04:00,0.279199819075,0,0.0395042793878,0.00156058894936,0.509874785674,0.509874785674,0.318704098463,0.0,0.0,0.0
2014-04-07 19:09:00,0.324574929583,0,0.00659618984479,4.35095607827e-05,0.501649041482,0.501649041482,0.317978739738,0.0,0.0,0.0
2014-04-07 19:14:00,0.326774810337,0,0.00939310052331,8.8230248366e-05,0.502348257865,0.502348257865,0.317381709814,0.0,0.0,0.0
2014-04-07 19:19:00,0.287238635663,0,0.0296853402818,0.000881219923031,0.507420790133,0.507420790133,0.316923975945,0.0,0.0,0.0
2014-04-07 19:24:00,0.304303131232,0,0.0119571469928,0.000142973163747,0.502989251133,0.502989251133,0.316260278225,0.0,0.0,0.0
2014-04-07 19:29:00,0.303336828471,0,0.0122245256893,0.000149439016241,0.503056093364,0.503056093364,0.31556135416,0.0,0.0,0.0
2014-04-07 19:34:00,0.311622360657,0,0.00320615439571,1.02794856502e-05,0.500801537912,0.500801537912,0.314828515053,0.0,0.0,0.0
2014-04-07 19:39:00,0.344846727934,0,0.030705096808,0.00094280281337,0.507675671158,0.507675671158,0.314141631126,0.0,0.0,0.0
2014-04-07 19:44:00,0.275334608031,0,0.0384493356225,0.0014783522347,0.50961114988,0.50961114988,0.313783943653,0.0,0.0,0.0
2014-04-07 19:49:00,0.323115195625,0,0.00997891604193,9.95788504952e-05,0.502494708309,0.502494708309,0.313136279583,0.0,0.0,0.0
2014-04-07 19:54:00,0.307428195481,0,0.00520958065541,2.71398803307e-05,0.501302392218,0.501302392218,0.312637776136,0.0,0.0,0.0
2014-04-07 19:59:00,0.305269433993,0,0.00687541173081,4.72714782518e-05,0.501718846162,0.501718846162,0.312144845724,0.0,0.0,0.0
2014-04-07 20:04:00,0.310820534962,0,0.000822290641829,6.76137631217e-07,0.500205572649,0.500205572649,0.311642825603,0.0,0.0,0.0
2014-04-07 20:09:00,0.352330434425,0,0.0411465943887,0.00169304315932,0.510285197532,0.510285197532,0.311183840036,0.0,0.0,0.0
2014-04-07 20:14:00,0.317564094657,0,0.00644444882258,4.15309914388e-05,0.50161110663,0.50161110663,0.311119645834,0.0,0.0,0.0
2014-04-07 20:19:00,0.305372232159,0,0.0057442248261,3.29960494128e-05,0.501436052258,0.501436052258,0.311116456985,0.0,0.0,0.0
2014-04-07 20:24:00,0.313986718477,0,0.0029218195092,8.53703022585e-06,0.500730454358,0.500730454358,0.311064898968,0.0,0.0,0.0
2014-04-07 20:29:00,0.325664590144,0,0.014621327662,0.000213782928768,0.503655266796,0.503655266796,0.311043262482,0.0,0.0,0.0
2014-04-07 20:34:00,0.32634305804,0,0.0151951894066,0.000230893827393,0.50379872426,0.50379872426,0.311147868633,0.0,0.0,0.0
2014-04-07 20:39:00,0.265198708855,0,0.0461724387776,0.00213189423084,0.511541059408,0.511541059408,0.311371147633,0.0,0.0,0.0
2014-04-07 20:44:00,0.306030140422,0,0.00514991471915,2.65214803221e-05,0.501287475834,0.501287475834,0.311180055141,0.0,0.0,0.0
2014-04-07 20:49:00,0.307921626678,0,0.00304260004454,9.25746644498e-06,0.500760649424,0.500760649424,0.310964226723,0.0,0.0,0.0
2014-04-07 20:54:00,0.323608626822,0,0.0128645498549,0.000165496894624,0.503216093109,0.503216093109,0.310744076967,0.0,0.0,0.0
2014-04-07 20:59:00,0.325397314912,0,0.0147421382723,0.000217330569285,0.503685467821,0.503685467821,0.31065517664,0.0,0.0,0.0
2014-04-07 21:04:00,0.290836571476,0,0.019863904694,0.000394574657548,0.504965812893,0.504965812893,0.31070047617,0.0,0.0,0.0
2014-04-07 21:09:00,0.334710828759,0,0.0241384429709,0.000582664797548,0.506034317747,0.506034317747,0.310572385788,0.0,0.0,0.0
2014-04-07 21:14:00,0.29176175497,0,0.0189005742266,0.000357231678208,0.504725002897,0.504725002897,0.310662329197,0.0,0.0,0.0
2014-04-07 21:19:00,0.330126030552,0,0.019543511974,0.000381948339054,0.504885722486,0.504885722486,0.310582518578,0.0,0.0,0.0
2014-04-07 21:24:00,0.277041057588,0,0.0336359045497,0.00113137473818,0.508408183419,0.508408183419,0.310676962137,0.0,0.0,0.0
2014-04-07 21:29:00,0.324081498386,0,0.013605701925,0.000185115452041,0.503401373011,0.503401373011,0.310475796461,0.0,0.0,0.0
2014-04-07 21:34:00,0.2865190485,0,0.0238913914679,0.000570798467379,0.505972563775,0.505972563775,0.310410439968,0.0,0.0,0.0
2014-04-07 21:39:00,0.310573819363,0,0.000425520622676,1.81065189508e-07,0.500106380154,0.500106380154,0.31014829874,0.0,0.0,0.0
2014-04-07 21:44:00,0.321182590103,0,0.0112667196745,0.000126938713947,0.502816650123,0.502816650123,0.309915870428,0.0,0.0,0.0
2014-04-07 21:49:00,0.293447644894,0,0.0163549469067,0.000267484341748,0.50408864559,0.50408864559,0.309802591801,0.0,0.0,0.0
2014-04-07 21:54:00,0.322395608462,0,0.0128343558684,0.000164721059264,0.503208544924,0.503208544924,0.309561252594,0.0,0.0,0.0
2014-04-07 21:59:00,0.328666296593,0,0.019212988011,0.000369139015675,0.504803099253,0.504803099253,0.309453308582,0.0,0.0,0.0
2014-04-07 22:04:00,0.308887929439,0,0.000632017135826,3.99446577148e-07,0.500158004279,0.500158004279,0.309519946575,0.0,0.0,0.0
2014-04-07 22:09:00,0.305022718395,0,0.00455176643043,2.07185948966e-05,0.501137939643,0.501137939643,0.309574484825,0.0,0.0,0.0
2014-04-07 22:14:00,0.332531507638,0,0.0229466516046,0.000526549003553,0.505736411195,0.505736411195,0.309584856033,0.0,0.0,0.0
2014-04-07 22:19:00,0.319496700179,0,0.00970668495823,9.42195620155e-05,0.502426652186,0.502426652186,0.309790015221,0.0,0.0,0.0
2014-04-07 22:24:00,0.347005489422,0,0.0369478195441,0.00136514112819,0.509235904217,0.509235904217,0.310057669878,0.0,0.0,0.0
2014-04-07 22:29:00,0.31234194782,0,0.0017277791757,2.98525696962e-06,0.500431944686,0.500431944686,0.310614168644,0.0,0.0,0.0
2014-04-07 22:34:00,0.315405333169,0,0.00427522671973,1.82776129805e-05,0.501068805052,0.501068805052,0.311130106449,0.0,0.0,0.0
2014-04-07 22:39:00,0.30646189272,0,0.00516942918721,2.67229188466e-05,0.501292354419,0.501292354419,0.311631321907,0.0,0.0,0.0
2014-04-07 22:44:00,0.305742305557,0,0.00629611607359,3.96412287955e-05,0.501574023819,0.501574023819,0.312038421631,0.0,0.0,0.0
2014-04-07 22:49:00,0.309134645038,0,0.00321652216406,1.03460961327e-05,0.500804129848,0.500804129848,0.312351167202,0.0,0.0,0.0
2014-04-07 22:54:00,0.329406443389,0,0.0168012709933,0.000282282591797,0.504200218945,0.504200218945,0.312605172396,0.0,0.0,0.0
2014-04-07 22:59:00,0.34846522338,0,0.0354871941293,0.00125934171956,0.508870867598,0.508870867598,0.312978029251,0.0,0.0,0.0
2014-04-07 23:04:00,0.274861736467,0,0.038756416867,0.00150206091348,0.509687891598,0.509687891598,0.313618153334,0.0,0.0,0.0
2014-04-07 23:09:00,0.330126030552,0,0.0162644220464,0.000264531001449,0.50406601588,0.50406601588,0.313861608505,0.0,0.0,0.0
2014-04-07 23:14:00,0.333744525998,0,0.0195240677285,0.000381189223845,0.504880861889,0.504880861889,0.314220458269,0.0,0.0,0.0
2014-04-07 23:19:00,0.320709718539,0,0.0059984458221,3.59811929229e-05,0.501499606959,0.501499606959,0.314711272717,0.0,0.0,0.0
2014-04-07 23:24:00,0.319990131376,0,0.00478527259615,2.28988046729e-05,0.501196315866,0.501196315866,0.31520485878,0.0,0.0,0.0
2014-04-07 23:29:00,0.326507535106,0,0.0108169580754,0.000117006653454,0.502704213151,0.502704213151,0.31569057703,0.0,0.0,0.0
2014-04-07 23:34:00,0.291391681572,0,0.0248294960056,0.000616504403297,0.506207055115,0.506207055115,0.316221177578,0.0,0.0,0.0
2014-04-07 23:39:00,0.355003186743,0,0.0385183182167,0.0014836601913,0.509628389145,0.509628389145,0.316484868526,0.0,0.0,0.0
2014-04-07 23:44:00,0.26727523181,0,0.0497788014696,0.00247792783193,0.512442131247,0.512442131247,0.317054033279,0.0,0.0,0.0
2014-04-07 23:49:00,0.314747424906,0,0.00238987606223,5.71151713302e-06,0.500597468731,0.500597468731,0.317137300968,0.0,0.0,0.0
2014-04-07 23:54:00,0.345813030696,0,0.0286213106867,0.000819179753307,0.507154839254,0.507154839254,0.317191720009,0.0,0.0,0.0
2014-04-07 23:59:00,0.296572709143,0,0.0209145902994,0.000437419832451,0.50522845699,0.50522845699,0.317487299442,0.0,0.0,0.0
2014-04-08 00:04:00,0.312938177183,0,0.00463498275017,2.14830070036e-05,0.501158743613,0.501158743613,0.317573159933,0.0,0.0,0.0
2014-04-08 00:09:00,0.324081498386,0,0.00647099614303,4.18739437009e-05,0.501617743391,0.501617743391,0.317610502243,0.0,0.0,0.0
2014-04-08 00:14:00,0.339521782931,0,0.0218218439189,0.000476193410577,0.505455244502,0.505455244502,0.317699939013,0.0,0.0,0.0
2014-04-08 00:19:00,0.323855342421,0,0.00588652685558,3.46511769749e-05,0.501471627464,0.501471627464,0.317968815565,0.0,0.0,0.0
2014-04-08 00:24:00,0.327535516766,0,0.00927371456988,8.60016589286e-05,0.502318412027,0.502318412027,0.318261802197,0.0,0.0,0.0
2014-04-08 00:29:00,0.276156993359,0,0.0424488170446,0.00180190219544,0.510610611035,0.510610611035,0.318605810404,0.0,0.0,0.0
2014-04-08 00:34:00,0.310573819363,0,0.00797468117481,6.35955875623e-05,0.501993659728,0.501993659728,0.318548500538,0.0,0.0,0.0
2014-04-08 00:39:00,0.312012993688,0,0.00641498625794,4.11519649788e-05,0.501603741065,0.501603741065,0.318427979946,0.0,0.0,0.0
2014-04-08 00:44:00,0.313719443245,0,0.0045445345209,2.06527201954e-05,0.501136131675,0.501136131675,0.318263977766,0.0,0.0,0.0
2014-04-08 00:49:00,0.311540122124,0,0.00653687587116,4.2730684072e-05,0.501634213149,0.501634213149,0.318076997995,0.0,0.0,0.0
2014-04-08 00:54:00,0.346779333457,0,0.0289272833907,0.000836788502056,0.507231316598,0.507231316598,0.317852050066,0.0,0.0,0.0
2014-04-08 00:59:00,0.302617241308,0,0.0152826712873,0.000233559723711,0.503820593461,0.503820593461,0.317899912596,0.0,0.0,0.0
2014-04-08 01:04:00,0.294886819219,0,0.0229238950257,0.000525504583493,0.505730722798,0.505730722798,0.317810714245,0.0,0.0,0.0
2014-04-08 01:09:00,0.329591480088,0,0.0120594771621,0.000145431054989,0.503014832753,0.503014832753,0.317532002926,0.0,0.0,0.0
2014-04-08 01:14:00,0.347971792183,0,0.0305862974742,0.000935521908104,0.507645978296,0.507645978296,0.317385494709,0.0,0.0,0.0
2014-04-08 01:19:00,0.330126030552,0,0.0126075280778,0.00015894943499,0.503151840271,0.503151840271,0.317518502474,0.0,0.0,0.0
2014-04-08 01:24:00,0.326507535106,0,0.00876000178419,7.67376914155e-05,0.502189986442,0.502189986442,0.317747533321,0.0,0.0,0.0
2014-04-08 01:29:00,0.317851929522,0,0.000177831792815,3.16236707931e-08,0.500044457948,0.500044457948,0.318029761314,0.0,0.0,0.0
2014-04-08 01:34:00,0.312239149654,0,0.00604315654074,3.6519853893e-05,0.501510784537,0.501510784537,0.318282306194,0.0,0.0,0.0
2014-04-08 01:39:00,0.323115195625,0,0.00465794979819,2.16965345317e-05,0.501164485344,0.501164485344,0.318457245827,0.0,0.0,0.0
2014-04-08 01:44:00,0.299471617426,0,0.0191836648326,0.000368013017578,0.504795769134,0.504795769134,0.318655282259,0.0,0.0,0.0
2014-04-08 01:49:00,0.308887929439,0,0.00977888631841,9.56266303547e-05,0.502444702098,0.502444702098,0.318666815758,0.0,0.0,0.0
2014-04-08 01:54:00,0.370587388721,0,0.0519951383738,0.00270349346101,0.512995856873,0.512995856873,0.318592250347,0.0,0.0,0.0
2014-04-08 01:59:00,0.314274553342,0,0.00470226617326,2.21113441512e-05,0.501175564377,0.501175564377,0.318976819515,0.0,0.0,0.0
2014-04-08 02:04:00,0.288122699891,0,0.0311595636263,0.000970917579252,0.507789260689,0.507789260689,0.319282263517,0.0,0.0,0.0
2014-04-08 02:09:00,0.362939205165,0,0.0436529183337,0.00190557760652,0.510911496913,0.510911496913,0.319286286831,0.0,0.0,0.0
2014-04-08 02:14:00,0.294886819219,0,0.0247824870591,0.000614171265624,0.506195304686,0.506195304686,0.319669306278,0.0,0.0,0.0
2014-04-08 02:19:00,0.30646189272,0,0.0133367258352,0.000177868045284,0.503334132039,0.503334132039,0.319798618555,0.0,0.0,0.0
2014-04-08 02:24:00,0.325541232344,0,0.00574216675451,3.29724280164e-05,0.501435537744,0.501435537744,0.31979906559,0.0,0.0,0.0
2014-04-08 02:29:00,0.314192314809,0,0.00565714650796,3.20031940646e-05,0.501414282855,0.501414282855,0.319849461317,0.0,0.0,0.0
2014-04-08 02:34:00,0.305989021156,0,0.013856536057,0.000192003426491,0.503464078588,0.503464078588,0.319845557213,0.0,0.0,0.0
2014-04-08 02:39:00,0.306420773453,0,0.0133006272844,0.000176906687557,0.503325107802,0.503325107802,0.319721400738,0.0,0.0,0.0
2014-04-08 02:44:00,0.342194535249,0,0.0227007646501,0.000515324354637,0.505674947461,0.505674947461,0.319493770599,0.0,0.0,0.0
2014-04-08 02:49:00,0.268447130903,0,0.0510394573365,0.00260502612218,0.512757095074,0.512757095074,0.31948658824,0.0,0.0,0.0
2014-04-08 02:54:00,0.345566315097,0,0.0265303677741,0.000703859725036,0.506632202936,0.506632202936,0.319035947323,0.0,0.0,0.0
2014-04-08 02:59:00,0.288862846687,0,0.0299983696199,0.000899901730008,0.507499030047,0.507499030047,0.318861216307,0.0,0.0,0.0
2014-04-08 03:04:00,0.30646189272,0,0.0119810479921,0.000143545330502,0.502995226169,0.502995226169,0.318442940712,0.0,0.0,0.0
2014-04-08 03:09:00,0.319743415777,0,0.00178124613025,3.17286935569e-06,0.500445311415,0.500445311415,0.317962169647,0.0,0.0,0.0
2014-04-08 03:14:00,0.304878800962,0,0.0126660169623,0.000160427982337,0.503166461908,0.503166461908,0.317544817924,0.0,0.0,0.0
2014-04-08 03:19:00,0.31637163593,0,0.000687195523308,4.72219028325e-07,0.500171798874,0.500171798874,0.317058831453,0.0,0.0,0.0
2014-04-08 03:24:00,0.307202039516,0,0.00941330357826,8.86102570803e-05,0.502353308517,0.502353308517,0.316615343094,0.0,0.0,0.0
2014-04-08 03:29:00,0.363905507926,0,0.0477714127338,0.00228210887872,0.511940582462,0.511940582462,0.316134095192,0.0,0.0,0.0
2014-04-08 03:34:00,0.264725837291,0,0.0513911215655,0.00264104781672,0.512844953505,0.512844953505,0.316116958857,0.0,0.0,0.0
2014-04-08 03:39:00,0.308579534941,0,0.00707539851151,5.00612732139e-05,0.501768842249,0.501768842249,0.315654933453,0.0,0.0,0.0
2014-04-08 03:44:00,0.311930755155,0,0.00324668548798,1.05410272226e-05,0.500811670659,0.500811670659,0.315177440643,0.0,0.0,0.0
2014-04-08 03:49:00,0.303295709205,0,0.011423610139,0.000130499043735,0.502855871477,0.502855871477,0.314719319344,0.0,0.0,0.0
2014-04-08 03:54:00,0.32288903966,0,0.00868142619136,7.53669955884e-05,0.502170342917,0.502170342917,0.314207613468,0.0,0.0,0.0
2014-04-08 03:59:00,0.330845617714,0,0.0170232290652,0.000289790536044,0.504255704495,0.504255704495,0.313822388649,0.0,0.0,0.0
2014-04-08 04:04:00,0.320236846975,0,0.00661318021134,4.37343478552e-05,0.501653289027,0.501653289027,0.313623666763,0.0,0.0,0.0
2014-04-08 04:09:00,0.313554966179,0,5.26842751828e-05,2.77628942058e-09,0.500013171069,0.500013171069,0.313502281904,0.0,0.0,0.0
2014-04-08 04:14:00,0.321696580933,0,0.00830313711014,6.89420630806e-05,0.502075772352,0.502075772352,0.313393443823,0.0,0.0,0.0
2014-04-08 04:19:00,0.325294516746,0,0.0119267327225,0.000142247139593,0.502981647837,0.502981647837,0.313367784023,0.0,0.0,0.0
2014-04-08 04:24:00,0.304776002796,0,0.00867254552085,7.52128689783e-05,0.502168122791,0.502168122791,0.313448548317,0.0,0.0,0.0
2014-04-08 04:29:00,0.329879314953,0,0.0164335978567,0.000270063086646,0.504108307006,0.504108307006,0.313445717096,0.0,0.0,0.0
2014-04-08 04:34:00,0.287382553095,0,0.0262039203697,0.000686645973474,0.506550605268,0.506550605268,0.313586473465,0.0,0.0,0.0
2014-04-08 04:39:00,0.306708608318,0,0.00677600080862,4.59142429463e-05,0.501693993721,0.501693993721,0.313484609127,0.0,0.0,0.0
2014-04-08 04:44:00,0.323115195625,0,0.00978144585379,9.56767617026e-05,0.502445341967,0.502445341967,0.313333749771,0.0,0.0,0.0
2014-04-08 04:49:00,0.295133534818,0,0.0181498192262,0.000329416070599,0.504537330251,0.504537330251,0.313283354044,0.0,0.0,0.0
2014-04-08 04:54:00,0.346573737125,0,0.033494260768,0.00112186570186,0.508372782445,0.508372782445,0.313079476357,0.0,0.0,0.0
2014-04-08 04:59:00,0.315405333169,0,0.0022168995217,4.91466926178e-06,0.500554224653,0.500554224653,0.313188433647,0.0,0.0,0.0
2014-04-08 05:04:00,0.333991241596,0,0.0206853867989,0.000427884719102,0.505171162312,0.505171162312,0.313305854797,0.0,0.0,0.0
2014-04-08 05:09:00,0.295380250416,0,0.0182120643038,0.000331678777002,0.504552890235,0.504552890235,0.31359231472,0.0,0.0,0.0
2014-04-08 05:14:00,0.306132938588,0,0.00755814102817,5.71254386159e-05,0.501889526262,0.501889526262,0.313691079617,0.0,0.0,0.0
2014-04-08 05:19:00,0.352577150024,0,0.0388633014328,0.00151035620365,0.50971460268,0.50971460268,0.313713848591,0.0,0.0,0.0
2014-04-08 05:24:00,0.315405333169,0,0.00133111489569,1.77188235284e-06,0.500332778675,0.500332778675,0.314074218273,0.0,0.0,0.0
2014-04-08 05:29:00,0.288122699891,0,0.0262876587763,0.000691040302627,0.506571536265,0.506571536265,0.314410358667,0.0,0.0,0.0
2014-04-08 05:34:00,0.312753140484,0,0.00172972723377,2.99195471598e-06,0.500432431701,0.500432431701,0.314482867718,0.0,0.0,0.0
2014-04-08 05:39:00,0.312753140484,0,0.00177988454235,3.16798741551e-06,0.500444971018,0.500444971018,0.314533025026,0.0,0.0,0.0
2014-04-08 05:44:00,0.312259709287,0,0.0023028200387,5.3030048548e-06,0.500575704755,0.500575704755,0.314562529325,0.0,0.0,0.0
2014-04-08 05:49:00,0.335430415921,0,0.0208614790966,0.000435201218352,0.505215180638,0.505215180638,0.314568936825,0.0,0.0,0.0
2014-04-08 05:54:00,0.318530397418,0,0.00377269268291,1.42333092299e-05,0.500943172052,0.500943172052,0.314757704735,0.0,0.0,0.0
2014-04-08 05:59:00,0.300684635786,0,0.0142760823688,0.000203806674108,0.503568959978,0.503568959978,0.314960718155,0.0,0.0,0.0
2014-04-08 06:04:00,0.298423076132,0,0.0165951605048,0.000275399157545,0.504148694914,0.504148694914,0.315018236637,0.0,0.0,0.0
2014-04-08 06:09:00,0.323361911224,0,0.00843764130888,7.1193659096e-05,0.502109397813,0.502109397813,0.314924269915,0.0,0.0,0.0
2014-04-08 06:14:00,0.306955323917,0,0.00795848538245,6.33372765151e-05,0.501989610844,0.501989610844,0.314913809299,0.0,0.0,0.0
2014-04-08 06:19:00,0.323217993791,0,0.00838357787836,7.02842808096e-05,0.502095882194,0.502095882194,0.314834415913,0.0,0.0,0.0
2014-04-08 06:24:00,0.300458479821,0,0.0143781712661,0.000206731492653,0.503594480892,0.503594480892,0.314836651087,0.0,0.0,0.0
2014-04-08 06:29:00,0.323731984621,0,0.00901975823056,8.1356112787e-05,0.50225492427,0.50225492427,0.314712226391,0.0,0.0,0.0
2014-04-08 06:34:00,0.335019223257,0,0.0203396900139,0.000413703295635,0.505084747207,0.505084747207,0.314679533243,0.0,0.0,0.0
2014-04-08 06:39:00,0.291967351302,0,0.0228618194014,0.00052266230341,0.505715205925,0.505715205925,0.314829170704,0.0,0.0,0.0
2014-04-08 06:44:00,0.29706614034,0,0.017696392371,0.000313161872327,0.504423982641,0.504423982641,0.314762532711,0.0,0.0,0.0
2014-04-08 06:49:00,0.324081498386,0,0.00953476429145,9.09119553398e-05,0.502383673014,0.502383673014,0.314546734095,0.0,0.0,0.0
2014-04-08 06:54:00,0.301877094513,0,0.0125593411868,0.000157737376867,0.503139794025,0.503139794025,0.314436435699,0.0,0.0,0.0
2014-04-08 06:59:00,0.307202039516,0,0.0070244090203,4.93422994623e-05,0.501756095034,0.501756095034,0.314226448536,0.0,0.0,0.0
2014-04-08 07:04:00,0.30767491108,0,0.00630054229718,3.96967880079e-05,0.501575130364,0.501575130364,0.313975453377,0.0,0.0,0.0
2014-04-08 07:09:00,0.323115195625,0,0.00942131459006,8.87612477527e-05,0.502355311226,0.502355311226,0.313693881035,0.0,0.0,0.0
2014-04-08 07:14:00,0.320709718539,0,0.00718615777622,5.16406726092e-05,0.501796531713,0.501796531713,0.313523560762,0.0,0.0,0.0
2014-04-08 07:19:00,0.338802195769,0,0.0253686678224,0.000643568928353,0.506341826842,0.506341826842,0.313433527946,0.0,0.0,0.0
2014-04-08 07:24:00,0.259544809721,0,0.0540315905594,0.00291941175237,0.513504612338,0.513504612338,0.31357640028,0.0,0.0,0.0
2014-04-08 07:29:00,0.308970167972,0,0.00425837960089,1.81339219125e-05,0.501064593291,0.501064593291,0.313228547573,0.0,0.0,0.0
2014-04-08 07:34:00,0.323423590123,0,0.0105458158846,0.000111214321805,0.502636429537,0.502636429537,0.312877774239,0.0,0.0,0.0
2014-04-08 07:39:00,0.327473837867,0,0.0148187763833,0.000219596462557,0.503704626303,0.503704626303,0.312655061483,0.0,0.0,0.0
2014-04-08 07:44:00,0.328913012192,0,0.0163277775498,0.000266596034635,0.504081853704,0.504081853704,0.312585234642,0.0,0.0,0.0
2014-04-08 07:49:00,0.29706614034,0,0.0156003950374,0.000243371963734,0.503900019663,0.503900019663,0.312666535378,0.0,0.0,0.0
2014-04-08 07:54:00,0.307695470713,0,0.00490645322976,2.40732097154e-05,0.501226610847,0.501226610847,0.312601923943,0.0,0.0,0.0
2014-04-08 07:59:00,0.308867369806,0,0.00363304742639,1.31990673253e-05,0.500908260858,0.500908260858,0.312500417233,0.0,0.0,0.0
2014-04-08 08:04:00,0.309360801003,0,0.00301611540523,9.09694517759e-06,0.50075402828,0.50075402828,0.312376916409,0.0,0.0,0.0
2014-04-08 08:09:00,0.319990131376,0,0.00775105070856,6.00787388976e-05,0.501937752976,0.501937752976,0.312239080667,0.0,0.0,0.0
2014-04-08 08:14:00,0.327453278234,0,0.015269749095,0.000233165454119,0.503817363101,0.503817363101,0.312183529139,0.0,0.0,0.0
2014-04-08 08:19:00,0.285963938403,0,0.0263046465633,0.000691933673806,0.506575782478,0.506575782478,0.312268584967,0.0,0.0,0.0
2014-04-08 08:24:00,0.304549846831,0,0.00756257396662,5.71925811528e-05,0.501890634481,0.501890634481,0.312112420797,0.0,0.0,0.0
2014-04-08 08:29:00,0.315549250601,0,0.00364440297945,1.32817012855e-05,0.500911099736,0.500911099736,0.311904847622,0.0,0.0,0.0
2014-04-08 08:34:00,0.294927938486,0,0.0168223244901,0.000282991066342,0.504205481947,0.504205481947,0.311750262976,0.0,0.0,0.0
2014-04-08 08:39:00,0.324574929583,0,0.0131128550651,0.000171946652699,0.503278166794,0.503278166794,0.311462074518,0.0,0.0,0.0
2014-04-08 08:44:00,0.285717222805,0,0.0256015919497,0.000655441719573,0.50640004842,0.50640004842,0.311318814754,0.0,0.0,0.0
2014-04-08 08:49:00,0.30346018627,0,0.00750284835954,5.62928144063e-05,0.501875703291,0.501875703291,0.31096303463,0.0,0.0,0.0
2014-04-08 08:54:00,0.35198092066,0,0.0414046605705,0.00171434623189,0.510349686606,0.510349686606,0.31057626009,0.0,0.0,0.0
2014-04-08 08:59:00,0.290795452209,0,0.0197995535415,0.000392022600863,0.504949726686,0.504949726686,0.310595005751,0.0,0.0,0.0
2014-04-08 09:04:00,0.293673800859,0,0.0167626863385,0.000280987238511,0.50419057346,0.50419057346,0.310436487198,0.0,0.0,0.0
2014-04-08 09:09:00,0.355208783075,0,0.0450634943695,0.00203071860597,0.511263967495,0.511263967495,0.310145288706,0.0,0.0,0.0
2014-04-08 09:14:00,0.324081498386,0,0.0137991189973,0.000190416016267,0.503449725009,0.503449725009,0.310282379389,0.0,0.0,0.0
2014-04-08 09:19:00,0.328193425029,0,0.0176654148994,0.000312066928018,0.504416238879,0.504416238879,0.31052801013,0.0,0.0,0.0
2014-04-08 09:24:00,0.328666296593,0,0.0177605420271,0.000315436947858,0.504440018795,0.504440018795,0.310905754566,0.0,0.0,0.0
2014-04-08 09:29:00,0.330640021382,0,0.0192366276366,0.000370047724573,0.504809008613,0.504809008613,0.311403393745,0.0,0.0,0.0
2014-04-08 09:34:00,0.366084829047,0,0.0540626198792,0.00292276847176,0.513512364006,0.513512364006,0.312022209167,0.0,0.0,0.0
2014-04-08 09:39:00,0.308517856041,0,0.00454028185223,2.06142740353e-05,0.501135068513,0.501135068513,0.313058137894,0.0,0.0,0.0
2014-04-08 09:44:00,0.329529801188,0,0.0155788453206,0.000242700130912,0.503894632561,0.503894632561,0.313950955868,0.0,0.0,0.0
2014-04-08 09:49:00,0.331092333313,0,0.0161989088018,0.000262404471869,0.504049638647,0.504049638647,0.314893424511,0.0,0.0,0.0
2014-04-08 09:54:00,0.352803305989,0,0.0369169873054,0.00136286497582,0.509228198785,0.509228198785,0.315886318684,0.0,0.0,0.0
2014-04-08 09:59:00,0.32698040667,0,0.00987180533783,9.74526483333e-05,0.502467931292,0.502467931292,0.317108601332,0.0,0.0,0.0
2014-04-08 10:04:00,0.349431526142,0,0.0311340207629,0.000969326531049,0.507782876521,0.507782876521,0.318297505379,0.0,0.0,0.0
2014-04-08 10:09:00,0.368428627233,0,0.0487831032083,0.00237979018129,0.512193357761,0.512193357761,0.319645524025,0.0,0.0,0.0
2014-04-08 10:14:00,0.307921626678,0,0.0133717869609,0.000178804912139,0.50334289693,0.50334289693,0.321293413639,0.0,0.0,0.0
2014-04-08 10:19:00,0.32046300294,0,0.0021953570644,4.81959796161e-06,0.500548839046,0.500548839046,0.322658360004,0.0,0.0,0.0
2014-04-08 10:24:00,0.325602911244,0,0.0017345769507,3.00878355119e-06,0.500433644129,0.500433644129,0.323868334293,0.0,0.0,0.0
2014-04-08 10:29:00,0.320709718539,0,0.00426401369443,1.81819250429e-05,0.501066001808,0.501066001808,0.324973732233,0.0,0.0,0.0
2014-04-08 10:34:00,0.378626205308,0,0.0526949840618,0.00277676060796,0.513170698499,0.513170698499,0.325931221247,0.0,0.0,0.0
2014-04-08 10:39:00,0.30767491108,0,0.0195896362684,0.000383753707865,0.504897252456,0.504897252456,0.327264547348,0.0,0.0,0.0
2014-04-08 10:44:00,0.345278480232,0,0.0169888820054,0.000288621813525,0.504247118351,0.504247118351,0.328289598227,0.0,0.0,0.0
2014-04-08 10:49:00,0.317810810255,0,0.011554502798,0.000133506691782,0.502888593562,0.502888593562,0.329365313053,0.0,0.0,0.0
2014-04-08 10:54:00,0.342420691215,0,0.0121903955568,0.00014860588999,0.503047561149,0.503047561149,0.330230295658,0.0,0.0,0.0
2014-04-08 10:59:00,0.350809021567,0,0.0196900206553,0.000387696374673,0.504922346133,0.504922346133,0.331119000912,0.0,0.0,0.0
2014-04-08 11:04:00,0.308887929439,0,0.0232086770537,0.000538642751053,0.505801908836,0.505801908836,0.332096606493,0.0,0.0,0.0
2014-04-08 11:09:00,0.355064865643,0,0.0222972002566,0.000497165310662,0.50557406913,0.50557406913,0.332767665386,0.0,0.0,0.0
2014-04-08 11:14:00,0.327288801168,0,0.0062842123763,3.94912603952e-05,0.501571047924,0.501571047924,0.333573013544,0.0,0.0,0.0
2014-04-08 11:19:00,0.333991241596,0,0.000250327445956,6.2669869294e-08,0.500062581861,0.500062581861,0.334241569042,0.0,0.0,0.0
2014-04-08 11:24:00,0.334710828759,0,0.00013060142841,1.70547345135e-08,0.500032650357,0.500032650357,0.334841430187,0.0,0.0,0.0
2014-04-08 11:29:00,0.321429305701,0,0.013951248498,0.000194637148525,0.503487755554,0.503487755554,0.335380554199,0.0,0.0,0.0
2014-04-08 11:34:00,0.329632599354,0,0.00610713243421,3.72969370801e-05,0.501526778363,0.501526778363,0.335739731789,0.0,0.0,0.0
2014-04-08 11:39:00,0.292954213697,0,0.0430536793887,0.00185361993499,0.510761757548,0.510761757548,0.336007893085,0.0,0.0,0.0
2014-04-08 11:44:00,0.322642324061,0,0.0132171236567,0.000174692293513,0.503304232812,0.503304232812,0.335859447718,0.0,0.0,0.0
2014-04-08 11:49:00,0.294413947655,0,0.0411922399268,0.00169680011459,0.510296604083,0.510296604083,0.335606187582,0.0,0.0,0.0
2014-04-08 11:54:00,0.349184810543,0,0.0141790503501,0.000201045491849,0.503544703201,0.503544703201,0.335005760193,0.0,0.0,0.0
2014-04-08 11:59:00,0.282078167725,0,0.0525153965464,0.00275786593556,0.513125832667,0.513125832667,0.334593564272,0.0,0.0,0.0
2014-04-08 12:04:00,0.331030654413,0,0.00271807362376,7.38785684007e-06,0.500679517988,0.500679517988,0.333748728037,0.0,0.0,0.0
2014-04-08 12:09:00,0.303953617467,0,0.0290100279908,0.000841581728309,0.507251998409,0.507251998409,0.332963645458,0.0,0.0,0.0
2014-04-08 12:14:00,0.307921626678,0,0.0240738009303,0.000579548301175,0.506018159584,0.506018159584,0.331995427608,0.0,0.0,0.0
2014-04-08 12:19:00,0.34379818664,0,0.0128912590547,0.000166184661794,0.503222770133,0.503222770133,0.330906927586,0.0,0.0,0.0
2014-04-08 12:24:00,0.293427085261,0,0.0366164094406,0.00134076178074,0.509153079708,0.509153079708,0.330043494701,0.0,0.0,0.0
2014-04-08 12:29:00,0.30767491108,0,0.0212619637869,0.000452070962638,0.505315290707,0.505315290707,0.328936874866,0.0,0.0,0.0
2014-04-08 12:34:00,0.324328213985,0,0.00342127675325,1.17051349662e-05,0.500855318354,0.500855318354,0.327749490738,0.0,0.0,0.0
2014-04-08 12:39:00,0.311293406526,0,0.0153564977255,0.000235822430113,0.503839048987,0.503839048987,0.326649904251,0.0,0.0,0.0
2014-04-08 12:44:00,0.280577314501,0,0.0449447506619,0.00202003167942,0.511234296594,0.511234296594,0.325522065163,0.0,0.0,0.0
2014-04-08 12:49:00,0.303994736734,0,0.0201092743249,0.000404382590204,0.505027149175,0.505027149175,0.324104011059,0.0,0.0,0.0
2014-04-08 12:54:00,0.323608626822,0,0.000961293676956,9.24104824662e-07,0.500240323401,0.500240323401,0.322647333145,0.0,0.0,0.0
2014-04-08 12:59:00,0.31637163593,0,0.00497327612214,2.47333409789e-05,0.501243316468,0.501243316468,0.321344912052,0.0,0.0,0.0
2014-04-08 13:04:00,0.313945599211,0,0.00618239461159,3.82221005566e-05,0.50154559373,0.50154559373,0.320127993822,0.0,0.0,0.0
2014-04-08 13:09:00,0.299965048624,0,0.0190121285196,0.000361460843123,0.504752888965,0.504752888965,0.318977177143,0.0,0.0,0.0
2014-04-08 13:14:00,0.309011287239,0,0.00875967070814,7.67319506849e-05,0.502189903674,0.502189903674,0.317770957947,0.0,0.0,0.0
2014-04-08 13:19:00,0.304878800962,0,0.0117278994582,0.000137543625897,0.502931941259,0.502931941259,0.31660670042,0.0,0.0,0.0
2014-04-08 13:24:00,0.32046300294,0,0.00500935437283,2.50936191151e-05,0.501252335974,0.501252335974,0.315453648567,0.0,0.0,0.0
2014-04-08 13:29:00,0.370895783219,0,0.056435148034,0.00318492483348,0.514105043581,0.514105043581,0.314460635185,0.0,0.0,0.0
2014-04-08 13:34:00,0.27776064475,0,0.0363126794534,0.00131860992406,0.509077172447,0.509077172447,0.314073324203,0.0,0.0,0.0
2014-04-08 13:39:00,0.31106725056,0,0.00233286898283,5.44226486454e-06,0.500583216981,0.500583216981,0.313400119543,0.0,0.0,0.0
2014-04-08 13:44:00,0.32691872777,0,0.0141455596829,0.000200096677872,0.503536330954,0.503536330954,0.312773168087,0.0,0.0,0.0
2014-04-08 13:49:00,0.30467320463,0,0.00766210773646,5.87080430705e-05,0.501915517563,0.501915517563,0.312335312366,0.0,0.0,0.0
2014-04-08 13:54:00,0.32576738831,0,0.0138947868007,0.000193065367057,0.503473640814,0.503473640814,0.311872601509,0.0,0.0,0.0
2014-04-08 13:59:00,0.307921626678,0,0.00365873325758,1.33863904921e-05,0.500914682294,0.500914682294,0.311580359936,0.0,0.0,0.0
2014-04-08 14:04:00,0.332284792039,0,0.0210003095602,0.000441012438387,0.505249884453,0.505249884453,0.311284482479,0.0,0.0,0.0
2014-04-08 14:09:00,0.317337938691,0,0.00613177671531,3.75985800929e-05,0.501532939376,0.501532939376,0.311206161976,0.0,0.0,0.0
2014-04-08 14:14:00,0.296346553177,0,0.0148440221838,0.000220345231355,0.503710937406,0.503710937406,0.311190575361,0.0,0.0,0.0
2014-04-08 14:19:00,0.353625691318,0,0.0425821904174,0.00181324244477,0.510643939316,0.510643939316,0.3110435009,0.0,0.0,0.0
2014-04-08 14:24:00,0.315549250601,0,0.00425672149523,1.81197101483e-05,0.501064178767,0.501064178767,0.311292529106,0.0,0.0,0.0
2014-04-08 14:29:00,0.306174057855,0,0.00538091050228,2.89540712402e-05,0.50134522438,0.50134522438,0.311554968357,0.0,0.0,0.0
2014-04-08 14:34:00,0.326014103908,0,0.014271082897,0.000203663745197,0.503567710173,0.503567710173,0.311743021011,0.0,0.0,0.0
2014-04-08 14:39:00,0.311786837723,0,0.000253550861322,6.42917399318e-08,0.500063387715,0.500063387715,0.312040388584,0.0,0.0,0.0
2014-04-08 14:44:00,0.321429305701,0,0.00912343802922,8.32372388686e-05,0.502280843686,0.502280843686,0.312305867672,0.0,0.0,0.0
2014-04-08 14:49:00,0.295750323814,0,0.0168766042768,0.00028481989284,0.504219050931,0.504219050931,0.312626928091,0.0,0.0,0.0
2014-04-08 14:54:00,0.328028947964,0,0.0152646609686,0.00023300985049,0.503816091144,0.503816091144,0.312764286995,0.0,0.0,0.0
2014-04-08 14:59:00,0.306893645017,0,0.00613159111239,3.75963900296e-05,0.501532892975,0.501532892975,0.31302523613,0.0,0.0,0.0
2014-04-08 15:04:00,0.328193425029,0,0.0149883914886,0.000224651914323,0.503747027724,0.503747027724,0.313205033541,0.0,0.0,0.0
2014-04-08 15:09:00,0.358107691359,0,0.0446058564894,0.00198968197219,0.511149615501,0.511149615501,0.313501834869,0.0,0.0,0.0
2014-04-08 15:14:00,0.279898846605,0,0.0342714245536,0.00117453013081,0.508567017636,0.508567017636,0.314170271158,0.0,0.0,0.0
2014-04-08 15:19:00,0.305022718395,0,0.00944068840652,8.91266317922e-05,0.502360154572,0.502360154572,0.314463406801,0.0,0.0,0.0
2014-04-08 15:24:00,0.3450728839,0,0.0304305141526,0.000926016888116,0.507607041527,0.507607041527,0.314642369747,0.0,0.0,0.0
2014-04-08 15:29:00,0.292234626534,0,0.0228428869221,0.000521797337569,0.505710473423,0.505710473423,0.315077513456,0.0,0.0,0.0
2014-04-08 15:34:00,0.329406443389,0,0.0141429932433,0.000200024165679,0.503535689376,0.503535689376,0.315263450146,0.0,0.0,0.0
2014-04-08 15:39:00,0.291268323773,0,0.024290050155,0.00059000676265,0.506072213988,0.506072213988,0.315558373928,0.0,0.0,0.0
2014-04-08 15:44:00,0.3098542322,0,0.00575057374585,3.30690163537e-05,0.501437639475,0.501437639475,0.315604805946,0.0,0.0,0.0
2014-04-08 15:49:00,0.307428195481,0,0.00816650747807,6.66920750518e-05,0.502041615523,0.502041615523,0.315594702959,0.0,0.0,0.0
2014-04-08 15:54:00,0.354735911511,0,0.0392239696015,0.00153851974756,0.509804735368,0.509804735368,0.31551194191,0.0,0.0,0.0
2014-04-08 15:59:00,0.305022718395,0,0.0107686500898,0.000115963863209,0.502692136507,0.502692136507,0.315791368484,0.0,0.0,0.0
2014-04-08 16:04:00,0.349184810543,0,0.0332390660285,0.00110483553726,0.508309001515,0.508309001515,0.315945744514,0.0,0.0,0.0
2014-04-08 16:09:00,0.329879314953,0,0.0134944630205,0.000182100498932,0.503373564561,0.503373564561,0.316384851933,0.0,0.0,0.0
2014-04-08 16:14:00,0.299224901828,0,0.0176772588168,0.000312485091854,0.504419199627,0.504419199627,0.316902160645,0.0,0.0,0.0
2014-04-08 16:19:00,0.322642324061,0,0.00543415317013,2.95300451398e-05,0.501358534949,0.501358534949,0.317208170891,0.0,0.0,0.0
2014-04-08 16:24:00,0.304056415634,0,0.0134764515597,0.000181615003385,0.503369061901,0.503369061901,0.317532867193,0.0,0.0,0.0
2014-04-08 16:29:00,0.30237052571,0,0.0153327213605,0.000235092564253,0.503833105246,0.503833105246,0.31770324707,0.0,0.0,0.0
2014-04-08 16:34:00,0.305742305557,0,0.011975544651,0.000143413955811,0.502993850383,0.502993850383,0.317717850208,0.0,0.0,0.0
2014-04-08 16:39:00,0.332531507638,0,0.0149090248613,0.000222279151785,0.503727187176,0.503727187176,0.317622482777,0.0,0.0,0.0
2014-04-08 16:44:00,0.329632599354,0,0.0119608831412,0.000143062978168,0.502990185137,0.502990185137,0.317671716213,0.0,0.0,0.0
2014-04-08 16:49:00,0.316453874463,0,0.00137060845491,1.87856846878e-06,0.50034265206,0.50034265206,0.317824482918,0.0,0.0,0.0
2014-04-08 16:54:00,0.30646189272,0,0.011487759952,0.000131968452479,0.502871908405,0.502871908405,0.317949652672,0.0,0.0,0.0
2014-04-08 16:59:00,0.307202039516,0,0.0107560770158,0.000115693161206,0.502688993329,0.502688993329,0.317958116531,0.0,0.0,0.0
2014-04-08 17:04:00,0.307140360616,0,0.0107276634948,0.000115082984848,0.502681890154,0.502681890154,0.317868024111,0.0,0.0,0.0
2014-04-08 17:09:00,0.323115195625,0,0.00542571722754,2.94384535664e-05,0.501356425979,0.501356425979,0.317689478397,0.0,0.0,0.0
2014-04-08 17:14:00,0.310100947799,0,0.00747706991255,5.59066502319e-05,0.501869258769,0.501869258769,0.317578017712,0.0,0.0,0.0
2014-04-08 17:19:00,0.307921626678,0,0.00948806751661,9.0023582743e-05,0.502371999085,0.502371999085,0.317409694195,0.0,0.0,0.0
2014-04-08 17:24:00,0.352330434425,0,0.0351585627629,0.00123612536117,0.508788735378,0.508788735378,0.317171871662,0.0,0.0,0.0
2014-04-08 17:29:00,0.329056929624,0,0.0117794385317,0.000138754912768,0.502944825582,0.502944825582,0.317277491093,0.0,0.0,0.0
2014-04-08 17:34:00,0.300746314686,0,0.0167334149667,0.00028000693419,0.50418325613,0.50418325613,0.317479729652,0.0,0.0,0.0
2014-04-08 17:39:00,0.313472727647,0,0.00403680432825,1.6295867681e-05,0.501009199712,0.501009199712,0.317509531975,0.0,0.0,0.0
2014-04-08 17:44:00,0.310327103764,0,0.00717256364161,5.14455423399e-05,0.501793133223,0.501793133223,0.317499667406,0.0,0.0,0.0
2014-04-08 17:49:00,0.306708608318,0,0.0107168215026,0.000114850350656,0.502679179734,0.502679179734,0.317425429821,0.0,0.0,0.0
2014-04-08 17:54:00,0.343695388474,0,0.0264344078682,0.000698778661899,0.506608217165,0.506608217165,0.317260980606,0.0,0.0,0.0
2014-04-08 17:59:00,0.305783424824,0,0.0115703900166,0.000133874011226,0.502892565234,0.502892565234,0.31735381484,0.0,0.0,0.0
2014-04-08 18:04:00,0.30940192027,0,0.00792998986362,6.28845955362e-05,0.501982487077,0.501982487077,0.317331910133,0.0,0.0,0.0
2014-04-08 18:09:00,0.339151709534,0,0.0219118289717,0.000480128277559,0.505477738077,0.505477738077,0.317239880562,0.0,0.0,0.0
2014-04-08 18:14:00,0.324081498386,0,0.00672458410422,4.52201929875e-05,0.501681139691,0.501681139691,0.317356914282,0.0,0.0,0.0
2014-04-08 18:19:00,0.380558810831,0,0.0630351525552,0.00397343141958,0.515753572174,0.515753572174,0.317523658276,0.0,0.0,0.0
2014-04-08 18:24:00,0.268591048336,0,0.0496569255832,0.00246581039391,0.512411681096,0.512411681096,0.318247973919,0.0,0.0,0.0
2014-04-08 18:29:00,0.347745636218,0,0.0292985529831,0.000858404673636,0.507324114332,0.507324114332,0.318447083235,0.0,0.0,0.0
2014-04-08 18:34:00,0.339562902198,0,0.0206696781969,0.000427235208917,0.505167235582,0.505167235582,0.318893224001,0.0,0.0,0.0
2014-04-08 18:39:00,0.293673800859,0,0.0258094793225,0.000666128587909,0.506452011678,0.506452011678,0.319483280182,0.0,0.0,0.0
2014-04-08 18:44:00,0.330331626884,0,0.0105524990475,0.000111355162517,0.502638100281,0.502638100281,0.319779127836,0.0,0.0,0.0
2014-04-08 18:49:00,0.286210654002,0,0.0339311680978,0.00115132401697,0.508481978248,0.508481978248,0.3201418221,0.0,0.0,0.0
2014-04-08 18:54:00,0.322436727729,0,0.00227809711926,5.1896918194e-06,0.500569524034,0.500569524034,0.32015863061,0.0,0.0,0.0
2014-04-08 18:59:00,0.331935278275,0,0.011740676262,0.000137843671837,0.50293513535,0.50293513535,0.320194602013,0.0,0.0,0.0
2014-04-08 19:04:00,0.281543617262,0,0.0387905788288,0.00150470936205,0.509696428879,0.509696428879,0.320334196091,0.0,0.0,0.0
2014-04-08 19:09:00,0.355208783075,0,0.0351031707973,0.00123223266564,0.508774891659,0.508774891659,0.320105612278,0.0,0.0,0.0
2014-04-08 19:14:00,0.272682415346,0,0.0475379358735,0.00225985399447,0.511882246373,0.511882246373,0.320220351219,0.0,0.0,0.0
2014-04-08 19:19:00,0.303953617467,0,0.0159364048104,0.000253968988545,0.503984016885,0.503984016885,0.319890022278,0.0,0.0,0.0
2014-04-08 19:24:00,0.310738296429,0,0.00870898254765,7.58463938837e-05,0.502177231876,0.502177231876,0.319447278976,0.0,0.0,0.0
2014-04-08 19:29:00,0.305989021156,0,0.0129802285695,0.000168486178154,0.503245011581,0.503245011581,0.318969249725,0.0,0.0,0.0
2014-04-08 19:34:00,0.312095232221,0,0.00632529714448,4.00094759243e-05,0.501581319014,0.501581319014,0.318420529366,0.0,0.0,0.0
2014-04-08 19:39:00,0.364789572154,0,0.0469207731829,0.0022015592549,0.51172804171,0.51172804171,0.317868798971,0.0,0.0,0.0
2014-04-08 19:44:00,0.274615020868,0,0.0431853221686,0.0018649721751,0.51079465295,0.51079465295,0.317800343037,0.0,0.0,0.0
2014-04-08 19:49:00,0.294413947655,0,0.0229314629302,0.000525851675775,0.505732614526,0.505732614526,0.317345410585,0.0,0.0,0.0
2014-04-08 19:54:00,0.321182590103,0,0.00445554790441,1.98518064281e-05,0.501113885133,0.501113885133,0.316727042198,0.0,0.0,0.0
2014-04-08 19:59:00,0.305989021156,0,0.0102219342255,0.000104487822682,0.502555461305,0.502555461305,0.316210955381,0.0,0.0,0.0
2014-04-08 20:04:00,0.332387590205,0,0.0167344150898,0.000280040840153,0.504183506144,0.504183506144,0.315653175116,0.0,0.0,0.0
2014-04-08 20:09:00,0.30755155328,0,0.00775204059369,6.00939856668e-05,0.501938000443,0.501938000443,0.315303593874,0.0,0.0,0.0
2014-04-08 20:14:00,0.323279672691,0,0.0083615122521,6.99149895809e-05,0.502090365884,0.502090365884,0.314918160439,0.0,0.0,0.0
2014-04-08 20:19:00,0.321244269002,0,0.00659689246492,4.35189976997e-05,0.501649217135,0.501649217135,0.314647376537,0.0,0.0,0.0
2014-04-08 20:24:00,0.278233516314,0,0.0362302183127,0.00131262780633,0.509056563941,0.509056563941,0.314463734627,0.0,0.0,0.0
2014-04-08 20:29:00,0.306482452353,0,0.00748584846635,5.60377520742e-05,0.501871453377,0.501871453377,0.313968300819,0.0,0.0,0.0
2014-04-08 20:34:00,0.330660581015,0,0.0172066086756,0.000296067388263,0.50430154604,0.50430154604,0.31345397234,0.0,0.0,0.0
2014-04-08 20:39:00,0.283537901684,0,0.0296099412002,0.000876749050803,0.507401944504,0.507401944504,0.313147842884,0.0,0.0,0.0
2014-04-08 20:44:00,0.319743415777,0,0.00714095539309,5.0993370678e-05,0.501785231262,0.501785231262,0.312602460384,0.0,0.0,0.0
2014-04-08 20:49:00,0.304303131232,0,0.00787342416299,6.19906786596e-05,0.501968345872,0.501968345872,0.312176555395,0.0,0.0,0.0
2014-04-08 20:54:00,0.341947819651,0,0.0302265245326,0.000913643045351,0.507556055847,0.507556055847,0.311721295118,0.0,0.0,0.0
2014-04-08 20:59:00,0.309134645038,0,0.0024525992343,6.01530518907e-06,0.500613149501,0.500613149501,0.311587244272,0.0,0.0,0.0
2014-04-08 21:04:00,0.335903287485,0,0.0244591241629,0.000598248734605,0.506114476212,0.506114476212,0.311444163322,0.0,0.0,0.0
2014-04-08 21:09:00,0.334916425091,0,0.0233779076158,0.000546525989193,0.505844210738,0.505844210738,0.311538517475,0.0,0.0,0.0
2014-04-08 21:14:00,0.297230617406,0,0.0146061617118,0.000213339561014,0.503651475511,0.503651475511,0.311836779118,0.0,0.0,0.0
2014-04-08 21:19:00,0.335183700323,0,0.0232116782662,0.000538782449439,0.505802659038,0.505802659038,0.311972022057,0.0,0.0,0.0
2014-04-08 21:24:00,0.324328213985,0,0.012022465522,0.000144539677422,0.503005580178,0.503005580178,0.312305748463,0.0,0.0,0.0
2014-04-08 21:29:00,0.374411480499,0,0.0616953540572,0.00380631838925,0.515418948041,0.515418948041,0.312716126442,0.0,0.0,0.0
2014-04-08 21:34:00,0.324657168116,0,0.0110090038438,0.0001211982526,0.502752223164,0.502752223164,0.313648164272,0.0,0.0,0.0
2014-04-08 21:39:00,0.330722259915,0,0.0161341303945,0.000260310567683,0.504033445103,0.504033445103,0.31458812952,0.0,0.0,0.0
2014-04-08 21:44:00,0.331051214046,0,0.015468968458,0.000239288565353,0.503867165001,0.503867165001,0.315582245588,0.0,0.0,0.0
2014-04-08 21:49:00,0.338576039803,0,0.021956941617,0.000482107658172,0.505489014882,0.505489014882,0.316619098186,0.0,0.0,0.0
2014-04-08 21:54:00,0.352803305989,0,0.0350493949706,0.00122846104205,0.508761451837,0.508761451837,0.317753911018,0.0,0.0,0.0
2014-04-08 21:59:00,0.311725158823,0,0.0073715256327,5.43392343388e-05,0.501842873063,0.501842873063,0.319096684456,0.0,0.0,0.0
2014-04-08 22:04:00,0.326404736939,0,0.00616620630366,3.80222663807e-05,0.501541546692,0.501541546692,0.320238530636,0.0,0.0,0.0
2014-04-08 22:09:00,0.345484076564,0,0.0241603837655,0.000583724235184,0.506039802146,0.506039802146,0.321323692799,0.0,0.0,0.0
2014-04-08 22:14:00,0.324739406649,0,0.00221640879285,4.91242326461e-06,0.500554101971,0.500554101971,0.322522997856,0.0,0.0,0.0
2014-04-08 22:19:00,0.351199654598,0,0.0275760569762,0.000760439026635,0.506893577404,0.506893577404,0.323623597622,0.0,0.0,0.0
2014-04-08 22:24:00,0.360266452846,0,0.0353978334045,0.00125300616492,0.508848534431,0.508848534431,0.324868619442,0.0,0.0,0.0
2014-04-08 22:29:00,0.290795452209,0,0.0355201295894,0.00126168003771,0.508879098869,0.508879098869,0.326315581799,0.0,0.0,0.0
2014-04-08 22:34:00,0.32046300294,0,0.00682741282383,4.66135825263e-05,0.501706846576,0.501706846576,0.327290415764,0.0,0.0,0.0
2014-04-08 22:39:00,0.317564094657,0,0.01054135502,0.000111120054498,0.502635314352,0.502635314352,0.328105449677,0.0,0.0,0.0
2014-04-08 22:44:00,0.318777113016,0,0.00996488446409,9.929890075e-05,0.502491200502,0.502491200502,0.32874199748,0.0,0.0,0.0
2014-04-08 22:49:00,0.318777113016,0,0.010446042959,0.000109119791887,0.502611486993,0.502611486993,0.329223155975,0.0,0.0,0.0
2014-04-08 22:54:00,0.372047122679,0,0.0424873792749,0.00180517765693,0.510620247248,0.510620247248,0.329559743404,0.0,0.0,0.0
2014-04-08 22:59:00,0.310244865232,0,0.0200107027959,0.000400428514695,0.505002508771,0.505002508771,0.330255568027,0.0,0.0,0.0
2014-04-08 23:04:00,0.312979296449,0,0.0177175843681,0.000313912285492,0.504429280225,0.504429280225,0.330696880817,0.0,0.0,0.0
2014-04-08 23:09:00,0.343078599478,0,0.0121484260807,0.000147584592924,0.503037069168,0.503037069168,0.330930173397,0.0,0.0,0.0
2014-04-08 23:14:00,0.327144883735,0,0.00410786999931,1.6874535504e-05,0.501026966056,0.501026966056,0.331252753735,0.0,0.0,0.0
2014-04-08 23:19:00,0.341454388454,0,0.0099492090485,9.89867257886e-05,0.502487281745,0.502487281745,0.331505179405,0.0,0.0,0.0
2014-04-08 23:24:00,0.363185920763,0,0.031361171055,0.000983522506431,0.507839650235,0.507839650235,0.331824749708,0.0,0.0,0.0
2014-04-08 23:29:00,0.309936470733,0,0.0224669506686,0.000504764204379,0.505616501419,0.505616501419,0.332403421402,0.0,0.0,0.0
2014-04-08 23:34:00,0.331565204877,0,0.0011506044685,1.32389891405e-06,0.500287651085,0.500287651085,0.332715809345,0.0,0.0,0.0
2014-04-08 23:39:00,0.331565204877,0,0.0014212393581,2.01993157134e-06,0.50035530978,0.50035530978,0.332986444235,0.0,0.0,0.0
2014-04-08 23:44:00,0.343386993976,0,0.0101700287775,0.000103429767478,0.50254248528,0.50254248528,0.333216965199,0.0,0.0,0.0
2014-04-08 23:49:00,0.31106725056,0,0.0224518505826,0.000504085444845,0.505612726873,0.505612726873,0.333519101143,0.0,0.0,0.0
2014-04-08 23:54:00,0.366434342811,0,0.0328521203496,0.00107926130295,0.5082122915,0.5082122915,0.333582222462,0.0,0.0,0.0
2014-04-08 23:59:00,0.308887929439,0,0.0250567488672,0.000627840694506,0.506263859495,0.506263859495,0.333944678307,0.0,0.0,0.0
2014-04-09 00:04:00,0.32698040667,0,0.00705737409217,4.98064546264e-05,0.5017643362,0.5017643362,0.334037780762,0.0,0.0,0.0
2014-04-09 00:09:00,0.341145993955,0,0.00709009338174,5.02694019815e-05,0.50177251592,0.50177251592,0.334055900574,0.0,0.0,0.0
2014-04-09 00:14:00,0.32570570941,0,0.00843250517802,7.11071843398e-05,0.502108113803,0.502108113803,0.334138214588,0.0,0.0,0.0
2014-04-09 00:19:00,0.336992948046,0,0.002859203806,8.17505315354e-06,0.500714800465,0.500714800465,0.33413374424,0.0,0.0,0.0
2014-04-09 00:24:00,0.314274553342,0,0.0198818406629,0.000395287730498,0.504970296442,0.504970296442,0.334156394005,0.0,0.0,0.0
2014-04-09 00:29:00,0.348033471083,0,0.0140421223394,0.000197180837858,0.503510472902,0.503510472902,0.333991348743,0.0,0.0,0.0
2014-04-09 00:34:00,0.331811920475,0,0.00216184489789,4.67351173938e-06,0.500540461014,0.500540461014,0.333973765373,0.0,0.0,0.0
2014-04-09 00:39:00,0.337363021444,0,0.00342525727591,1.17324771054e-05,0.500856313482,0.500856313482,0.333937764168,0.0,0.0,0.0
2014-04-09 00:44:00,0.305454470692,0,0.028482876243,0.000811274687294,0.507120237695,0.507120237695,0.333937346935,0.0,0.0,0.0
2014-04-09 00:49:00,0.322395608462,0,0.0112753653154,0.000127133534988,0.502818811465,0.502818811465,0.333670973778,0.0,0.0,0.0
2014-04-09 00:54:00,0.343880425173,0,0.0105545622887,0.00011139857088,0.502638616077,0.502638616077,0.333325862885,0.0,0.0,0.0
2014-04-09 00:59:00,0.34846522338,0,0.0153514636243,0.000235667757806,0.503837790536,0.503837790536,0.333113759756,0.0,0.0,0.0
2014-04-09 01:04:00,0.346532617858,0,0.0134663332016,0.000181341994903,0.503366532426,0.503366532426,0.333066284657,0.0,0.0,0.0
2014-04-09 01:09:00,0.319743415777,0,0.0134060173585,0.000179721057066,0.503351454146,0.503351454146,0.333149433136,0.0,0.0,0.0
2014-04-09 01:14:00,0.323567507556,0,0.00953138084155,9.08471774892e-05,0.502382827171,0.502382827171,0.333098888397,0.0,0.0,0.0
2014-04-09 01:19:00,0.3216760213,0,0.0112881606002,0.000127422696096,0.502822010184,0.502822010184,0.3329641819,0.0,0.0,0.0
2014-04-09 01:24:00,0.324328213985,0,0.0084090530327,7.07121726009e-05,0.50210225087,0.50210225087,0.332737267017,0.0,0.0,0.0
2014-04-09 01:29:00,0.327268241535,0,0.00518596302476,2.68941985269e-05,0.501296487851,0.501296487851,0.332454204559,0.0,0.0,0.0
2014-04-09 01:34:00,0.343654269208,0,0.0115034522904,0.000132329543703,0.50287583136,0.50287583136,0.332150816917,0.0,0.0,0.0
2014-04-09 01:39:00,0.379428031004,0,0.0474426169758,0.00225080177188,0.511858430079,0.511858430079,0.331985414028,0.0,0.0,0.0
2014-04-09 01:44:00,0.296120397212,0,0.0361604174356,0.00130757526495,0.509039119436,0.509039119436,0.332280814648,0.0,0.0,0.0
2014-04-09 01:49:00,0.326260819507,0,0.00594727747407,3.53702816938e-05,0.501486814986,0.501486814986,0.332208096981,0.0,0.0,0.0
2014-04-09 01:54:00,0.344106581139,0,0.0120195411911,0.000144469464431,0.503004849122,0.503004849122,0.332087039948,0.0,0.0,0.0
2014-04-09 01:59:00,0.326199140607,0,0.00589144581654,3.47090935975e-05,0.501472857194,0.501472857194,0.332090586424,0.0,0.0,0.0
2014-04-09 02:04:00,0.349184810543,0,0.017146258974,0.000293994206004,0.504286459728,0.504286459728,0.332038551569,0.0,0.0,0.0
2014-04-09 02:09:00,0.334217397562,0,0.0020649713188,4.26411406806e-06,0.500516242646,0.500516242646,0.332152426243,0.0,0.0,0.0
2014-04-09 02:14:00,0.341865581118,0,0.00959120377199,9.19909653021e-05,0.502397782562,0.502397782562,0.332274377346,0.0,0.0,0.0
2014-04-09 02:19:00,0.367996874936,0,0.0355227028204,0.00126186222769,0.508879741974,0.508879741974,0.332474172115,0.0,0.0,0.0
2014-04-09 02:24:00,0.291843993503,0,0.041143314999,0.00169277342502,0.510284378031,0.510284378031,0.332987308502,0.0,0.0,0.0
2014-04-09 02:29:00,0.319126626781,0,0.0139363498178,0.000194221589481,0.503484031065,0.503484031065,0.333062976599,0.0,0.0,0.0
2014-04-09 02:34:00,0.31982565431,0,0.0131746480044,0.000173571475898,0.503293614361,0.503293614361,0.333000302315,0.0,0.0,0.0
2014-04-09 02:39:00,0.346121425194,0,0.0133012481155,0.000176923334948,0.503325263003,0.503325263003,0.332820177078,0.0,0.0,0.0
2014-04-09 02:44:00,0.302000452312,0,0.0307824718633,0.000947559892666,0.507695010351,0.507695010351,0.332782924175,0.0,0.0,0.0
2014-04-09 02:49:00,0.319763975411,0,0.012696457834,0.000161199714057,0.50317407182,0.50317407182,0.332460433245,0.0,0.0,0.0
2014-04-09 02:54:00,0.335245379222,0,0.0031945192943,1.02048998087e-05,0.500798629144,0.500798629144,0.332050859928,0.0,0.0,0.0
2014-04-09 02:59:00,0.320175168075,0,0.0115369288545,0.000133100664243,0.502884200223,0.502884200223,0.33171209693,0.0,0.0,0.0
2014-04-09 03:04:00,0.32288903966,0,0.00840966925618,7.07227009116e-05,0.502102404923,0.502102404923,0.331298708916,0.0,0.0,0.0
2014-04-09 03:09:00,0.350089434404,0,0.0192419326497,0.000370251829736,0.504810334744,0.504810334744,0.330847501755,0.0,0.0,0.0
2014-04-09 03:14:00,0.31106725056,0,0.0195549754396,0.000382396945497,0.504888588079,0.504888588079,0.330622226,0.0,0.0,0.0
2014-04-09 03:19:00,0.394786077016,0,0.0645504765449,0.00416676560417,0.516132017999,0.516132017999,0.330235600471,0.0,0.0,0.0
2014-04-09 03:24:00,0.314192314809,0,0.0163015525882,0.000265740294708,0.5040752979,0.5040752979,0.330493867397,0.0,0.0,0.0
2014-04-09 03:29:00,0.305742305557,0,0.0248310744362,0.000616582867224,0.506207449662,0.506207449662,0.330573379993,0.0,0.0,0.0
2014-04-09 03:34:00,0.332778223236,0,0.00236631222576,5.59939644518e-06,0.50059157778,0.50059157778,0.330411911011,0.0,0.0,0.0
2014-04-09 03:39:00,0.330187709451,0,0.00010102856105,1.0207035217e-08,0.50002525714,0.50002525714,0.330288738012,0.0,0.0,0.0
2014-04-09 03:44:00,0.332901581036,0,0.0027246911394,7.4238664638e-06,0.500681172363,0.500681172363,0.330176889896,0.0,0.0,0.0
2014-04-09 03:49:00,0.338205966406,0,0.00810417836158,6.56776610413e-05,0.502026033502,0.502026033502,0.330101788044,0.0,0.0,0.0
2014-04-09 03:54:00,0.33446411316,0,0.0043537420474,1.89549809875e-05,0.501088433793,0.501088433793,0.330110371113,0.0,0.0,0.0
2014-04-09 03:59:00,0.340796480191,0,0.0106374418855,0.00011315496522,0.502659335395,0.502659335395,0.330159038305,0.0,0.0,0.0
2014-04-09 04:04:00,0.304549846831,0,0.0257531068894,0.000663222686853,0.506437920912,0.506437920912,0.33030295372,0.0,0.0,0.0
2014-04-09 04:09:00,0.344846727934,0,0.0146566058068,0.000214816027437,0.50366408586,0.50366408586,0.330190122128,0.0,0.0,0.0
2014-04-09 04:14:00,0.357737617961,0,0.0275110773954,0.000756860070396,0.50687733559,0.50687733559,0.330226540565,0.0,0.0,0.0
2014-04-09 04:19:00,0.328255103929,0,0.00226323117504,5.12215638082e-06,0.500565807552,0.500565807552,0.330518335104,0.0,0.0,0.0
2014-04-09 04:24:00,0.342420691215,0,0.0116608976949,0.000135976675665,0.502915191391,0.502915191391,0.33075979352,0.0,0.0,0.0
2014-04-09 04:29:00,0.351590287629,0,0.0205031155979,0.00042037726962,0.505125599343,0.505125599343,0.331087172031,0.0,0.0,0.0
2014-04-09 04:34:00,0.305022718395,0,0.0265526156774,0.000705041515175,0.506637763932,0.506637763932,0.331575334072,0.0,0.0,0.0
2014-04-09 04:39:00,0.329570920455,0,0.00219330073663,4.81057350044e-06,0.500548324964,0.500548324964,0.331764221191,0.0,0.0,0.0
2014-04-09 04:44:00,0.303645222969,0,0.028268367462,0.000799100555014,0.507066621293,0.507066621293,0.331913590431,0.0,0.0,0.0
2014-04-09 04:49:00,0.323217993791,0,0.00856315511953,7.33277265681e-05,0.502140775698,0.502140775698,0.331781148911,0.0,0.0,0.0
2014-04-09 04:54:00,0.34098151689,0,0.00940052037637,8.83697139216e-05,0.502350112788,0.502350112788,0.331580996513,0.0,0.0,0.0
2014-04-09 04:59:00,0.337753654475,0,0.00626400207956,3.92377114622e-05,0.501565995399,0.501565995399,0.331489652395,0.0,0.0,0.0
2014-04-09 05:04:00,0.351610847262,0,0.0201442618648,0.000405790953664,0.505035895174,0.505035895174,0.331466585398,0.0,0.0,0.0
2014-04-09 05:09:00,0.341207672855,0,0.0095713632314,9.16111894185e-05,0.50239282254,0.50239282254,0.331636309624,0.0,0.0,0.0
2014-04-09 05:14:00,0.324636608483,0,0.00724300730079,5.24611568835e-05,0.501810743909,0.501810743909,0.331879615784,0.0,0.0,0.0
2014-04-09 05:19:00,0.342667406813,0,0.0106372296971,0.000113150526886,0.502659282349,0.502659282349,0.332030177116,0.0,0.0,0.0
2014-04-09 05:24:00,0.302617241308,0,0.0296492682245,0.000879078463186,0.507411774103,0.507411774103,0.332266509533,0.0,0.0,0.0
2014-04-09 05:29:00,0.336396718683,0,0.00419833725859,1.76260800799e-05,0.501049582773,0.501049582773,0.332198381424,0.0,0.0,0.0
2014-04-09 05:34:00,0.31637163593,0,0.0158051686125,0.000249802920735,0.503951209901,0.503951209901,0.332176804543,0.0,0.0,0.0
2014-04-09 05:39:00,0.323608626822,0,0.00839896013393,7.05423663021e-05,0.50209972769,0.50209972769,0.332007586956,0.0,0.0,0.0
2014-04-09 05:44:00,0.346882131623,0,0.0151064961419,0.000228206321481,0.503776552216,0.503776552216,0.331775635481,0.0,0.0,0.0
2014-04-09 05:49:00,0.327473837867,0,0.00423620270257,1.79453181772e-05,0.501059049092,0.501059049092,0.331710040569,0.0,0.0,0.0
2014-04-09 05:54:00,0.32461604885,0,0.00699474998607,4.8926583986e-05,0.501748680367,0.501748680367,0.331610798836,0.0,0.0,0.0
2014-04-09 05:59:00,0.322148892864,0,0.0093061590352,8.66046611918e-05,0.502326522968,0.502326522968,0.331455051899,0.0,0.0,0.0
2014-04-09 06:04:00,0.328769094759,0,0.00245734352457,6.03857142778e-06,0.500614335572,0.500614335572,0.331226438284,0.0,0.0,0.0
2014-04-09 06:09:00,0.356442361068,0,0.0254451026435,0.000647453300189,0.506360932464,0.506360932464,0.330997258425,0.0,0.0,0.0
2014-04-09 06:14:00,0.315816525833,0,0.0152161675529,0.00023153188522,0.503803968494,0.503803968494,0.331032693386,0.0,0.0,0.0
2014-04-09 06:19:00,0.334217397562,0,0.00329741655882,1.08729682324e-05,0.500824353393,0.500824353393,0.330919981003,0.0,0.0,0.0
2014-04-09 06:24:00,0.358662801456,0,0.0278129155151,0.000773558975197,0.506952780686,0.506952780686,0.330849885941,0.0,0.0,0.0
2014-04-09 06:29:00,0.321922736898,0,0.00912849353223,8.33291705931e-05,0.502282107536,0.502282107536,0.331051230431,0.0,0.0,0.0
2014-04-09 06:34:00,0.34628590226,0,0.0151402282693,0.00022922673088,0.503784984766,0.503784984766,0.33114567399,0.0,0.0,0.0
2014-04-09 06:39:00,0.321429305701,0,0.00994545874126,9.89120162558e-05,0.502486344191,0.502486344191,0.331374764442,0.0,0.0,0.0
2014-04-09 06:44:00,0.306153498222,0,0.0253329057205,0.000641755701508,0.506332887753,0.506332887753,0.331486403942,0.0,0.0,0.0
2014-04-09 06:49:00,0.32288903966,0,0.00845657811162,7.15138739906e-05,0.502114131929,0.502114131929,0.331345617771,0.0,0.0,0.0
2014-04-09 06:54:00,0.341701104052,0,0.0105627912357,0.000111572269816,0.502640673257,0.502640673257,0.331138312817,0.0,0.0,0.0
2014-04-09 06:59:00,0.337363021444,0,0.00631068832717,3.98249503633e-05,0.501577666846,0.501577666846,0.331052333117,0.0,0.0,0.0
2014-04-09 07:04:00,0.340734801291,0,0.00969972371928,9.40848040045e-05,0.502424911918,0.502424911918,0.331035077572,0.0,0.0,0.0
2014-04-09 07:09:00,0.343160838011,0,0.0120487810401,0.000145173122291,0.50301215882,0.50301215882,0.331112056971,0.0,0.0,0.0
2014-04-09 07:14:00,0.326507535106,0,0.00478878962435,2.29324723477e-05,0.501197195118,0.501197195118,0.33129632473,0.0,0.0,0.0
2014-04-09 07:19:00,0.338966672835,0,0.00755012553613,5.70043157495e-05,0.501887522418,0.501887522418,0.331416547298,0.0,0.0,0.0
2014-04-09 07:24:00,0.336376159049,0,0.0047792480958,2.28412245633e-05,0.50119480975,0.50119480975,0.331596910954,0.0,0.0,0.0
2014-04-09 07:29:00,0.303624663336,0,0.0281803870371,0.0007941343938,0.507044630567,0.507044630567,0.331805050373,0.0,0.0,0.0
2014-04-09 07:34:00,0.325931865376,0,0.0057911094017,3.35368131346e-05,0.501447773304,0.501447773304,0.331722974777,0.0,0.0,0.0
2014-04-09 07:39:00,0.329776516787,0,0.00181717551576,3.30209513777e-06,0.500454293754,0.500454293754,0.331593692303,0.0,0.0,0.0
2014-04-09 07:44:00,0.327165443368,0,0.00429443650669,1.84420878213e-05,0.501073607477,0.501073607477,0.331459879875,0.0,0.0,0.0
2014-04-09 07:49:00,0.352330434425,0,0.0210321427419,0.00044235153473,0.505257841869,0.505257841869,0.331298291683,0.0,0.0,0.0
2014-04-09 07:54:00,0.329365324123,0,0.00198881711273,3.955437478e-06,0.500497204114,0.500497204114,0.331354141235,0.0,0.0,0.0
2014-04-09 07:59:00,0.3332510948,0,0.00186566112661,3.48066919287e-06,0.500466415146,0.500466415146,0.331385433674,0.0,0.0,0.0
2014-04-09 08:04:00,0.309607516602,0,0.0218239914624,0.000476287066704,0.505455781324,0.505455781324,0.331431508064,0.0,0.0,0.0
2014-04-09 08:09:00,0.342873003146,0,0.0116092225518,0.000134774134494,0.502902273042,0.502902273042,0.331263780594,0.0,0.0,0.0
2014-04-09 08:14:00,0.327926149797,0,0.00329790430064,1.08761123556e-05,0.500824475328,0.500824475328,0.331224054098,0.0,0.0,0.0
2014-04-09 08:19:00,0.326014103908,0,0.00514256713882,2.64460213657e-05,0.501285638951,0.501285638951,0.331156671047,0.0,0.0,0.0
2014-04-09 08:24:00,0.340261929727,0,0.00921531865654,8.49222196848e-05,0.50230381336,0.50230381336,0.331046611071,0.0,0.0,0.0
2014-04-09 08:29:00,0.340261929727,0,0.00922592828331,8.51178701851e-05,0.502306465711,0.502306465711,0.331036001444,0.0,0.0,0.0
2014-04-09 08:34:00,0.324821645182,0,0.00629345162563,3.96074610762e-05,0.501573357713,0.501573357713,0.331115096807,0.0,0.0,0.0
2014-04-09 08:39:00,0.344723370135,0,0.0135975146892,0.000184892502148,0.503399326297,0.503399326297,0.331125855446,0.0,0.0,0.0
2014-04-09 08:44:00,0.319023828615,0,0.0122423957694,0.000149876519572,0.503060560717,0.503060560717,0.331266224384,0.0,0.0,0.0
2014-04-09 08:49:00,0.31637163593,0,0.0149032311278,0.000222105896682,0.503725738823,0.503725738823,0.331274867058,0.0,0.0,0.0
2014-04-09 08:54:00,0.354016324349,0,0.0228770876602,0.000523361552041,0.505719022491,0.505719022491,0.331139236689,0.0,0.0,0.0
2014-04-09 08:59:00,0.318530397418,0,0.0127069485162,0.000161466203281,0.503176694385,0.503176694385,0.331237345934,0.0,0.0,0.0
2014-04-09 09:04:00,0.328193425029,0,0.00300991645477,9.0595904112e-06,0.500752478546,0.500752478546,0.331203341484,0.0,0.0,0.0
2014-04-09 09:09:00,0.345381278398,0,0.0142376011633,0.000202709605219,0.503559340165,0.503559340165,0.331143677235,0.0,0.0,0.0
2014-04-09 09:14:00,0.341721663686,0,0.0104944505412,0.000110133289127,0.502623588557,0.502623588557,0.331227213144,0.0,0.0,0.0
2014-04-09 09:19:00,0.374041407101,0,0.0426378536154,0.00181798671838,0.510657848801,0.510657848801,0.331403553486,0.0,0.0,0.0
2014-04-09 09:24:00,0.305516149592,0,0.0264569560771,0.000699970289133,0.506613853232,0.506613853232,0.331973105669,0.0,0.0,0.0
2014-04-09 09:29:00,0.327227122268,0,0.00500362447792,2.50363245868e-05,0.50125090351,0.50125090351,0.332230746746,0.0,0.0,0.0
2014-04-09 09:34:00,0.345237360965,0,0.0128228530996,0.000164425902767,0.503205669351,0.503205669351,0.332414507866,0.0,0.0,0.0
2014-04-09 09:39:00,0.320319085508,0,0.0123846240948,0.000153378889081,0.503096116451,0.503096116451,0.332703709602,0.0,0.0,0.0
2014-04-09 09:44:00,0.331400727811,0,0.0014437679623,2.0844820483e-06,0.500360941928,0.500360941928,0.332844495773,0.0,0.0,0.0
2014-04-09 09:49:00,0.361150517075,0,0.0281931301043,0.000794851803221,0.507047815701,0.507047815701,0.332957386971,0.0,0.0,0.0
2014-04-09 09:54:00,0.314911901972,0,0.0184194445402,0.000339275924489,0.504604730946,0.504604730946,0.333331346512,0.0,0.0,0.0
2014-04-09 09:59:00,0.330598902116,0,0.00289111196065,8.35859373183e-06,0.500722777487,0.500722777487,0.333490014076,0.0,0.0,0.0
2014-04-09 10:04:00,0.345237360965,0,0.0116324291341,0.000135313719511,0.502908074492,0.502908074492,0.333604931831,0.0,0.0,0.0
2014-04-09 10:09:00,0.375254425461,0,0.041433486397,0.0017167335609,0.510356889973,0.510356889973,0.333820939064,0.0,0.0,0.0
2014-04-09 10:14:00,0.316124920331,0,0.0182911711107,0.000334567099344,0.50457266529,0.50457266529,0.334416091442,0.0,0.0,0.0
2014-04-09 10:19:00,0.349657682107,0,0.0148827707033,0.000221496942686,0.503720624001,0.503720624001,0.334774911404,0.0,0.0,0.0
2014-04-09 10:24:00,0.304364810132,0,0.0308773420823,0.000953410868533,0.507718722271,0.507718722271,0.335242152214,0.0,0.0,0.0
2014-04-09 10:29:00,0.327885030531,0,0.00747856614672,5.59289328521e-05,0.501869632823,0.501869632823,0.335363596678,0.0,0.0,0.0
2014-04-09 10:34:00,0.323773103888,0,0.0116273582627,0.00013519517961,0.502906806817,0.502906806817,0.335400462151,0.0,0.0,0.0
2014-04-09 10:39:00,0.325109480047,0,0.0102114695076,0.000104274076875,0.502552845194,0.502552845194,0.335320949554,0.0,0.0,0.0
2014-04-09 10:44:00,0.351610847262,0,0.016460545806,0.000270949298283,0.504115043538,0.504115043538,0.335150301456,0.0,0.0,0.0
2014-04-09 10:49:00,0.305906782623,0,0.0292495985072,0.00085553957615,0.507311878334,0.507311878334,0.33515638113,0.0,0.0,0.0
2014-04-09 10:54:00,0.381093361294,0,0.0462152742507,0.00213585072197,0.511551762565,0.511551762565,0.334878087044,0.0,0.0,0.0
2014-04-09 10:59:00,0.293571002693,0,0.0415047929572,0.00172264850698,0.510374708951,0.510374708951,0.33507579565,0.0,0.0,0.0
2014-04-09 11:04:00,0.326774810337,0,0.00807675263945,6.52340095257e-05,0.502019177183,0.502019177183,0.334851562977,0.0,0.0,0.0
2014-04-09 11:09:00,0.374760994264,0,0.0401895433151,0.00161519867834,0.51004603367,0.51004603367,0.334571450949,0.0,0.0,0.0
2014-04-09 11:14:00,0.329920434219,0,0.00478825642386,2.29273355217e-05,0.501197061819,0.501197061819,0.334708690643,0.0,0.0,0.0
2014-04-09 11:19:00,0.322087213964,0,0.0126986348919,0.000161254967679,0.503174616063,0.503174616063,0.334785848856,0.0,0.0,0.0
2014-04-09 11:24:00,0.375007709862,0,0.0402754753845,0.00162211467978,0.510067507996,0.510067507996,0.334732234478,0.0,0.0,0.0
2014-04-09 11:29:00,0.278726947511,0,0.0563472984185,0.0031750195194,0.514083098627,0.514083098627,0.33507424593,0.0,0.0,0.0
2014-04-09 11:34:00,0.346532617858,0,0.0116961646587,0.000136800153996,0.502924007831,0.502924007831,0.334836453199,0.0,0.0,0.0
2014-04-09 11:39:00,0.318530397418,0,0.0162051153157,0.000262605346506,0.504051190174,0.504051190174,0.334735512733,0.0,0.0,0.0
2014-04-09 11:44:00,0.336643434281,0,0.00215563845136,4.64674849354e-06,0.500538909404,0.500538909404,0.33448779583,0.0,0.0,0.0
2014-04-09 11:49:00,0.330845617714,0,0.00344002896284,1.18337547974e-05,0.500860006393,0.500860006393,0.334285646677,0.0,0.0,0.0
2014-04-09 11:54:00,0.367297847406,0,0.0332275225086,0.00110406894237,0.508306116431,0.508306116431,0.334070324898,0.0,0.0,0.0
2014-04-09 11:59:00,0.304776002796,0,0.0294223230763,0.000865672482178,0.507355050188,0.507355050188,0.334198325872,0.0,0.0,0.0
2014-04-09 12:04:00,0.331811920475,0,0.00221668117108,4.91361242894e-06,0.500554170066,0.500554170066,0.334028601646,0.0,0.0,0.0
2014-04-09 12:09:00,0.369209893296,0,0.0353555756304,0.00125001615379,0.508837973292,0.508837973292,0.333854317665,0.0,0.0,0.0
2014-04-09 12:14:00,0.307202039516,0,0.0268378870133,0.000720272073522,0.506709069062,0.506709069062,0.334039926529,0.0,0.0,0.0
2014-04-09 12:19:00,0.367996874936,0,0.0340498124434,0.0011593895033,0.508511630769,0.508511630769,0.333947062492,0.0,0.0,0.0
2014-04-09 12:24:00,0.312012993688,0,0.0221802657894,0.000491963874083,0.505544839127,0.505544839127,0.334193259478,0.0,0.0,0.0
2014-04-09 12:29:00,0.349184810543,0,0.0149847859382,0.000224543822696,0.503746126387,0.503746126387,0.334200024605,0.0,0.0,0.0
2014-04-09 12:34:00,0.304303131232,0,0.0300482295657,0.00090289558284,0.507511492225,0.507511492225,0.334351360798,0.0,0.0,0.0
2014-04-09 12:39:00,0.325602911244,0,0.00859341787276,7.38466987968e-05,0.502148341248,0.502148341248,0.334196329117,0.0,0.0,0.0
2014-04-09 12:44:00,0.328913012192,0,0.00506042535582,2.56079965766e-05,0.501265103639,0.501265103639,0.333973437548,0.0,0.0,0.0
2014-04-09 12:49:00,0.329632599354,0,0.00409112453397,1.6737212718e-05,0.501022779707,0.501022779707,0.333723723888,0.0,0.0,0.0
2014-04-09 12:54:00,0.338514360904,0,0.00505522203356,2.55552386079e-05,0.501263802817,0.501263802817,0.33345913887,0.0,0.0,0.0
2014-04-09 12:59:00,0.375480581426,0,0.0422105978964,0.00178173545282,0.510551082918,0.510551082918,0.33326998353,0.0,0.0,0.0
2014-04-09 13:04:00,0.252657332593,0,0.0808519337833,0.0065370365046,0.520201979557,0.520201979557,0.333509266376,0.0,0.0,0.0
2014-04-09 13:09:00,0.3332510948,0,0.000308608991143,9.5235840547e-08,0.500077152247,0.500077152247,0.332942485809,0.0,0.0,0.0
2014-04-09 13:14:00,0.314439030408,0,0.0179961602699,0.000323861866491,0.504498918649,0.504498918649,0.332435190678,0.0,0.0,0.0
2014-04-09 13:19:00,0.358827278521,0,0.0270226155785,0.00073022255674,0.506755242831,0.506755242831,0.331804662943,0.0,0.0,0.0
2014-04-09 13:24:00,0.335286498489,0,0.0037881736178,1.43502566061e-05,0.500947042272,0.500947042272,0.331498324871,0.0,0.0,0.0
2014-04-09 13:29:00,0.331359608545,0,0.000100477113004,1.00929407054e-08,0.500025119278,0.500025119278,0.331259131432,0.0,0.0,0.0
2014-04-09 13:34:00,0.312074672588,0,0.0189700907388,0.000359864759957,0.504742380468,0.504742380468,0.331044763327,0.0,0.0,0.0
2014-04-09 13:39:00,0.305022718395,0,0.0256455819955,0.000657695985865,0.506411044126,0.506411044126,0.33066830039,0.0,0.0,0.0
2014-04-09 13:44:00,0.34328419581,0,0.0132027031475,0.000174311207957,0.503300627842,0.503300627842,0.330081492662,0.0,0.0,0.0
2014-04-09 13:49:00,0.285162112708,0,0.0445188069393,0.00198192335665,0.511127863914,0.511127863914,0.329680919647,0.0,0.0,0.0
2014-04-09 13:54:00,0.334895865458,0,0.00600524379562,3.60631165677e-05,0.501501306437,0.501501306437,0.328890621662,0.0,0.0,0.0
2014-04-09 13:59:00,0.310923333128,0,0.0173138428137,0.000299768988043,0.504328352578,0.504328352578,0.328237175941,0.0,0.0,0.0
2014-04-09 14:04:00,0.336293920516,0,0.00881223344752,7.76552042225e-05,0.502203044105,0.502203044105,0.327481687069,0.0,0.0,0.0
2014-04-09 14:09:00,0.312012993688,0,0.0148737198166,0.000221227339352,0.503718361404,0.503718361404,0.326886713505,0.0,0.0,0.0
2014-04-09 14:14:00,0.32698040667,0,0.000773007301259,5.97548535097e-07,0.500193251816,0.500193251816,0.326207399368,0.0,0.0,0.0
2014-04-09 14:19:00,0.298752030264,0,0.0268512462274,0.000720988900866,0.506712408264,0.506712408264,0.325603276491,0.0,0.0,0.0
2014-04-09 14:24:00,0.343160838011,0,0.0183605850962,0.000337111094268,0.504590017329,0.504590017329,0.324800252914,0.0,0.0,0.0
2014-04-09 14:29:00,0.317091223093,0,0.00716358771751,5.13169397891e-05,0.501790889271,0.501790889271,0.32425481081,0.0,0.0,0.0
2014-04-09 14:34:00,0.353296737186,0,0.029602210037,0.00087629025802,0.507400012137,0.507400012137,0.323694527149,0.0,0.0,0.0
2014-04-09 14:39:00,0.280166121836,0,0.0433102225106,0.00187577563338,0.51082586344,0.51082586344,0.323476344347,0.0,0.0,0.0
2014-04-09 14:44:00,0.329406443389,0,0.00654435470878,4.2828538426e-05,0.501636082838,0.501636082838,0.32286208868,0.0,0.0,0.0
2014-04-09 14:49:00,0.339295626966,0,0.0169234288612,0.000286402413622,0.504230756241,0.504230756241,0.322372198105,0.0,0.0,0.0
2014-04-09 14:54:00,0.362445773967,0,0.0403511248909,0.00162821309641,0.510086412691,0.510086412691,0.322094649076,0.0,0.0,0.0
2014-04-09 14:59:00,0.327885030531,0,0.00565066816724,3.19300634146e-05,0.501412663283,0.501412663283,0.322234362364,0.0,0.0,0.0
2014-04-09 15:04:00,0.343880425173,0,0.0214657289566,0.00046077708248,0.505366226188,0.505366226188,0.322414696217,0.0,0.0,0.0
2014-04-09 15:09:00,0.325294516746,0,0.00251012272002,6.30075464869e-06,0.500627530351,0.500627530351,0.322784394026,0.0,0.0,0.0
2014-04-09 15:14:00,0.32800838833,0,0.00486681347073,2.36858268181e-05,0.501216700966,0.501216700966,0.32314157486,0.0,0.0,0.0
2014-04-09 15:19:00,0.356462920701,0,0.0329525719047,0.00108587229624,0.508237397593,0.508237397593,0.323510348797,0.0,0.0,0.0
2014-04-09 15:24:00,0.352083718826,0,0.0279227555296,0.000779679918196,0.506980235359,0.506980235359,0.324160963297,0.0,0.0,0.0
2014-04-09 15:29:00,0.31170459919,0,0.0133122272013,0.000177215217263,0.503328007653,0.503328007653,0.325016826391,0.0,0.0,0.0
2014-04-09 15:34:00,0.341598305886,0,0.0159396864824,0.000254073471297,0.503984837251,0.503984837251,0.325658619404,0.0,0.0,0.0
2014-04-09 15:39:00,0.306235736754,0,0.0201553045244,0.000406236533308,0.505038655559,0.505038655559,0.326391041279,0.0,0.0,0.0
2014-04-09 15:44:00,0.328666296593,0,0.00181126295718,3.28068426825e-06,0.500452815615,0.500452815615,0.326855033636,0.0,0.0,0.0
2014-04-09 15:49:00,0.325294516746,0,0.00199595862268,3.98382007916e-06,0.50049898949,0.50049898949,0.327290475368,0.0,0.0,0.0
2014-04-09 15:54:00,0.344106581139,0,0.0164433979263,0.000270385469776,0.504110756858,0.504110756858,0.327663183212,0.0,0.0,0.0
2014-04-09 15:59:00,0.349904397706,0,0.0217458402905,0.000472881161841,0.505436245849,0.505436245849,0.328158557415,0.0,0.0,0.0
2014-04-09 16:04:00,0.345915828862,0,0.0170998620171,0.000292405107757,0.504274861339,0.504274861339,0.328815966845,0.0,0.0,0.0
2014-04-09 16:09:00,0.362610251033,0,0.0330360237001,0.00109137885738,0.508258254865,0.508258254865,0.329574227333,0.0,0.0,0.0
2014-04-09 16:14:00,0.331811920475,0,0.001233742308,1.5221552303e-06,0.500308435538,0.500308435538,0.330578178167,0.0,0.0,0.0
2014-04-09 16:19:00,0.300211764222,0,0.0312826267424,0.000978603144176,0.507820018972,0.507820018972,0.331494390965,0.0,0.0,0.0
2014-04-09 16:24:00,0.336951828779,0,0.00493747669617,2.43786089413e-05,0.501234366666,0.501234366666,0.332014352083,0.0,0.0,0.0
2014-04-09 16:29:00,0.324739406649,0,0.00779127066959,6.07040565228e-05,0.501947807814,0.501947807814,0.332530677319,0.0,0.0,0.0
2014-04-09 16:34:00,0.341043195789,0,0.00812353855901,6.5992011514e-05,0.502030873471,0.502030873471,0.33291965723,0.0,0.0,0.0
2014-04-09 16:39:00,0.33094841588,0,0.00240075242037,5.7636289057e-06,0.500600187817,0.500600187817,0.333349168301,0.0,0.0,0.0
2014-04-09 16:44:00,0.326178580974,0,0.00753399684571,5.67611168663e-05,0.501883490302,0.501883490302,0.33371257782,0.0,0.0,0.0
2014-04-09 16:49:00,0.336396718683,0,0.00243055290152,5.90761328567e-06,0.500607637926,0.500607637926,0.333966165781,0.0,0.0,0.0
2014-04-09 16:54:00,0.343160838011,0,0.00894254458223,7.9969104263e-05,0.502235621247,0.502235621247,0.334218293428,0.0,0.0,0.0
2014-04-09 16:59:00,0.340015214129,0,0.00548235718736,3.00561150652e-05,0.501370585864,0.501370585864,0.334532856941,0.0,0.0,0.0
2014-04-09 17:04:00,0.366866095109,0,0.0319962931107,0.00102376192808,0.507998390918,0.507998390918,0.334869801998,0.0,0.0,0.0
2014-04-09 17:09:00,0.312979296449,0,0.0225071752036,0.00050657230895,0.505626556281,0.505626556281,0.335486471653,0.0,0.0,0.0
2014-04-09 17:14:00,0.331051214046,0,0.00476987808241,2.27518648899e-05,0.50119246726,0.50119246726,0.335821092129,0.0,0.0,0.0
2014-04-09 17:19:00,0.34628590226,0,0.0102102386929,0.000104249120341,0.502552537498,0.502552537498,0.336075663567,0.0,0.0,0.0
2014-04-09 17:24:00,0.342667406813,0,0.00626236797984,3.92171787098e-05,0.501565586878,0.501565586878,0.336405038834,0.0,0.0,0.0
2014-04-09 17:29:00,0.372581673143,0,0.0358185296035,0.00128296623006,0.508953675149,0.508953675149,0.336763143539,0.0,0.0,0.0
2014-04-09 17:34:00,0.322498406628,0,0.0149386270248,0.00022316245304,0.503734587305,0.503734587305,0.337437033653,0.0,0.0,0.0
2014-04-09 17:39:00,0.35958798495,0,0.0216908928464,0.000470495375339,0.505422510608,0.505422510608,0.337897092104,0.0,0.0,0.0
2014-04-09 17:44:00,0.31515861757,0,0.0233658730246,0.000545964576304,0.505841202501,0.505841202501,0.338524490595,0.0,0.0,0.0
2014-04-09 17:49:00,0.329406443389,0,0.00945311471642,8.93614342203e-05,0.50236326108,0.50236326108,0.338859558105,0.0,0.0,0.0
2014-04-09 17:54:00,0.377413186949,0,0.0383448933773,0.00147033063695,0.50958504894,0.50958504894,0.339068293571,0.0,0.0,0.0
2014-04-09 17:59:00,0.304919920229,0,0.034713306166,0.00120501301717,0.508677455188,0.508677455188,0.339633226395,0.0,0.0,0.0
2014-04-09 18:04:00,0.33101009478,0,0.00879008422476,7.72654311731e-05,0.502197506907,0.502197506907,0.339800179005,0.0,0.0,0.0
2014-04-09 18:09:00,0.380805526429,0,0.0409415108502,0.00167620694265,0.510233948234,0.510233948234,0.339864015579,0.0,0.0,0.0
2014-04-09 18:14:00,0.298258599067,0,0.0420655643703,0.00176951137837,0.510514840627,0.510514840627,0.340324163437,0.0,0.0,0.0
2014-04-09 18:19:00,0.345669113263,0,0.00534468160523,2.85656988126e-05,0.501336167221,0.501336167221,0.340324431658,0.0,0.0,0.0
2014-04-09 18:24:00,0.347128847221,0,0.00675154624366,4.55832559965e-05,0.501687880149,0.501687880149,0.340377300978,0.0,0.0,0.0
2014-04-09 18:29:00,0.330352186517,0,0.0101391381462,0.000102802106994,0.502534762822,0.502534762822,0.340491324663,0.0,0.0,0.0
2014-04-09 18:34:00,0.356421801435,0,0.0159276455513,0.0002536897955,0.503981827209,0.503981827209,0.340494155884,0.0,0.0,0.0
2014-04-09 18:39:00,0.326898168137,0,0.0137554301719,0.000189212150872,0.503438803321,0.503438803321,0.340653598309,0.0,0.0,0.0
2014-04-09 18:44:00,0.322148892864,0,0.0185127222695,0.000342721003108,0.504628048391,0.504628048391,0.340661615133,0.0,0.0,0.0
2014-04-09 18:49:00,0.315816525833,0,0.0246698218421,0.000608600326814,0.506167142687,0.506167142687,0.340486347675,0.0,0.0,0.0
2014-04-09 18:54:00,0.358683361089,0,0.018597884452,0.00034588080598,0.504649337104,0.504649337104,0.340085476637,0.0,0.0,0.0
2014-04-09 18:59:00,0.338267645305,0,0.00164029889722,2.69055135504e-06,0.500410074632,0.500410074632,0.339907944202,0.0,0.0,0.0
2014-04-09 19:04:00,0.322395608462,0,0.0173363232241,0.000300547602819,0.504333972259,0.504333972259,0.339731931686,0.0,0.0,0.0
2014-04-09 19:09:00,0.341701104052,0,0.00229860723758,5.28353211848e-06,0.500574651556,0.500574651556,0.339402496815,0.0,0.0,0.0
2014-04-09 19:14:00,0.3450728839,0,0.00594438963706,3.5335902794e-05,0.501486093033,0.501486093033,0.339128494263,0.0,0.0,0.0
2014-04-09 19:19:00,0.304776002796,0,0.034164498417,0.00116721226368,0.508540293925,0.508540293925,0.338940501213,0.0,0.0,0.0
2014-04-09 19:24:00,0.367277287773,0,0.0288429492035,0.000831916113384,0.507210237449,0.507210237449,0.33843433857,0.0,0.0,0.0
2014-04-09 19:29:00,0.308394498242,0,0.0298688346016,0.000892147654667,0.507466653546,0.507466653546,0.338263332844,0.0,0.0,0.0
2014-04-09 19:34:00,0.326014103908,0,0.0118007635881,0.000139258074341,0.502950156661,0.502950156661,0.337814867496,0.0,0.0,0.0
2014-04-09 19:39:00,0.328440140628,0,0.00885461673829,7.84044314059e-05,0.502213639721,0.502213639721,0.337294757366,0.0,0.0,0.0
2014-04-09 19:44:00,0.347540039886,0,0.0108008574135,0.000116658753541,0.502700188103,0.502700188103,0.336739182472,0.0,0.0,0.0
2014-04-09 19:49:00,0.307345956948,0,0.02899959645,0.000840976601467,0.507249391072,0.507249391072,0.336345553398,0.0,0.0,0.0
2014-04-09 19:54:00,0.340508645326,0,0.00480336502181,2.30722616834e-05,0.501200838947,0.501200838947,0.335705280304,0.0,0.0,0.0
2014-04-09 19:59:00,0.339521782931,0,0.00434549384982,1.88834255823e-05,0.501086371753,0.501086371753,0.335176289082,0.0,0.0,0.0
2014-04-09 20:04:00,0.310327103764,0,0.0244157999449,0.000596130848862,0.506103646775,0.506103646775,0.334742903709,0.0,0.0,0.0
2014-04-09 20:09:00,0.362856966632,0,0.0287450078896,0.000826274743304,0.507185757195,0.507185757195,0.334111958742,0.0,0.0,0.0
2014-04-09 20:14:00,0.293879397192,0,0.0399483069997,0.00159586779773,0.509985748791,0.509985748791,0.333827704191,0.0,0.0,0.0
2014-04-09 20:19:00,0.343633709575,0,0.0104554277906,0.000109316009912,0.502613833137,0.502613833137,0.333178281784,0.0,0.0,0.0
2014-04-09 20:24:00,0.300437920188,0,0.0322588156714,0.00104063074104,0.508064004625,0.508064004625,0.332696735859,0.0,0.0,0.0
2014-04-09 20:29:00,0.320092929542,0,0.011852728188,0.000140487478347,0.502963147357,0.502963147357,0.33194565773,0.0,0.0,0.0
2014-04-09 20:34:00,0.360060856514,0,0.0289081789783,0.000835683604237,0.507226541494,0.507226541494,0.331152677536,0.0,0.0,0.0
2014-04-09 20:39:00,0.320236846975,0,0.0104870943515,0.000109978842374,0.50262174956,0.50262174956,0.330723941326,0.0,0.0,0.0
2014-04-09 20:44:00,0.320833076338,0,0.00940151085462,8.83882094058e-05,0.502350360402,0.502350360402,0.330234587193,0.0,0.0,0.0
2014-04-09 20:49:00,0.32219001213,0,0.00751141151484,5.64212386962e-05,0.50187784405,0.50187784405,0.329701423645,0.0,0.0,0.0
2014-04-09 20:54:00,0.374760994264,0,0.045613595792,0.00208059931174,0.5114014222,0.5114014222,0.329147398472,0.0,0.0,0.0
2014-04-09 20:59:00,0.303809700035,0,0.0252886438142,0.000639515405055,0.506321824048,0.506321824048,0.329098343849,0.0,0.0,0.0
2014-04-09 21:04:00,0.332778223236,0,0.00397307463497,1.57852591656e-05,0.500993267352,0.500993267352,0.328805148602,0.0,0.0,0.0
2014-04-09 21:09:00,0.335903287485,0,0.00732299740623,5.36262814421e-05,0.50183074117,0.50183074117,0.328580290079,0.0,0.0,0.0
2014-04-09 21:14:00,0.328090626863,0,0.000359397264743,1.29158451045e-07,0.500089849315,0.500089849315,0.328450024128,0.0,0.0,0.0
2014-04-09 21:19:00,0.340015214129,0,0.0116860086156,0.000136562535772,0.502921468907,0.502921468907,0.328329205513,0.0,0.0,0.0
2014-04-09 21:24:00,0.29706614034,0,0.0312694726723,0.000977779156528,0.507816731258,0.507816731258,0.328335613012,0.0,0.0,0.0
2014-04-09 21:29:00,0.337835893008,0,0.00980277356759,9.60940815276e-05,0.502450673767,0.502450673767,0.32803311944,0.0,0.0,0.0
2014-04-09 21:34:00,0.314439030408,0,0.0134184043419,0.000180053626536,0.503354550752,0.503354550752,0.32785743475,0.0,0.0,0.0
2014-04-09 21:39:00,0.337959250807,0,0.010392329096,0.000108000691398,0.502598058891,0.502598058891,0.327566921711,0.0,0.0,0.0
2014-04-09 21:44:00,0.313390489114,0,0.014017407405,0.000196487584617,0.503504294472,0.503504294472,0.327407896519,0.0,0.0,0.0
2014-04-09 21:49:00,0.344353296737,0,0.0172269725604,0.000296768295811,0.504306636634,0.504306636634,0.327126324177,0.0,0.0,0.0
2014-04-09 21:54:00,0.325952425009,0,0.00109054207233,1.18931325233e-06,0.500272635491,0.500272635491,0.327042967081,0.0,0.0,0.0
2014-04-09 21:59:00,0.33267542507,0,0.00571831848015,3.26991903421e-05,0.501429575725,0.501429575725,0.32695710659,0.0,0.0,0.0
2014-04-09 22:04:00,0.338576039803,0,0.0116396756296,0.000135482259793,0.502909886054,0.502909886054,0.326936364174,0.0,0.0,0.0
2014-04-09 22:09:00,0.33043442505,0,0.00340170996769,1.15715401989e-05,0.500850426672,0.500850426672,0.327032715082,0.0,0.0,0.0
2014-04-09 22:14:00,0.336108883818,0,0.0089557673529,8.02059366833e-05,0.502238926874,0.502238926874,0.327153116465,0.0,0.0,0.0
2014-04-09 22:19:00,0.358601122556,0,0.0312509233334,0.000976620242,0.507812095056,0.507812095056,0.327350199223,0.0,0.0,0.0
2014-04-09 22:24:00,0.328666296593,0,0.000829425446113,6.87951512646e-07,0.50020735635,0.50020735635,0.327836871147,0.0,0.0,0.0
2014-04-09 22:29:00,0.296099837579,0,0.0321835021599,0.00103577750269,0.508045181134,0.508045181134,0.328283339739,0.0,0.0,0.0
2014-04-09 22:34:00,0.32455436995,0,0.00381199905898,1.45312314999e-05,0.500952998611,0.500952998611,0.328366369009,0.0,0.0,0.0
2014-04-09 22:39:00,0.33267542507,0,0.00427207137932,1.82506119017e-05,0.501068016221,0.501068016221,0.328403353691,0.0,0.0,0.0
2014-04-09 22:44:00,0.321182590103,0,0.00729646148737,5.3238516557e-05,0.501824107279,0.501824107279,0.32847905159,0.0,0.0,0.0
2014-04-09 22:49:00,0.334936984724,0,0.00646216506401,4.17594710598e-05,0.501615535644,0.501615535644,0.32847481966,0.0,0.0,0.0
2014-04-09 22:54:00,0.363185920763,0,0.0346507812025,0.00120067608077,0.508661828647,0.508661828647,0.328535139561,0.0,0.0,0.0
2014-04-09 22:59:00,0.299965048624,0,0.0289681903596,0.000839155749418,0.507241541198,0.507241541198,0.328933238983,0.0,0.0,0.0
2014-04-09 23:04:00,0.326610333272,0,0.00239374583182,5.73005036131e-06,0.500598436172,0.500598436172,0.329004079103,0.0,0.0,0.0
2014-04-09 23:09:00,0.381997985156,0,0.0529538815335,0.00280411215499,0.513235377736,0.513235377736,0.329044103622,0.0,0.0,0.0
2014-04-09 23:14:00,0.326014103908,0,0.00359117744461,1.28965730255e-05,0.500897793396,0.500897793396,0.329605281353,0.0,0.0,0.0
2014-04-09 23:19:00,0.352967783055,0,0.0228927574963,0.000524077680893,0.505722939437,0.505722939437,0.330075025558,0.0,0.0,0.0
2014-04-09 23:24:00,0.334217397562,0,0.00349220453795,1.21955054055e-05,0.500873050247,0.500873050247,0.330725193024,0.0,0.0,0.0
2014-04-09 23:29:00,0.305516149592,0,0.0258292893653,0.000667151995003,0.506456963364,0.506456963364,0.331345438957,0.0,0.0,0.0
2014-04-09 23:34:00,0.326507535106,0,0.0051395033542,2.64144600806e-05,0.50128487301,0.50128487301,0.33164703846,0.0,0.0,0.0
2014-04-09 23:39:00,0.324328213985,0,0.00753924245149,5.68401774217e-05,0.501884801685,0.501884801685,0.331867456436,0.0,0.0,0.0
2014-04-09 23:44:00,0.324081498386,0,0.00790945887406,6.25593529548e-05,0.50197735441,0.50197735441,0.33199095726,0.0,0.0,0.0
2014-04-09 23:49:00,0.323115195625,0,0.00890812695733,7.93546496425e-05,0.502227017012,0.502227017012,0.332023322582,0.0,0.0,0.0
2014-04-09 23:54:00,0.36028701248,0,0.0283232349376,0.00080220552627,0.507080335417,0.507080335417,0.331963777542,0.0,0.0,0.0
2014-04-09 23:59:00,0.340015214129,0,0.0078229123784,6.11977811786e-05,0.501955718121,0.501955718121,0.33219230175,0.0,0.0,0.0
2014-04-10 00:04:00,0.282818314521,0,0.049657794745,0.00246589630842,0.512411898253,0.512411898253,0.332476109266,0.0,0.0,0.0
2014-04-10 00:09:00,0.339295626966,0,0.00705880054618,4.98266454088e-05,0.501764692809,0.501764692809,0.33223682642,0.0,0.0,0.0
2014-04-10 00:14:00,0.363905507926,0,0.0318138784206,0.00101212353911,0.507952798849,0.507952798849,0.332091629505,0.0,0.0,0.0
2014-04-10 00:19:00,0.357943214293,0,0.0256653500753,0.000658709846903,0.506415985333,0.506415985333,0.332277864218,0.0,0.0,0.0
2014-04-10 00:24:00,0.302617241308,0,0.0300839052942,0.000905040709767,0.507520409142,0.507520409142,0.332701146603,0.0,0.0,0.0
2014-04-10 00:29:00,0.339377865499,0,0.00659547776542,4.35005204054e-05,0.501648863464,0.501648863464,0.332782387733,0.0,0.0,0.0
2014-04-10 00:34:00,0.344065461872,0,0.0111441357117,0.000124191661598,0.502786005095,0.502786005095,0.33292132616,0.0,0.0,0.0
2014-04-10 00:39:00,0.3450728839,0,0.0119153445321,0.000141975702718,0.50297880089,0.50297880089,0.333157539368,0.0,0.0,0.0
2014-04-10 00:44:00,0.317337938691,0,0.0161511813154,0.000260860921117,0.504037707556,0.504037707556,0.333489120007,0.0,0.0,0.0
2014-04-10 00:49:00,0.372828388742,0,0.0392019992381,0.00153679715004,0.509799244888,0.509799244888,0.333626389503,0.0,0.0,0.0
2014-04-10 00:54:00,0.299965048624,0,0.0341760865922,0.00116800458636,0.508543190124,0.508543190124,0.334141135216,0.0,0.0,0.0
2014-04-10 00:59:00,0.330352186517,0,0.00391113822056,1.52969969349e-05,0.500977783309,0.500977783309,0.334263324738,0.0,0.0,0.0
2014-04-10 01:04:00,0.353522893152,0,0.0191886090844,0.000368202861864,0.504797005083,0.504797005083,0.334334284067,0.0,0.0,0.0
2014-04-10 01:09:00,0.342914122412,0,0.00832434303507,6.92948815413e-05,0.502081073742,0.502081073742,0.334589779377,0.0,0.0,0.0
2014-04-10 01:14:00,0.326507535106,0,0.00839552628435,7.04848062014e-05,0.502098869243,0.502098869243,0.33490306139,0.0,0.0,0.0
2014-04-10 01:19:00,0.384896893439,0,0.0497956764079,0.00247961049899,0.512446347368,0.512446347368,0.335101217031,0.0,0.0,0.0
2014-04-10 01:24:00,0.291597277905,0,0.0441795875778,0.00195183604956,0.511043100759,0.511043100759,0.335776865482,0.0,0.0,0.0
2014-04-10 01:29:00,0.328481259894,0,0.00746214096551,5.56835911993e-05,0.501865526585,0.501865526585,0.33594340086,0.0,0.0,0.0
2014-04-10 01:34:00,0.356421801435,0,0.0204030006996,0.000416282302467,0.505100573236,0.505100573236,0.336018800735,0.0,0.0,0.0
2014-04-10 01:39:00,0.305002158761,0,0.0312884391542,0.000978966825642,0.507821471719,0.507821471719,0.336290597916,0.0,0.0,0.0
2014-04-10 01:44:00,0.332778223236,0,0.0034442763725,1.18630932775e-05,0.500861068242,0.500861068242,0.336222499609,0.0,0.0,0.0
2014-04-10 01:49:00,0.349431526142,0,0.0133047515921,0.000177016117959,0.503326138833,0.503326138833,0.336126774549,0.0,0.0,0.0
2014-04-10 01:54:00,0.362692489566,0,0.0265188359634,0.000703247904312,0.50662932049,0.50662932049,0.336173653603,0.0,0.0,0.0
2014-04-10 01:59:00,0.297682929337,0,0.0387981650238,0.00150529667735,0.509698324714,0.509698324714,0.33648109436,0.0,0.0,0.0
2014-04-10 02:04:00,0.327473837867,0,0.0088959448195,7.91376369307e-05,0.502223971538,0.502223971538,0.336369782686,0.0,0.0,0.0
2014-04-10 02:09:00,0.343633709575,0,0.00745314183323,5.55493497814e-05,0.501863276833,0.501863276833,0.336180567741,0.0,0.0,0.0
2014-04-10 02:14:00,0.325315076379,0,0.0107697365005,0.00011598697165,0.502692408101,0.502692408101,0.33608481288,0.0,0.0,0.0
2014-04-10 02:19:00,0.393346902691,0,0.0574561327328,0.00330120744184,0.514360082933,0.514360082933,0.335890769958,0.0,0.0,0.0
2014-04-10 02:24:00,0.310327103764,0,0.0259634941512,0.000674102571793,0.506490508936,0.506490508936,0.336290597916,0.0,0.0,0.0
2014-04-10 02:29:00,0.340261929727,0,0.00387095758972,1.49843626787e-05,0.500967738189,0.500967738189,0.336390972137,0.0,0.0,0.0
2014-04-10 02:34:00,0.323855342421,0,0.0126647333773,0.000160395517014,0.503166141025,0.503166141025,0.336520075798,0.0,0.0,0.0
2014-04-10 02:39:00,0.322148892864,0,0.0143606925168,0.000206229597097,0.503590111431,0.503590111431,0.336509585381,0.0,0.0,0.0
2014-04-10 02:44:00,0.34858858118,0,0.0122321201316,0.000149624873302,0.503057991904,0.503057991904,0.336356461048,0.0,0.0,0.0
2014-04-10 02:49:00,0.346327021526,0,0.00998596827848,9.97192692012e-05,0.502496471324,0.502496471324,0.336341053247,0.0,0.0,0.0
2014-04-10 02:54:00,0.321408746068,0,0.0150184358912,0.000225553332712,0.503754538402,0.503754538402,0.336427181959,0.0,0.0,0.0
2014-04-10 02:59:00,0.318777113016,0,0.01757714266,0.000308955903165,0.504394172532,0.504394172532,0.336354255676,0.0,0.0,0.0
2014-04-10 03:04:00,0.345566315097,0,0.00945387546452,8.93755204743e-05,0.502363451263,0.502363451263,0.336112439632,0.0,0.0,0.0
2014-04-10 03:09:00,0.34091983799,0,0.0049303031352,2.43080303335e-05,0.501232573287,0.501232573287,0.335989534855,0.0,0.0,0.0
2014-04-10 03:14:00,0.340734801291,0,0.00480654001109,2.31029080169e-05,0.501201632689,0.501201632689,0.33592826128,0.0,0.0,0.0
2014-04-10 03:19:00,0.33976849853,0,0.00384715138872,1.48005783558e-05,0.500961786661,0.500961786661,0.335921347141,0.0,0.0,0.0
2014-04-10 03:24:00,0.335430415921,0,0.000523326344321,2.73873013157e-07,0.500130831583,0.500130831583,0.335953742266,0.0,0.0,0.0
2014-04-10 03:29:00,0.330578342482,0,0.00539933104821,2.91526193905e-05,0.501349829483,0.501349829483,0.335977673531,0.0,0.0,0.0
2014-04-10 03:34:00,0.329447562655,0,0.00649738792511,4.22159864684e-05,0.501624341267,0.501624341267,0.335944950581,0.0,0.0,0.0
2014-04-10 03:39:00,0.332305351673,0,0.00354482752288,1.25658707475e-05,0.500886205953,0.500886205953,0.335850179195,0.0,0.0,0.0
2014-04-10 03:44:00,0.351364131664,0,0.015635009502,0.000244453636697,0.503908672752,0.503908672752,0.335729122162,0.0,0.0,0.0
2014-04-10 03:49:00,0.32915972779,0,0.00661779334297,4.37950729975e-05,0.501654442298,0.501654442298,0.335777521133,0.0,0.0,0.0
2014-04-10 03:54:00,0.312979296449,0,0.0227751576865,0.000518707151059,0.505693543317,0.505693543317,0.335754454136,0.0,0.0,0.0
2014-04-10 03:59:00,0.340734801291,0,0.00523038864008,2.73570531135e-05,0.501307594179,0.501307594179,0.335504412651,0.0,0.0,0.0
2014-04-10 04:04:00,0.318057525854,0,0.0172743909553,0.000298404193018,0.504318490351,0.504318490351,0.335331916809,0.0,0.0,0.0
2014-04-10 04:09:00,0.338308764572,0,0.0033061038203,1.09302363853e-05,0.500826525202,0.500826525202,0.335002660751,0.0,0.0,0.0
2014-04-10 04:14:00,0.339172269167,0,0.00443276292206,1.9649429305e-05,0.501108188916,0.501108188916,0.334739506245,0.0,0.0,0.0
2014-04-10 04:19:00,0.301404222949,0,0.033142998712,0.00109845737461,0.508284991299,0.508284991299,0.334547221661,0.0,0.0,0.0
2014-04-10 04:24:00,0.31937334238,0,0.0146670013819,0.000215121021029,0.503666684614,0.503666684614,0.334040343761,0.0,0.0,0.0
2014-04-10 04:29:00,0.335142581056,0,0.001706449579,2.9119755709e-06,0.500426612291,0.500426612291,0.333436131477,0.0,0.0,0.0
2014-04-10 04:34:00,0.370422911655,0,0.0375135064238,0.0014072622871,0.50937727694,0.50937727694,0.332909405231,0.0,0.0,0.0
2014-04-10 04:39:00,0.297867966035,0,0.0349455353225,0.00122119125444,0.508735494873,0.508735494873,0.332813501358,0.0,0.0,0.0
2014-04-10 04:44:00,0.337424700343,0,0.0050494123337,2.5496516173e-05,0.501262350401,0.501262350401,0.33237528801,0.0,0.0,0.0
2014-04-10 04:49:00,0.306955323917,0,0.0250763135132,0.0006288207951,0.506268749888,0.506268749888,0.33203163743,0.0,0.0,0.0
2014-04-10 04:54:00,0.339151709534,0,0.00768193528729,5.9012141719e-05,0.501920474378,0.501920474378,0.331469774246,0.0,0.0,0.0
2014-04-10 04:59:00,0.356483480335,0,0.0254421740775,0.000647304696031,0.506360200441,0.506360200441,0.331041306257,0.0,0.0,0.0
2014-04-10 05:04:00,0.332346470939,0,0.00143447695855,2.05771902984e-06,0.500358619178,0.500358619178,0.33091199398,0.0,0.0,0.0
2014-04-10 05:09:00,0.35255659039,0,0.0217466097596,0.000472914864076,0.505436438194,0.505436438194,0.330809980631,0.0,0.0,0.0
2014-04-10 05:14:00,0.326014103908,0,0.0049232816507,2.42387250182e-05,0.501230817927,0.501230817927,0.330937385559,0.0,0.0,0.0
2014-04-10 05:19:00,0.318386479985,0,0.0126159640437,0.000159162926138,0.503153949178,0.503153949178,0.331002444029,0.0,0.0,0.0
2014-04-10 05:24:00,0.345915828862,0,0.0149820791859,0.00022446255025,0.503745449737,0.503745449737,0.330933749676,0.0,0.0,0.0
2014-04-10 05:29:00,0.327288801168,0,0.00373429587048,1.39449266499e-05,0.500933572883,0.500933572883,0.331023097038,0.0,0.0,0.0
2014-04-10 05:34:00,0.375254425461,0,0.0441885918925,0.00195263139904,0.51104535074,0.51104535074,0.331065833569,0.0,0.0,0.0
2014-04-10 05:39:00,0.314911901972,0,0.016638338545,0.000276834296528,0.504159488679,0.504159488679,0.331550240517,0.0,0.0,0.0
2014-04-10 05:44:00,0.326507535106,0,0.00531080710329,2.8204634873e-05,0.501327698655,0.501327698655,0.331818342209,0.0,0.0,0.0
2014-04-10 05:49:00,0.32225169103,0,0.00975446541472,9.51498586801e-05,0.502438597018,0.502438597018,0.332006156445,0.0,0.0,0.0
2014-04-10 05:54:00,0.341659984786,0,0.00958331604655,9.18401055969e-05,0.502395810676,0.502395810676,0.332076668739,0.0,0.0,0.0
2014-04-10 05:59:00,0.324780525915,0,0.00745653892299,5.56000049983e-05,0.501864126094,0.501864126094,0.332237064838,0.0,0.0,0.0
2014-04-10 06:04:00,0.340488085693,0,0.00818205828014,6.6945925937e-05,0.502045503159,0.502045503159,0.332306027412,0.0,0.0,0.0
2014-04-10 06:09:00,0.348218507782,0,0.0157675218733,0.000248614524025,0.503941798803,0.503941798803,0.332450985909,0.0,0.0,0.0
2014-04-10 06:14:00,0.315878204733,0,0.0168629365864,0.000284358364297,0.504215634251,0.504215634251,0.332741141319,0.0,0.0,0.0
2014-04-10 06:19:00,0.335903287485,0,0.00307172591995,9.43549639487e-06,0.500767930876,0.500767930876,0.332831561565,0.0,0.0,0.0
2014-04-10 06:24:00,0.351590287629,0,0.0186461924945,0.000347680062987,0.504661413068,0.504661413068,0.332944095135,0.0,0.0,0.0
2014-04-10 06:29:00,0.317091223093,0,0.0161433254761,0.000260606844677,0.504035743724,0.504035743724,0.333234548569,0.0,0.0,0.0
2014-04-10 06:34:00,0.336150003084,0,0.00281776250243,7.93971503299e-06,0.50070444016,0.50070444016,0.333332240582,0.0,0.0,0.0
2014-04-10 06:39:00,0.330598902116,0,0.00284992515111,8.12213784229e-06,0.500712480806,0.500712480806,0.333448827267,0.0,0.0,0.0
2014-04-10 06:44:00,0.304858241329,0,0.0286665818598,0.000821773137432,0.507166154726,0.507166154726,0.333524823189,0.0,0.0,0.0
2014-04-10 06:49:00,0.32046300294,0,0.0128391372959,0.000164843484527,0.503209740232,0.503209740232,0.333302140236,0.0,0.0,0.0
2014-04-10 06:54:00,0.338576039803,0,0.00560479475302,3.1413823308e-05,0.50140119502,0.50140119502,0.33297124505,0.0,0.0,0.0
2014-04-10 06:59:00,0.316289397397,0,0.0164408958768,0.000270303135039,0.504110131388,0.504110131388,0.332730293274,0.0,0.0,0.0
2014-04-10 07:04:00,0.321778819466,0,0.0105674410818,0.000111670509796,0.502641835686,0.502641835686,0.332346260548,0.0,0.0,0.0
2014-04-10 07:09:00,0.387795801723,0,0.0559027152895,0.00312511413358,0.513972040327,0.513972040327,0.331893086433,0.0,0.0,0.0
2014-04-10 07:14:00,0.274861736467,0,0.057191477845,0.00327086658217,0.514293973535,0.514293973535,0.332053214312,0.0,0.0,0.0
2014-04-10 07:19:00,0.317276259792,0,0.0143413935784,0.000205675300094,0.503585286944,0.503585286944,0.33161765337,0.0,0.0,0.0
2014-04-10 07:24:00,0.31515861757,0,0.01592161052,0.000253498059465,0.503980318547,0.503980318547,0.33108022809,0.0,0.0,0.0
2014-04-10 07:29:00,0.363905507926,0,0.0334704107082,0.00112026918214,0.508366821601,0.508366821601,0.330435097218,0.0,0.0,0.0
2014-04-10 07:34:00,0.362939205165,0,0.032745476956,0.00107226648834,0.50818563782,0.50818563782,0.330193728209,0.0,0.0,0.0
2014-04-10 07:39:00,0.316741709328,0,0.0135664299963,0.000184048141818,0.503391555482,0.503391555482,0.330308139324,0.0,0.0,0.0
2014-04-10 07:44:00,0.311540122124,0,0.0187335657153,0.000350946298568,0.504683254465,0.504683254465,0.33027368784,0.0,0.0,0.0
2014-04-10 07:49:00,0.321922736898,0,0.00813011573224,6.60985824652e-05,0.502032517737,0.502032517737,0.330052852631,0.0,0.0,0.0
2014-04-10 07:54:00,0.365303562984,0,0.0355319250679,0.00126251857728,0.508882046808,0.508882046808,0.329771637917,0.0,0.0,0.0
2014-04-10 07:59:00,0.299471617426,0,0.0304070704322,0.000924589985516,0.507601181952,0.507601181952,0.329878687859,0.0,0.0,0.0
2014-04-10 08:04:00,0.321922736898,0,0.00774417565732,5.9972066083e-05,0.501936034239,0.501936034239,0.329666912556,0.0,0.0,0.0
2014-04-10 08:09:00,0.351919241761,0,0.0225215037808,0.000507217773702,0.505630137972,0.505630137972,0.32939773798,0.0,0.0,0.0
2014-04-10 08:14:00,0.312362507453,0,0.0170212234355,0.000289721559966,0.504255203124,0.504255203124,0.329383730888,0.0,0.0,0.0
2014-04-10 08:19:00,0.376981434651,0,0.0477828953942,0.00228320527822,0.511943451489,0.511943451489,0.329198539257,0.0,0.0,0.0
2014-04-10 08:24:00,0.326260819507,0,0.00325526349511,1.05968338175e-05,0.500813815155,0.500813815155,0.329516083002,0.0,0.0,0.0
2014-04-10 08:29:00,0.324328213985,0,0.00544080132753,2.96023190458e-05,0.501360196976,0.501360196976,0.329769015312,0.0,0.0,0.0
2014-04-10 08:34:00,0.317317379058,0,0.0126242513055,0.00015937203716,0.503156020911,0.503156020911,0.329941630363,0.0,0.0,0.0
2014-04-10 08:39:00,0.318386479985,0,0.0115824791079,0.000134154164698,0.502895587406,0.502895587406,0.329968959093,0.0,0.0,0.0
2014-04-10 08:44:00,0.338925553568,0,0.00904954791856,8.18940825411e-05,0.50226237154,0.50226237154,0.32987600565,0.0,0.0,0.0
2014-04-10 08:49:00,0.303028433973,0,0.0268557375132,0.000721230637282,0.506713530883,0.506713530883,0.329884171486,0.0,0.0,0.0
2014-04-10 08:54:00,0.364645654722,0,0.0350268431142,0.00122688012198,0.508755815602,0.508755815602,0.329618811607,0.0,0.0,0.0
2014-04-10 08:59:00,0.324081498386,0,0.00565413832505,3.19691462209e-05,0.501413530815,0.501413530815,0.329735636711,0.0,0.0,0.0
2014-04-10 09:04:00,0.353276177553,0,0.0234928273237,0.000551912293304,0.505872936721,0.505872936721,0.329783350229,0.0,0.0,0.0
2014-04-10 09:09:00,0.328522379161,0,0.00154266261972,2.37979247686e-06,0.500385665578,0.500385665578,0.33006504178,0.0,0.0,0.0
2014-04-10 09:14:00,0.32225169103,0,0.00805126269026,6.48230488878e-05,0.5020128048,0.5020128048,0.33030295372,0.0,0.0,0.0
2014-04-10 09:19:00,0.337835893008,0,0.00740055737153,5.47680283489e-05,0.501850130899,0.501850130899,0.330435335636,0.0,0.0,0.0
2014-04-10 09:24:00,0.30358354407,0,0.0270463411271,0.000731505162548,0.506761173134,0.506761173134,0.330629885197,0.0,0.0,0.0
2014-04-10 09:29:00,0.322148892864,0,0.00838076712274,7.02373145032e-05,0.502095179517,0.502095179517,0.330529659986,0.0,0.0,0.0
2014-04-10 09:34:00,0.328234544296,0,0.00211960981423,4.4927073759e-06,0.500529902255,0.500529902255,0.33035415411,0.0,0.0,0.0
2014-04-10 09:39:00,0.330208269084,0,3.37633738777e-05,1.14014486741e-09,0.500008440843,0.500008440843,0.330174505711,0.0,0.0,0.0
2014-04-10 09:44:00,0.328316782829,0,0.0016963731086,2.8776983072e-06,0.500424093175,0.500424093175,0.330013155937,0.0,0.0,0.0
2014-04-10 09:49:00,0.358107691359,0,0.0282571368925,0.000798465509433,0.507063814212,0.507063814212,0.329850554466,0.0,0.0,0.0
2014-04-10 09:54:00,0.329056929624,0,0.000935305082503,8.74816180385e-07,0.500233826254,0.500233826254,0.329992234707,0.0,0.0,0.0
2014-04-10 09:59:00,0.314911901972,0,0.0151983499319,0.000230989840929,0.503799514346,0.503799514346,0.330110251904,0.0,0.0,0.0
2014-04-10 10:04:00,0.339295626966,0,0.00923416146423,8.52697121445e-05,0.502308523962,0.502308523962,0.330061465502,0.0,0.0,0.0
2014-04-10 10:09:00,0.379099076872,0,0.0489872752482,0.00239975261502,0.512244370288,0.512244370288,0.330111801624,0.0,0.0,0.0
2014-04-10 10:14:00,0.333024938835,0,0.00236841036219,5.60941498406e-06,0.500592102314,0.500592102314,0.330656528473,0.0,0.0,0.0
2014-04-10 10:19:00,0.32979707642,0,0.00137422756735,1.88846661331e-06,0.500343556838,0.500343556838,0.331171303988,0.0,0.0,0.0
2014-04-10 10:24:00,0.317214580892,0,0.0144062315242,0.000207539575058,0.503601495594,0.503601495594,0.331620812416,0.0,0.0,0.0
2014-04-10 10:29:00,0.314418470774,0,0.0174598635093,0.000304847024381,0.504364854994,0.504364854994,0.331878334284,0.0,0.0,0.0
2014-04-10 10:34:00,0.304549846831,0,0.0273819230171,0.000749769911636,0.506845053075,0.506845053075,0.331931769848,0.0,0.0,0.0
2014-04-10 10:39:00,0.317440736857,0,0.0142592901317,0.00020332702843,0.503564762132,0.503564762132,0.331700026989,0.0,0.0,0.0
2014-04-10 10:44:00,0.325088920414,0,0.00625669735749,3.91462890548e-05,0.501564169237,0.501564169237,0.331345617771,0.0,0.0,0.0
2014-04-10 10:49:00,0.324821645182,0,0.006140863735,3.7710135075e-05,0.501535211109,0.501535211109,0.330962508917,0.0,0.0,0.0
2014-04-10 10:54:00,0.367524003372,0,0.0369692200275,0.00136672286317,0.509241252511,0.509241252511,0.330554783344,0.0,0.0,0.0
2014-04-10 10:59:00,0.288616131088,0,0.0419498579293,0.00175979139749,0.510485926774,0.510485926774,0.330565989017,0.0,0.0,0.0
2014-04-10 11:04:00,0.317564094657,0,0.01258341015,0.000158342081704,0.503145811028,0.503145811028,0.330147504807,0.0,0.0,0.0
2014-04-10 11:09:00,0.37716647135,0,0.0475243543267,0.00225856504403,0.511878852903,0.511878852903,0.329642117023,0.0,0.0,0.0
2014-04-10 11:14:00,0.317564094657,0,0.0121087783636,0.000146622376633,0.503027157604,0.503027157604,0.32967287302,0.0,0.0,0.0
2014-04-10 11:19:00,0.325808507576,0,0.00376837216354,1.42007211252e-05,0.500942091926,0.500942091926,0.32957687974,0.0,0.0,0.0
2014-04-10 11:24:00,0.330393305783,0,0.00094132757679,8.8611375304e-07,0.500235331877,0.500235331877,0.329451978207,0.0,0.0,0.0
2014-04-10 11:29:00,0.314562388207,0,0.0147867421851,0.000218647983274,0.503696618192,0.503696618192,0.329349130392,0.0,0.0,0.0
2014-04-10 11:34:00,0.315302535003,0,0.0138028123922,0.000190518010641,0.503450648314,0.503450648314,0.329105347395,0.0,0.0,0.0
2014-04-10 11:39:00,0.326507535106,0,0.0022372339908,5.00520036439e-06,0.500559308264,0.500559308264,0.328744769096,0.0,0.0,0.0
2014-04-10 11:44:00,0.331565204877,0,0.00316799046406,1.00361412478e-05,0.500791996954,0.500791996954,0.328397214413,0.0,0.0,0.0
2014-04-10 11:49:00,0.268385452004,0,0.0597312331485,0.00356782157905,0.514928370073,0.514928370073,0.328116685152,0.0,0.0,0.0
2014-04-10 11:54:00,0.359793581283,0,0.0325387494916,0.00105876976158,0.508133969718,0.508133969718,0.327254831791,0.0,0.0,0.0
2014-04-10 11:59:00,0.30179485598,0,0.0250166364633,0.000625832064543,0.506253832965,0.506253832965,0.326811492443,0.0,0.0,0.0
2014-04-10 12:04:00,0.326651452538,0,0.000494240280701,2.4427487233e-07,0.500123560068,0.500123560068,0.326157212257,0.0,0.0,0.0
2014-04-10 12:09:00,0.362404654701,0,0.0368314487531,0.00135655491613,0.509206821415,0.509206821415,0.325573205948,0.0,0.0,0.0
2014-04-10 12:14:00,0.330352186517,0,0.00492864783215,2.42915757553e-05,0.501232159464,0.501232159464,0.325423538685,0.0,0.0,0.0
2014-04-10 12:19:00,0.320236846975,0,0.00510223192855,2.6032619644e-05,0.501275555215,0.501275555215,0.325339078903,0.0,0.0,0.0
2014-04-10 12:24:00,0.319496700179,0,0.00571425854038,3.2652853406e-05,0.501428560748,0.501428560748,0.325210958719,0.0,0.0,0.0
2014-04-10 12:29:00,0.338822755402,0,0.01378551442,0.000190040314919,0.503446324027,0.503446324027,0.325037240982,0.0,0.0,0.0
2014-04-10 12:34:00,0.303953617467,0,0.0210680667023,0.000443863420514,0.505266821865,0.505266821865,0.32502168417,0.0,0.0,0.0
2014-04-10 12:39:00,0.3216760213,0,0.00311636380154,9.71175722952e-06,0.50077909032,0.50077909032,0.324792385101,0.0,0.0,0.0
2014-04-10 12:44:00,0.317091223093,0,0.00746286263893,5.56942650292e-05,0.501865707001,0.501865707001,0.324554085732,0.0,0.0,0.0
2014-04-10 12:49:00,0.318962149715,0,0.00530100574511,2.81005868601e-05,0.501325248333,0.501325248333,0.32426315546,0.0,0.0,0.0
2014-04-10 12:54:00,0.34846522338,0,0.0245182109559,0.000601143168751,0.506129245696,0.506129245696,0.323947012424,0.0,0.0,0.0
2014-04-10 12:59:00,0.305742305557,0,0.0181710004406,0.000330185692292,0.504542625119,0.504542625119,0.323913305998,0.0,0.0,0.0
2014-04-10 13:04:00,0.351117416065,0,0.0274204153233,0.000751878425945,0.506854674346,0.506854674346,0.323697000742,0.0,0.0,0.0
2014-04-10 13:09:00,0.304981599128,0,0.0188013515115,0.00035349119571,0.504700199422,0.504700199422,0.32378295064,0.0,0.0,0.0
2014-04-10 13:14:00,0.326507535106,0,0.00283965123259,8.06363914307e-06,0.500709912331,0.500709912331,0.323667883873,0.0,0.0,0.0
2014-04-10 13:19:00,0.323855342421,0,0.000262023958319,6.86555381435e-08,0.500065505989,0.500065505989,0.323593318462,0.0,0.0,0.0
2014-04-10 13:24:00,0.351117416065,0,0.0275885302239,0.00076112622628,0.506896695123,0.506896695123,0.323528885841,0.0,0.0,0.0
2014-04-10 13:29:00,0.350541746335,0,0.0267882105877,0.000717607908882,0.506696652187,0.506696652187,0.323753535748,0.0,0.0,0.0
2014-04-10 13:34:00,0.334690269126,0,0.0104600154292,0.000109412001621,0.502614980015,0.502614980015,0.324230253696,0.0,0.0,0.0
2014-04-10 13:39:00,0.306174057855,0,0.0185927568539,0.000345690175891,0.504648055315,0.504648055315,0.324766814709,0.0,0.0,0.0
2014-04-10 13:44:00,0.32570570941,0,0.000646593523456,4.1808016249e-07,0.500161648375,0.500161648375,0.325059115887,0.0,0.0,0.0
2014-04-10 13:49:00,0.315652048767,0,0.00967695695078,9.36436117627e-05,0.502419220359,0.502419220359,0.325329005718,0.0,0.0,0.0
2014-04-10 13:54:00,0.344600012336,0,0.0191274190283,0.000365858519217,0.504781708972,0.504781708972,0.325472593307,0.0,0.0,0.0
2014-04-10 13:59:00,0.317810810255,0,0.00798758204069,6.38015699224e-05,0.501996884893,0.501996884893,0.325798392296,0.0,0.0,0.0
2014-04-10 14:04:00,0.335944406752,0,0.00993477559486,9.86999148154e-05,0.502483673471,0.502483673471,0.326009631157,0.0,0.0,0.0
2014-04-10 14:09:00,0.352083718826,0,0.0257816672823,0.000664694060106,0.506445059825,0.506445059825,0.326302051544,0.0,0.0,0.0
2014-04-10 14:14:00,0.301404222949,0,0.0254262833761,0.000646495143883,0.506356228408,0.506356228408,0.326830506325,0.0,0.0,0.0
2014-04-10 14:19:00,0.320956434137,0,0.00608811246694,3.70650559489e-05,0.501522023416,0.501522023416,0.327044546604,0.0,0.0,0.0
2014-04-10 14:24:00,0.31515861757,0,0.0120159863688,0.000144384219311,0.503003960449,0.503003960449,0.327174603939,0.0,0.0,0.0
2014-04-10 14:29:00,0.330126030552,0,0.00295810233277,8.75029127201e-06,0.500739525044,0.500739525044,0.327167928219,0.0,0.0,0.0
2014-04-10 14:34:00,0.3333744526,0,0.00618202687192,3.82173093385e-05,0.501545501796,0.501545501796,0.327192425728,0.0,0.0,0.0
2014-04-10 14:39:00,0.346984929789,0,0.0197067329772,0.000388355052564,0.504926523809,0.504926523809,0.327278196812,0.0,0.0,0.0
2014-04-10 14:44:00,0.352659388557,0,0.0251006922865,0.000630044029094,0.506274843622,0.506274843622,0.32755869627,0.0,0.0,0.0
2014-04-10 14:49:00,0.295606406382,0,0.0324637275428,0.00105389370583,0.508115219183,0.508115219183,0.328070133924,0.0,0.0,0.0
2014-04-10 14:54:00,0.335348177389,0,0.00715272469839,5.11616344738e-05,0.501788173551,0.501788173551,0.32819545269,0.0,0.0,0.0
2014-04-10 14:59:00,0.340385287526,0,0.0120031828912,0.0001440764172,0.503000759695,0.503000759695,0.328382104635,0.0,0.0,0.0
2014-04-10 15:04:00,0.320750837805,0,0.00792329978726,6.27787594567e-05,0.501980814584,0.501980814584,0.328674137592,0.0,0.0,0.0
2014-04-10 15:09:00,0.364152223524,0,0.0352969474165,0.00124587444589,0.508823320811,0.508823320811,0.328855276108,0.0,0.0,0.0
2014-04-10 15:14:00,0.348835296778,0,0.0194524301573,0.00037839676952,0.504862954196,0.504862954196,0.329382866621,0.0,0.0,0.0
2014-04-10 15:19:00,0.313904479944,0,0.016154422558,0.000260964909103,0.504038517814,0.504038517814,0.330058902502,0.0,0.0,0.0
2014-04-10 15:24:00,0.310799975328,0,0.0197005975914,0.000388113112422,0.504924990111,0.504924990111,0.33050057292,0.0,0.0,0.0
2014-04-10 15:29:00,0.320709718539,0,0.00998465888371,9.96936796582e-05,0.502496143984,0.502496143984,0.330694377422,0.0,0.0,0.0
2014-04-10 15:34:00,0.325294516746,0,0.00547102862237,2.99320709019e-05,0.501367753744,0.501367753744,0.330765545368,0.0,0.0,0.0
2014-04-10 15:39:00,0.360389810646,0,0.0296168743016,0.000877158541698,0.5074036774,0.5074036774,0.330772936344,0.0,0.0,0.0
2014-04-10 15:44:00,0.322148892864,0,0.00893744470262,7.98779801698e-05,0.502234346303,0.502234346303,0.331086337566,0.0,0.0,0.0
2014-04-10 15:49:00,0.303809700035,0,0.0274662399065,0.000754394219257,0.506866128335,0.506866128335,0.331275939941,0.0,0.0,0.0
2014-04-10 15:54:00,0.345319599498,0,0.0141576236377,0.000200438284082,0.503539346791,0.503539346791,0.331161975861,0.0,0.0,0.0
2014-04-10 15:59:00,0.316844507494,0,0.0143616354084,0.000206256983802,0.503590347141,0.503590347141,0.331206142902,0.0,0.0,0.0
2014-04-10 16:04:00,0.345155122433,0,0.0140581752395,0.000197632223717,0.503514485929,0.503514485929,0.331096947193,0.0,0.0,0.0
2014-04-10 16:09:00,0.368819260264,0,0.0376748081694,0.00141939159948,0.509417588132,0.509417588132,0.331144452095,0.0,0.0,0.0
2014-04-10 16:14:00,0.350623984868,0,0.0190461474009,0.000362756109098,0.504761392916,0.504761392916,0.331577837467,0.0,0.0,0.0
2014-04-10 16:19:00,0.308949608339,0,0.0232159905303,0.000538981694262,0.505803736959,0.505803736959,0.332165598869,0.0,0.0,0.0
2014-04-10 16:24:00,0.327473837867,0,0.00497994946008,2.47997850238e-05,0.501244984792,0.501244984792,0.332453787327,0.0,0.0,0.0
2014-04-10 16:29:00,0.353050021588,0,0.0203883928645,0.000415686634369,0.505096921657,0.505096921657,0.332661628723,0.0,0.0,0.0
2014-04-10 16:34:00,0.301650938547,0,0.0314095048541,0.000986556871794,0.507851730709,0.507851730709,0.333060443401,0.0,0.0,0.0
2014-04-10 16:39:00,0.356668517034,0,0.0235753506823,0.0005557978875,0.505893564704,0.505893564704,0.333093166351,0.0,0.0,0.0
2014-04-10 16:44:00,0.356421801435,0,0.0230542749038,0.000531499448698,0.505763313462,0.505763313462,0.333367526531,0.0,0.0,0.0
2014-04-10 16:49:00,0.324081498386,0,0.00977255105813,9.55025243456e-05,0.502443118321,0.502443118321,0.333854049444,0.0,0.0,0.0
2014-04-10 16:54:00,0.365838113448,0,0.0316475659818,0.0010015682783,0.507911231203,0.507911231203,0.334190547466,0.0,0.0,0.0
2014-04-10 16:59:00,0.328913012192,0,0.00590940411368,3.49211622961e-05,0.501477346729,0.501477346729,0.334822416306,0.0,0.0,0.0
2014-04-10 17:04:00,0.329632599354,0,0.00569735050138,3.24596803694e-05,0.501424333773,0.501424333773,0.335329949856,0.0,0.0,0.0
2014-04-10 17:09:00,0.344353296737,0,0.0086256050868,7.44009230402e-05,0.502156387902,0.502156387902,0.33572769165,0.0,0.0,0.0
2014-04-10 17:14:00,0.396245810975,0,0.0600700712096,0.00360841304064,0.515013003647,0.515013003647,0.336175739765,0.0,0.0,0.0
2014-04-10 17:19:00,0.270667571291,0,0.0665354843297,0.00442696921527,0.516627737326,0.516627737326,0.33720305562,0.0,0.0,0.0
2014-04-10 17:24:00,0.330598902116,0,0.00683604537511,4.67316713184e-05,0.501709004688,0.501709004688,0.337434947491,0.0,0.0,0.0
2014-04-10 17:29:00,0.34085815909,0,0.00328540566103,1.0793905858e-05,0.500821350676,0.500821350676,0.337572753429,0.0,0.0,0.0
2014-04-10 17:34:00,0.363494315261,0,0.0257633115001,0.000663747778162,0.506440471641,0.506440471641,0.337731003761,0.0,0.0,0.0
2014-04-10 17:39:00,0.359341269352,0,0.0212001260298,0.000449445098639,0.50529983301,0.50529983301,0.338141143322,0.0,0.0,0.0
2014-04-10 17:44:00,0.326507535106,0,0.0122232471649,0.000149407685967,0.503055773745,0.503055773745,0.33873078227,0.0,0.0,0.0
2014-04-10 17:49:00,0.350623984868,0,0.0114894109316,0.000132006796775,0.502872321136,0.502872321136,0.339134573936,0.0,0.0,0.0
2014-04-10 17:54:00,0.374760994264,0,0.0351432054722,0.00123504421208,0.508784897241,0.508784897241,0.339617788792,0.0,0.0,0.0
2014-04-10 17:59:00,0.304405929398,0,0.0360124391797,0.0012968959054,0.509002136913,0.509002136913,0.340418368578,0.0,0.0,0.0
2014-04-10 18:04:00,0.354016324349,0,0.0132523978427,0.00017562629364,0.503313050973,0.503313050973,0.340763926506,0.0,0.0,0.0
2014-04-10 18:09:00,0.326260819507,0,0.0149522279974,0.00022356955742,0.503737987358,0.503737987358,0.341213047504,0.0,0.0,0.0
2014-04-10 18:14:00,0.331195131479,0,0.0102665269989,0.000105401282781,0.502566609206,0.502566609206,0.341461658478,0.0,0.0,0.0
2014-04-10 18:19:00,0.345114003166,0,0.00353545998,1.24994030557e-05,0.500883864074,0.500883864074,0.341578543186,0.0,0.0,0.0
2014-04-10 18:24:00,0.315878204733,0,0.0258424359265,0.000667831103783,0.506460249456,0.506460249456,0.341720640659,0.0,0.0,0.0
2014-04-10 18:29:00,0.334217397562,0,0.0073615926594,5.41930203326e-05,0.501840389853,0.501840389853,0.341578990221,0.0,0.0,0.0
2014-04-10 18:34:00,0.342667406813,0,0.00129271151241,1.67108760252e-06,0.500323177833,0.500323177833,0.341374695301,0.0,0.0,0.0
2014-04-10 18:39:00,0.35722362713,0,0.0160194607181,0.000256623199675,0.504004779537,0.504004779537,0.341204166412,0.0,0.0,0.0
2014-04-10 18:44:00,0.370566829088,0,0.0293488940025,0.000861356733367,0.507336696882,0.507336696882,0.341217935085,0.0,0.0,0.0
2014-04-10 18:49:00,0.309936470733,0,0.0316002895968,0.000998578732833,0.507899415061,0.507899415061,0.34153676033,0.0,0.0,0.0
2014-04-10 18:54:00,0.382141902588,0,0.0406481768118,0.00165227311663,0.510160645227,0.510160645227,0.341493725777,0.0,0.0,0.0
2014-04-10 18:59:00,0.325438434178,0,0.0164407250338,0.000270297256066,0.50411008868,0.50411008868,0.341879159212,0.0,0.0,0.0
2014-04-10 19:04:00,0.318550957051,0,0.0235036186308,0.000552420679014,0.505875634175,0.505875634175,0.342054575682,0.0,0.0,0.0
2014-04-10 19:09:00,0.350623984868,0,0.00865687900263,7.49417304178e-05,0.502164206235,0.502164206235,0.341967105865,0.0,0.0,0.0
2014-04-10 19:14:00,0.378872920907,0,0.0368941623336,0.00136117998045,0.509222494485,0.509222494485,0.341978758574,0.0,0.0,0.0
2014-04-10 19:19:00,0.3040975349,0,0.0382769389102,0.00146512419451,0.509568066556,0.509568066556,0.34237447381,0.0,0.0,0.0
2014-04-10 19:24:00,0.328666296593,0,0.0136646360239,0.000186722201761,0.503416105851,0.503416105851,0.342330932617,0.0,0.0,0.0
2014-04-10 19:29:00,0.331565204877,0,0.0105838739692,0.000112018460641,0.502645943793,0.502645943793,0.342149078846,0.0,0.0,0.0
2014-04-10 19:34:00,0.330722259915,0,0.0111525779605,0.000124379715999,0.502788115591,0.502788115591,0.341874837875,0.0,0.0,0.0
2014-04-10 19:39:00,0.349431526142,0,0.00792006798308,6.27272966085e-05,0.501980006646,0.501980006646,0.341511458158,0.0,0.0,0.0
2014-04-10 19:44:00,0.369929480458,0,0.0286624907501,0.000821539084427,0.507165132158,0.507165132158,0.341266989708,0.0,0.0,0.0
2014-04-10 19:49:00,0.282674397089,0,0.0586721052153,0.00344241526909,0.514663819965,0.514663819965,0.341346502304,0.0,0.0,0.0
2014-04-10 19:54:00,0.360389810646,0,0.0195837436559,0.000383522565244,0.504895779445,0.504895779445,0.34080606699,0.0,0.0,0.0
2014-04-10 19:59:00,0.336869590247,0,0.00365430835502,1.33539169838e-05,0.500913576072,0.500913576072,0.340523898602,0.0,0.0,0.0
2014-04-10 20:04:00,0.3332510948,0,0.00698056222773,4.87283323309e-05,0.50174513347,0.50174513347,0.340231657028,0.0,0.0,0.0
2014-04-10 20:09:00,0.350151113304,0,0.0102554178562,0.000105173763586,0.502563831993,0.502563831993,0.339895695448,0.0,0.0,0.0
2014-04-10 20:14:00,0.350870700467,0,0.0111704188467,0.000124778220197,0.502792575674,0.502792575674,0.33970028162,0.0,0.0,0.0
2014-04-10 20:19:00,0.390345196242,0,0.0507042212432,0.00257091689855,0.512673340251,0.512673340251,0.339640974998,0.0,0.0,0.0
2014-04-10 20:24:00,0.294557865088,0,0.0455587251738,0.00207559694536,0.511387711669,0.511387711669,0.340116590261,0.0,0.0,0.0
2014-04-10 20:29:00,0.326014103908,0,0.0140553390791,0.000197552624741,0.503513776924,0.503513776924,0.340069442987,0.0,0.0,0.0
2014-04-10 20:34:00,0.349781039906,0,0.00990060324739,9.80218756013e-05,0.502475130594,0.502475130594,0.339880436659,0.0,0.0,0.0
2014-04-10 20:39:00,0.308168342277,0,0.0316451881683,0.00100141728763,0.507910636899,0.507910636899,0.339813530445,0.0,0.0,0.0
2014-04-10 20:44:00,0.329406443389,0,0.0100169150513,0.000100338649645,0.502504207824,0.502504207824,0.33942335844,0.0,0.0,0.0
2014-04-10 20:49:00,0.347683957318,0,0.0087163955964,7.59757094784e-05,0.502179085103,0.502179085103,0.338967561722,0.0,0.0,0.0
2014-04-10 20:54:00,0.343880425173,0,0.00523222513812,2.73760724667e-05,0.5013080533,0.5013080533,0.338648200035,0.0,0.0,0.0
2014-04-10 20:59:00,0.320380764407,0,0.0180344410715,0.000325240602251,0.504508488073,0.504508488073,0.338415205479,0.0,0.0,0.0
2014-04-10 21:04:00,0.329015810358,0,0.00900144470988,8.10258134152e-05,0.502250345983,0.502250345983,0.338017255068,0.0,0.0,0.0
2014-04-10 21:09:00,0.344600012336,0,0.00703503731251,4.94918822369e-05,0.501758752074,0.501758752074,0.337564975023,0.0,0.0,0.0
2014-04-10 21:14:00,0.329056929624,0,0.00817434879512,6.68201610097e-05,0.502043575819,0.502043575819,0.337231278419,0.0,0.0,0.0
2014-04-10 21:19:00,0.344558893069,0,0.00771349512013,5.94980301685e-05,0.501928364219,0.501928364219,0.336845397949,0.0,0.0,0.0
2014-04-10 21:24:00,0.365077407019,0,0.0284987994599,0.000812181504443,0.507124217692,0.507124217692,0.336578607559,0.0,0.0,0.0
2014-04-10 21:29:00,0.27245625938,0,0.064180045475,0.00411907816306,0.516039506082,0.516039506082,0.336636304855,0.0,0.0,0.0
2014-04-10 21:34:00,0.336396718683,0,0.000377679528486,1.42645831147e-07,0.500094419881,0.500094419881,0.336019039154,0.0,0.0,0.0
2014-04-10 21:39:00,0.309072966138,0,0.0263943128191,0.000696659495588,0.506598195151,0.506598195151,0.335467278957,0.0,0.0,0.0
2014-04-10 21:44:00,0.319023828615,0,0.0156716894019,0.000245602190262,0.503917842165,0.503917842165,0.334695518017,0.0,0.0,0.0
2014-04-10 21:49:00,0.337815333374,0,0.00397782421918,1.58231723617e-05,0.500994454744,0.500994454744,0.333837509155,0.0,0.0,0.0
2014-04-10 21:54:00,0.310820534962,0,0.0222859828301,0.000496664375532,0.505571265122,0.505571265122,0.333106517792,0.0,0.0,0.0
2014-04-10 21:59:00,0.316597791895,0,0.015618470922,0.000243936709012,0.503904538359,0.503904538359,0.332216262817,0.0,0.0,0.0
2014-04-10 22:04:00,0.349904397706,0,0.0186522400174,0.000347905704984,0.504662924817,0.504662924817,0.331252157688,0.0,0.0,0.0
2014-04-10 22:09:00,0.336869590247,0,0.00629084583504,3.95748320443e-05,0.501572706272,0.501572706272,0.330578744411,0.0,0.0,0.0
2014-04-10 22:14:00,0.36777071897,0,0.037732678094,0.00142375589348,0.509432050473,0.509432050473,0.330038040876,0.0,0.0,0.0
2014-04-10 22:19:00,0.294640103621,0,0.0353047453937,0.00124642567243,0.508825269698,0.508825269698,0.329944849014,0.0,0.0,0.0
2014-04-10 22:24:00,0.346573737125,0,0.0170803932944,0.000291739939712,0.504269994513,0.504269994513,0.32949334383,0.0,0.0,0.0
2014-04-10 22:29:00,0.304056415634,0,0.0252084039885,0.000635464093648,0.506301767289,0.506301767289,0.329264819622,0.0,0.0,0.0
2014-04-10 22:34:00,0.321429305701,0,0.00736720022685,5.42755442439e-05,0.501841791726,0.501841791726,0.328796505928,0.0,0.0,0.0
2014-04-10 22:39:00,0.315652048767,0,0.0126461027256,0.000159924064064,0.503161483548,0.503161483548,0.328298151493,0.0,0.0,0.0
2014-04-10 22:44:00,0.322395608462,0,0.00532217260455,2.83253684756e-05,0.50133054001,0.50133054001,0.327717781067,0.0,0.0,0.0
2014-04-10 22:49:00,0.319023828615,0,0.00811590660697,6.58681165078e-05,0.502028965515,0.502028965515,0.327139735222,0.0,0.0,0.0
2014-04-10 22:54:00,0.336643434281,0,0.0101087458084,0.000102186604636,0.502527164932,0.502527164932,0.326534688473,0.0,0.0,0.0
2014-04-10 22:59:00,0.390920865972,0,0.0648255233356,0.00420235004276,0.516200707813,0.516200707813,0.326095342636,0.0,0.0,0.0
2014-04-10 23:04:00,0.287896543926,0,0.0384788213316,0.00148061965592,0.509618518582,0.509618518582,0.326375365257,0.0,0.0,0.0
2014-04-10 23:09:00,0.358354406957,0,0.0321273380563,0.00103216664866,0.508031143737,0.508031143737,0.326227068901,0.0,0.0,0.0
2014-04-10 23:14:00,0.314439030408,0,0.0119886677277,0.000143728204421,0.502997131034,0.502997131034,0.326427698135,0.0,0.0,0.0
2014-04-10 23:19:00,0.316597791895,0,0.00988581539678,9.77293893811e-05,0.502471433722,0.502471433722,0.326483607292,0.0,0.0,0.0
2014-04-10 23:24:00,0.317769690989,0,0.00866137480909,7.50196631998e-05,0.502165330165,0.502165330165,0.326431065798,0.0,0.0,0.0
2014-04-10 23:29:00,0.348218507782,0,0.0219249200972,0.000480701797642,0.505481010465,0.505481010465,0.326293587685,0.0,0.0,0.0
2014-04-10 23:34:00,0.325541232344,0,0.000856931689475,7.34339266728e-07,0.500214232909,0.500214232909,0.326398164034,0.0,0.0,0.0
2014-04-10 23:39:00,0.312506424885,0,0.0139769439882,0.000195354616153,0.503494179113,0.503494179113,0.326483368874,0.0,0.0,0.0
2014-04-10 23:44:00,0.326260819507,0,0.000153646397256,2.36116335373e-08,0.500038411599,0.500038411599,0.326414465904,0.0,0.0,0.0
2014-04-10 23:49:00,0.328193425029,0,0.00184267649033,3.39546068062e-06,0.500460668992,0.500460668992,0.326350748539,0.0,0.0,0.0
2014-04-10 23:54:00,0.347190526121,0,0.0208779245547,0.000435887865024,0.505219291555,0.505219291555,0.326312601566,0.0,0.0,0.0
2014-04-10 23:59:00,0.37186208598,0,0.0453659617128,0.00205807038583,0.511339545696,0.511339545696,0.326496124268,0.0,0.0,0.0
2014-04-11 00:04:00,0.287588149427,0,0.0395460723648,0.00156389188487,0.509885229839,0.509885229839,0.327134221792,0.0,0.0,0.0
2014-04-11 00:09:00,0.382964287917,0,0.0556682693166,0.00309895561077,0.513913474411,0.513913474411,0.3272960186,0.0,0.0,0.0
2014-04-11 00:14:00,0.324184296552,0,0.00383657413343,1.47192859004e-05,0.500959142357,0.500959142357,0.328020870686,0.0,0.0,0.0
2014-04-11 00:19:00,0.317399617591,0,0.011233988843,0.000126202430693,0.502808467675,0.502808467675,0.328633606434,0.0,0.0,0.0
2014-04-11 00:24:00,0.341228232488,0,0.0121599293801,0.000147864222527,0.503039944887,0.503039944887,0.329068303108,0.0,0.0,0.0
2014-04-11 00:29:00,0.301568700014,0,0.0280178356778,0.000784999865573,0.507004000748,0.507004000748,0.329586535692,0.0,0.0,0.0
2014-04-11 00:34:00,0.322909599293,0,0.00685119057847,4.69388905913e-05,0.501712790945,0.501712790945,0.329760789871,0.0,0.0,0.0
2014-04-11 00:39:00,0.360040296881,0,0.0301941531586,0.000911687500775,0.50754796485,0.50754796485,0.329846143723,0.0,0.0,0.0
2014-04-11 00:44:00,0.282448241123,0,0.0477898031386,0.00228386605158,0.51194517744,0.51194517744,0.330238044262,0.0,0.0,0.0
2014-04-11 00:49:00,0.344353296737,0,0.0142610454364,0.00020337717433,0.503565200936,0.503565200936,0.330092251301,0.0,0.0,0.0
2014-04-11 00:54:00,0.317358498324,0,0.0127511575327,0.000162592128618,0.503187746191,0.503187746191,0.330109655857,0.0,0.0,0.0
2014-04-11 00:59:00,0.322148892864,0,0.00784346105242,6.15199387539e-05,0.50196085521,0.50196085521,0.329992353916,0.0,0.0,0.0
2014-04-11 01:04:00,0.344106581139,0,0.0143017434349,0.00020453997422,0.503575374917,0.503575374917,0.329804837704,0.0,0.0,0.0
2014-04-11 01:09:00,0.332778223236,0,0.00299287625163,8.95726134331e-06,0.500748218504,0.500748218504,0.329785346985,0.0,0.0,0.0
2014-04-11 01:14:00,0.340261929727,0,0.010462873674,0.000109471860924,0.502615694556,0.502615694556,0.329799056053,0.0,0.0,0.0
2014-04-11 01:19:00,0.384876333806,0,0.0549556246731,0.00302012148313,0.513735449449,0.513735449449,0.329920709133,0.0,0.0,0.0
2014-04-11 01:24:00,0.27660930529,0,0.0539942346537,0.00291537772864,0.51349528017,0.51349528017,0.330603539944,0.0,0.0,0.0
2014-04-11 01:29:00,0.323361911224,0,0.00729265029612,5.31828627572e-05,0.501823154494,0.501823154494,0.33065456152,0.0,0.0,0.0
2014-04-11 01:34:00,0.324081498386,0,0.00654293298562,4.2809817387e-05,0.501635727411,0.501635727411,0.330624431372,0.0,0.0,0.0
2014-04-11 01:39:00,0.353050021588,0,0.0225209278452,0.000507192278747,0.505629994006,0.505629994006,0.330529093742,0.0,0.0,0.0
2014-04-11 01:44:00,0.323238553424,0,0.00743961153475,5.53478457732e-05,0.501859894305,0.501859894305,0.330678164959,0.0,0.0,0.0
2014-04-11 01:49:00,0.319188305681,0,0.0115464836909,0.000133321489557,0.502886588852,0.502886588852,0.330734789371,0.0,0.0,0.0
2014-04-11 01:54:00,0.337506938876,0,0.00684176772982,4.68099351565e-05,0.50171043526,0.50171043526,0.330665171146,0.0,0.0,0.0
2014-04-11 01:59:00,0.391414297169,0,0.0607403343374,0.00368938664906,0.515180416667,0.515180416667,0.330673962831,0.0,0.0,0.0
2014-04-11 02:04:00,0.316967865293,0,0.0143473839114,0.000205847158213,0.503586784451,0.503586784451,0.331315249205,0.0,0.0,0.0
2014-04-11 02:09:00,0.33976849853,0,0.00802549659212,6.44086030661e-05,0.502006363379,0.502006363379,0.331743001938,0.0,0.0,0.0
2014-04-11 02:14:00,0.347642838052,0,0.0154308369665,0.000238110762439,0.503857632697,0.503857632697,0.332212001085,0.0,0.0,0.0
2014-04-11 02:19:00,0.29706614034,0,0.0357293604153,0.00127658632118,0.508931389983,0.508931389983,0.332795500755,0.0,0.0,0.0
2014-04-11 02:24:00,0.323629186455,0,0.00931812733024,8.68272327352e-05,0.502329514977,0.502329514977,0.332947313786,0.0,0.0,0.0
2014-04-11 02:29:00,0.321922736898,0,0.0110638563481,0.000122408644529,0.502765935872,0.502765935872,0.332986593246,0.0,0.0,0.0
2014-04-11 02:34:00,0.34098151689,0,0.00807515149515,6.52080125292e-05,0.502018776904,0.502018776904,0.332906365395,0.0,0.0,0.0
2014-04-11 02:39:00,0.310758856062,0,0.0221597282848,0.000491053448059,0.505539705382,0.505539705382,0.332918584347,0.0,0.0,0.0
2014-04-11 02:44:00,0.31343160838,0,0.0192661407578,0.000371183705283,0.50481638621,0.50481638621,0.332697749138,0.0,0.0,0.0
2014-04-11 02:49:00,0.322642324061,0,0.00965512028263,9.32213006308e-05,0.50241376132,0.50241376132,0.332297444344,0.0,0.0,0.0
2014-04-11 02:54:00,0.346779333457,0,0.0149432886683,0.000223302267841,0.503735752651,0.503735752651,0.331836044788,0.0,0.0,0.0
2014-04-11 02:59:00,0.37186208598,0,0.0402850531759,0.00162288534921,0.510069901473,0.510069901473,0.331577032804,0.0,0.0,0.0
2014-04-11 03:04:00,0.301013589918,0,0.0307518233667,0.000945674721152,0.50768735004,0.50768735004,0.331765413284,0.0,0.0,0.0
2014-04-11 03:09:00,0.356421801435,0,0.0248084694019,0.000615459983237,0.506201799274,0.506201799274,0.331613332033,0.0,0.0,0.0
2014-04-11 03:14:00,0.341454388454,0,0.00971844966625,9.44482308114e-05,0.502429593294,0.502429593294,0.331735938787,0.0,0.0,0.0
2014-04-11 03:19:00,0.329406443389,0,0.00254159852684,6.45973887003e-06,0.50063539929,0.50063539929,0.331948041916,0.0,0.0,0.0
2014-04-11 03:24:00,0.328727975493,0,0.00338439642862,1.14540380309e-05,0.5008460983,0.5008460983,0.332112371922,0.0,0.0,0.0
2014-04-11 03:29:00,0.321758259833,0,0.0104667052629,0.000109551700007,0.502616652427,0.502616652427,0.332224965096,0.0,0.0,0.0
2014-04-11 03:34:00,0.32813174613,0,0.0040848743156,1.66862864717e-05,0.501021217159,0.501021217159,0.332216620445,0.0,0.0,0.0
2014-04-11 03:39:00,0.32928308559,0,0.00288316893066,8.31264696899e-06,0.500720791733,0.500720791733,0.33216625452,0.0,0.0,0.0
2014-04-11 03:44:00,0.341742223319,0,0.00965154748789,9.3152259069e-05,0.502412868142,0.502412868142,0.332090675831,0.0,0.0,0.0
2014-04-11 03:49:00,0.312095232221,0,0.0200287030016,0.000401149241952,0.505007008372,0.505007008372,0.332123935223,0.0,0.0,0.0
2014-04-11 03:54:00,0.3742881227,0,0.0423445511324,0.0017930601025,0.510584556267,0.510584556267,0.331943571568,0.0,0.0,0.0
2014-04-11 03:59:00,0.294167232057,0,0.0380583588877,0.00144843955059,0.509513441447,0.509513441447,0.332225590944,0.0,0.0,0.0
2014-04-11 04:04:00,0.321326507535,0,0.0107537076806,0.000115642513265,0.502688401012,0.502688401012,0.332080215216,0.0,0.0,0.0
2014-04-11 04:09:00,0.337835893008,0,0.00599937138215,3.59922778443e-05,0.501499838347,0.501499838347,0.331836521626,0.0,0.0,0.0
2014-04-11 04:14:00,0.351837003228,0,0.0201569437949,0.000406302628107,0.505039065335,0.505039065335,0.331680059433,0.0,0.0,0.0
2014-04-11 04:19:00,0.356668517034,0,0.024917766492,0.000620895822067,0.506229119324,0.506229119324,0.331750750542,0.0,0.0,0.0
2014-04-11 04:24:00,0.329879314953,0,0.00219663853056,4.82522636958e-06,0.500549159412,0.500549159412,0.332075953484,0.0,0.0,0.0
2014-04-11 04:29:00,0.351117416065,0,0.0187716323548,0.000352373666828,0.504692770289,0.504692770289,0.33234578371,0.0,0.0,0.0
2014-04-11 04:34:00,0.33446411316,0,0.00167820875272,2.81635038846e-06,0.50041955209,0.50041955209,0.332785904408,0.0,0.0,0.0
2014-04-11 04:39:00,0.292707498098,0,0.0404923605672,0.00163963087834,0.510121707191,0.510121707191,0.333199858665,0.0,0.0,0.0
2014-04-11 04:44:00,0.318756553383,0,0.0143901677416,0.000207077013329,0.503597479856,0.503597479856,0.333146721125,0.0,0.0,0.0
2014-04-11 04:49:00,0.344229938938,0,0.0112823569314,0.000127291525132,0.502820559313,0.502820559313,0.332947582006,0.0,0.0,0.0
2014-04-11 04:54:00,0.326384177306,0,0.00650275697412,4.22857265221e-05,0.501625683515,0.501625683515,0.33288693428,0.0,0.0,0.0
2014-04-11 04:59:00,0.320709718539,0,0.012054191755,0.000145303856698,0.503013511449,0.503013511449,0.332763910294,0.0,0.0,0.0
2014-04-11 05:04:00,0.331318489278,0,0.00120777729671,1.45870581036e-06,0.500301944287,0.500301944287,0.332526266575,0.0,0.0,0.0
2014-04-11 05:09:00,0.363412076729,0,0.0311124568154,0.000967985310126,0.50777748684,0.50777748684,0.332299619913,0.0,0.0,0.0
2014-04-11 05:14:00,0.330598902116,0,0.00182430802846,3.32814124704e-06,0.500456076881,0.500456076881,0.332423210144,0.0,0.0,0.0
2014-04-11 05:19:00,0.34098151689,0,0.00846633677881,7.16787981219e-05,0.502116571552,0.502116571552,0.332515180111,0.0,0.0,0.0
2014-04-11 05:24:00,0.327268241535,0,0.00541904698815,2.93660559691e-05,0.501354758432,0.501354758432,0.332687288523,0.0,0.0,0.0
2014-04-11 05:29:00,0.32288903966,0,0.00989608988759,9.79327887762e-05,0.502474002281,0.502474002281,0.332785129547,0.0,0.0,0.0
2014-04-11 05:34:00,0.349657682107,0,0.0168888842325,0.000285234506009,0.504222120701,0.504222120701,0.332768797874,0.0,0.0,0.0
2014-04-11 05:39:00,0.305269433993,0,0.0276628594218,0.000765234581195,0.506915273878,0.506915273878,0.332932293415,0.0,0.0,0.0
2014-04-11 05:44:00,0.322231131397,0,0.0105565015456,0.000111439461762,0.502639100878,0.502639100878,0.332787632942,0.0,0.0,0.0
2014-04-11 05:49:00,0.324472131417,0,0.00807380469046,6.51863520034e-05,0.502018440208,0.502018440208,0.332545936108,0.0,0.0,0.0
2014-04-11 05:54:00,0.33976849853,0,0.00752541362245,5.66318594792e-05,0.501881344527,0.501881344527,0.332243084908,0.0,0.0,0.0
2014-04-11 05:59:00,0.327227122268,0,0.00482278398568,2.32593101828e-05,0.501205693659,0.501205693659,0.332049906254,0.0,0.0,0.0
2014-04-11 06:04:00,0.308394498242,0,0.0234304600823,0.000548986776266,0.505857347056,0.505857347056,0.331824958324,0.0,0.0,0.0
2014-04-11 06:09:00,0.331565204877,0,0.000190321225012,3.62208005811e-08,0.500047580306,0.500047580306,0.331374883652,0.0,0.0,0.0
2014-04-11 06:14:00,0.355743333539,0,0.0247716157045,0.000613632204477,0.506192587265,0.506192587265,0.330971717834,0.0,0.0,0.0
2014-04-11 06:19:00,0.338576039803,0,0.00770535184187,5.93725817453e-05,0.50192632843,0.50192632843,0.330870687962,0.0,0.0,0.0
2014-04-11 06:24:00,0.299985608257,0,0.030875572764,0.0009533004486,0.507718280047,0.507718280047,0.330861181021,0.0,0.0,0.0
2014-04-11 06:29:00,0.318057525854,0,0.0124687068657,0.000155468369485,0.503117136332,0.503117136332,0.330526232719,0.0,0.0,0.0
2014-04-11 06:34:00,0.321223709369,0,0.00886907837359,7.86606105976e-05,0.502217255059,0.502217255059,0.330092787743,0.0,0.0,0.0
2014-04-11 06:39:00,0.335183700323,0,0.00557496190039,3.10803079628e-05,0.501393736865,0.501393736865,0.329608738422,0.0,0.0,0.0
2014-04-11 06:44:00,0.332654865437,0,0.0034229773814,1.17167619464e-05,0.50085574351,0.50085574351,0.329231888056,0.0,0.0,0.0
2014-04-11 06:49:00,0.303336828471,0,0.0255919997685,0.000654950446915,0.506397650767,0.506397650767,0.328928828239,0.0,0.0,0.0
2014-04-11 06:54:00,0.335471535188,0,0.00708633111105,5.02161674376e-05,0.501771575364,0.501771575364,0.328385204077,0.0,0.0,0.0
2014-04-11 06:59:00,0.323608626822,0,0.00436214615955,1.90282316908e-05,0.501090534811,0.501090534811,0.327970772982,0.0,0.0,0.0
2014-04-11 07:04:00,0.340488085693,0,0.0129366313869,0.000167356192833,0.503234112743,0.503234112743,0.327551454306,0.0,0.0,0.0
2014-04-11 07:09:00,0.316782828594,0,0.010528150772,0.000110841887363,0.502632013382,0.502632013382,0.327310979366,0.0,0.0,0.0
2014-04-11 07:14:00,0.331565204877,0,0.00458228947529,2.09973441088e-05,0.501145570364,0.501145570364,0.326982915401,0.0,0.0,0.0
2014-04-11 07:19:00,0.330845617714,0,0.00410952514674,1.68882506841e-05,0.501027379841,0.501027379841,0.326736092567,0.0,0.0,0.0
2014-04-11 07:24:00,0.332778223236,0,0.00622079559177,3.86981992051e-05,0.501555193883,0.501555193883,0.326557427645,0.0,0.0,0.0
2014-04-11 07:29:00,0.317769690989,0,0.00869290566618,7.55668588681e-05,0.502173212731,0.502173212731,0.326462596655,0.0,0.0,0.0
2014-04-11 07:34:00,0.330598902116,0,0.00431395710445,1.86101278814e-05,0.501078487604,0.501078487604,0.326284945011,0.0,0.0,0.0
2014-04-11 07:39:00,0.324903883715,0,0.00126688859936,1.60502736435e-06,0.500316722107,0.500316722107,0.326170772314,0.0,0.0,0.0
2014-04-11 07:44:00,0.320236846975,0,0.00581766647979,3.38450736308e-05,0.501454412518,0.501454412518,0.326054513454,0.0,0.0,0.0
2014-04-11 07:49:00,0.358642241822,0,0.0327542637455,0.00107284239493,0.508187833929,0.508187833929,0.325887978077,0.0,0.0,0.0
2014-04-11 07:54:00,0.289541314583,0,0.0365449085425,0.00133553112391,0.509135210462,0.509135210462,0.326086223125,0.0,0.0,0.0
2014-04-11 07:59:00,0.310799975328,0,0.0150763798428,0.000227296899538,0.50376902357,0.50376902357,0.325876355171,0.0,0.0,0.0
2014-04-11 08:04:00,0.339645140731,0,0.0141178601616,0.000199314163183,0.503529406419,0.503529406419,0.325527280569,0.0,0.0,0.0
2014-04-11 08:09:00,0.35498262711,0,0.0296195871395,0.000877319194842,0.50740435546,0.50740435546,0.32536303997,0.0,0.0,0.0
2014-04-11 08:14:00,0.321490984601,0,0.00403900797958,1.63136774063e-05,0.501009750622,0.501009750622,0.32552999258,0.0,0.0,0.0
2014-04-11 08:19:00,0.340015214129,0,0.0143778735829,0.000206722921575,0.503594406475,0.503594406475,0.325637340546,0.0,0.0,0.0
2014-04-11 08:24:00,0.309134645038,0,0.01675231976,0.000280640640995,0.504187981997,0.504187981997,0.325886964798,0.0,0.0,0.0
2014-04-11 08:29:00,0.306235736754,0,0.0196976898641,0.000387999229133,0.50492426325,0.50492426325,0.325933426619,0.0,0.0,0.0
2014-04-11 08:34:00,0.326096342441,0,0.00033073270004,1.09393027969e-07,0.500082683174,0.500082683174,0.325765609741,0.0,0.0,0.0
2014-04-11 08:39:00,0.314439030408,0,0.0111790578377,0.00012497138232,0.502794735354,0.502794735354,0.325618088245,0.0,0.0,0.0
2014-04-11 08:44:00,0.34628590226,0,0.0209197628476,0.000437636772403,0.505229749986,0.505229749986,0.325366139412,0.0,0.0,0.0
2014-04-11 08:49:00,0.305968461523,0,0.019393773785,0.000376118376153,0.504848291486,0.504848291486,0.325362235308,0.0,0.0,0.0
2014-04-11 08:54:00,0.370361232756,0,0.0452091336231,0.00204386631958,0.51130035877,0.51130035877,0.325152099133,0.0,0.0,0.0
2014-04-11 08:59:00,0.331318489278,0,0.00587414857228,3.45057196682e-05,0.50146853292,0.50146853292,0.325444340706,0.0,0.0,0.0
2014-04-11 09:04:00,0.32576738831,0,2.69177977652e-06,7.19424519957e-12,0.500000672945,0.500000672945,0.32577008009,0.0,0.0,0.0
2014-04-11 09:09:00,0.367791278604,0,0.0417279138594,0.00174121768214,0.510430465032,0.510430465032,0.326063364744,0.0,0.0,0.0
2014-04-11 09:14:00,0.346820452723,0,0.0200488357874,0.00040195544716,0.505012041063,0.505012041063,0.326771616936,0.0,0.0,0.0
2014-04-11 09:19:00,0.326630892905,0,0.000992086974509,9.84241637525e-07,0.500248021723,0.500248021723,0.327622979879,0.0,0.0,0.0
2014-04-11 09:24:00,0.292481342133,0,0.0358977524678,0.00128864927683,0.5089734745,0.5089734745,0.328379094601,0.0,0.0,0.0
2014-04-11 09:29:00,0.31637163593,0,0.0123050050574,0.000151412808918,0.50307621245,0.50307621245,0.328676640987,0.0,0.0,0.0
2014-04-11 09:34:00,0.339521782931,0,0.0107085280982,0.000114672846394,0.502677106442,0.502677106442,0.328813254833,0.0,0.0,0.0
2014-04-11 09:39:00,0.334710828759,0,0.00566025803242,3.20386061503e-05,0.50141506073,0.50141506073,0.329050570726,0.0,0.0,0.0
2014-04-11 09:44:00,0.304303131232,0,0.0250215612556,0.000626078108326,0.506255063971,0.506255063971,0.329324692488,0.0,0.0,0.0
2014-04-11 09:49:00,0.322148892864,0,0.00715532542849,5.11987345817e-05,0.501788823725,0.501788823725,0.329304218292,0.0,0.0,0.0
2014-04-11 09:54:00,0.351837003228,0,0.0226277351348,0.000512014667038,0.505656692427,0.505656692427,0.329209268093,0.0,0.0,0.0
2014-04-11 09:59:00,0.3450728839,0,0.0157072132188,0.000246716896072,0.503926722573,0.503926722573,0.329365670681,0.0,0.0,0.0
2014-04-11 10:04:00,0.347355003187,0,0.0176806102481,0.000312604155624,0.504420037419,0.504420037419,0.329674392939,0.0,0.0,0.0
2014-04-11 10:09:00,0.387795801723,0,0.0576543169855,0.00332402065396,0.514409587987,0.514409587987,0.330141484737,0.0,0.0,0.0
2014-04-11 10:14:00,0.272209543782,0,0.0589673630424,0.00347714847885,0.514737570613,0.514737570613,0.331176906824,0.0,0.0,0.0
2014-04-11 10:19:00,0.322642324061,0,0.00883603325412,7.80754417065e-05,0.502208993941,0.502208993941,0.331478357315,0.0,0.0,0.0
2014-04-11 10:24:00,0.321429305701,0,0.0102262562228,0.000104576181911,0.502556541776,0.502556541776,0.331655561924,0.0,0.0,0.0
2014-04-11 10:29:00,0.316762268961,0,0.0149437184923,0.000223314738832,0.503735860101,0.503735860101,0.331705987453,0.0,0.0,0.0
2014-04-11 10:34:00,0.319352782746,0,0.0122390618124,0.000149794810568,0.503059727259,0.503059727259,0.331591844559,0.0,0.0,0.0
2014-04-11 10:39:00,0.345216801332,0,0.0138584281671,0.000192056293599,0.503464551593,0.503464551593,0.331358373165,0.0,0.0,0.0
2014-04-11 10:44:00,0.315754846934,0,0.0155413585871,0.000241533402004,0.503885261445,0.503885261445,0.331296205521,0.0,0.0,0.0
2014-04-11 10:49:00,0.310244865232,0,0.0208293129872,0.000433860579506,0.505207139984,0.505207139984,0.331074178219,0.0,0.0,0.0
2014-04-11 10:54:00,0.357532021629,0,0.0268803211321,0.00072255183477,0.506719675678,0.506719675678,0.330651700497,0.0,0.0,0.0
2014-04-11 10:59:00,0.290877690742,0,0.0396810861135,0.00157458789181,0.509918970038,0.509918970038,0.330558776855,0.0,0.0,0.0
2014-04-11 11:04:00,0.321840498366,0,0.00821092375363,6.74193288432e-05,0.502052719406,0.502052719406,0.330051422119,0.0,0.0,0.0
2014-04-11 11:09:00,0.379942021834,0,0.0504350881452,0.00254369899631,0.512606099974,0.512606099974,0.329506933689,0.0,0.0,0.0
2014-04-11 11:14:00,0.314192314809,0,0.0153632264678,0.000236028412473,0.503840731074,0.503840731074,0.329555541277,0.0,0.0,0.0
2014-04-11 11:19:00,0.336150003084,0,0.0067146545732,4.50864172308e-05,0.501678657336,0.501678657336,0.329435348511,0.0,0.0,0.0
2014-04-11 11:24:00,0.30115750735,0,0.0282413035134,0.000797571381554,0.507059856656,0.507059856656,0.329398810863,0.0,0.0,0.0
2014-04-11 11:29:00,0.316762268961,0,0.0123022194498,0.000151344618644,0.503075516074,0.503075516074,0.329064488411,0.0,0.0,0.0
2014-04-11 11:34:00,0.3216760213,0,0.00695609501797,4.83873336634e-05,0.501739016742,0.501739016742,0.328632116318,0.0,0.0,0.0
2014-04-11 11:39:00,0.342667406813,0,0.0144988358181,0.00021021606517,0.503624645458,0.503624645458,0.328168570995,0.0,0.0,0.0
2014-04-11 11:44:00,0.318057525854,0,0.00984866549529,9.69959874055e-05,0.502462146472,0.502462146472,0.327906191349,0.0,0.0,0.0
2014-04-11 11:49:00,0.339048911367,0,0.011484254633,0.000131888344185,0.502871032104,0.502871032104,0.327564656734,0.0,0.0,0.0
2014-04-11 11:54:00,0.340652562758,0,0.013272620818,0.000176162269781,0.503318106494,0.503318106494,0.32737994194,0.0,0.0,0.0
2014-04-11 11:59:00,0.330968975513,0,0.00361341187288,1.30567486849e-05,0.500903351985,0.500903351985,0.327355563641,0.0,0.0,0.0
2014-04-11 12:04:00,0.333168856268,0,0.00579657352415,3.36003577104e-05,0.501449139323,0.501449139323,0.327372282743,0.0,0.0,0.0
2014-04-11 12:09:00,0.319743415777,0,0.00770596557401,5.93817676418e-05,0.50192648186,0.50192648186,0.327449381351,0.0,0.0,0.0
2014-04-11 12:14:00,0.318777113016,0,0.00865915531332,7.49809478293e-05,0.502164775302,0.502164775302,0.32743626833,0.0,0.0,0.0
2014-04-11 12:19:00,0.337116305845,0,0.00978458406242,9.5737988886e-05,0.5024461265,0.5024461265,0.327331721783,0.0,0.0,0.0
2014-04-11 12:24:00,0.338576039803,0,0.0112335891847,0.000126193728647,0.502808367763,0.502808367763,0.327342450619,0.0,0.0,0.0
2014-04-11 12:29:00,0.330866177347,0,0.00339366939375,1.15170632853e-05,0.500848416534,0.500848416534,0.327472507954,0.0,0.0,0.0
2014-04-11 12:34:00,0.338576039803,0,0.0109499306802,0.000119901174912,0.502737455318,0.502737455318,0.327626109123,0.0,0.0,0.0
2014-04-11 12:39:00,0.352309874792,0,0.0244280021379,0.00059672765201,0.506106696868,0.506106696868,0.327881872654,0.0,0.0,0.0
2014-04-11 12:44:00,0.315981002899,0,0.0123933829348,0.000153595989104,0.503098306077,0.503098306077,0.328374385834,0.0,0.0,0.0
2014-04-11 12:49:00,0.325582351611,0,0.00310236580592,9.62465128396e-06,0.500775590829,0.500775590829,0.328684717417,0.0,0.0,0.0
2014-04-11 12:54:00,0.343386993976,0,0.014456168981,0.000208981218748,0.503613979308,0.503613979308,0.328930824995,0.0,0.0,0.0
2014-04-11 12:59:00,0.319743415777,0,0.00956443839811,9.14783086046e-05,0.502391091372,0.502391091372,0.329307854176,0.0,0.0,0.0
2014-04-11 13:04:00,0.32046300294,0,0.00908142207065,8.2472251961e-05,0.502270339914,0.502270339914,0.329544425011,0.0,0.0,0.0
2014-04-11 13:09:00,0.359320709719,0,0.0296610093249,0.000879774917848,0.507414708733,0.507414708733,0.329659700394,0.0,0.0,0.0
2014-04-11 13:14:00,0.313226012048,0,0.0168567025097,0.000284148351057,0.504214075843,0.504214075843,0.330082714558,0.0,0.0,0.0
2014-04-11 13:19:00,0.314439030408,0,0.0158430020821,0.000251000776188,0.503960667677,0.503960667677,0.33028203249,0.0,0.0,0.0
2014-04-11 13:24:00,0.316597791895,0,0.0136930322795,0.000187499201274,0.503423204583,0.503423204583,0.330290824175,0.0,0.0,0.0
2014-04-11 13:29:00,0.320627480006,0,0.00952366068409,9.0700101282e-05,0.502380897175,0.502380897175,0.33015114069,0.0,0.0,0.0
2014-04-11 13:34:00,0.32288903966,0,0.00703375563618,4.94738560519e-05,0.501758431659,0.501758431659,0.329922795296,0.0,0.0,0.0
2014-04-11 13:39:00,0.325294516746,0,0.00434682541726,1.88948251889e-05,0.501086704643,0.501086704643,0.329641342163,0.0,0.0,0.0
2014-04-11 13:44:00,0.321922736898,0,0.00741825745969,5.50303593627e-05,0.50185455586,0.50185455586,0.329340994358,0.0,0.0,0.0
2014-04-11 13:49:00,0.328666296593,0,0.000324192651192,1.05098934e-07,0.500081048162,0.500081048162,0.328990489244,0.0,0.0,0.0
2014-04-11 13:54:00,0.356915232632,0,0.0282438070513,0.00079771282617,0.507060482416,0.507060482416,0.328671425581,0.0,0.0,0.0
2014-04-11 13:59:00,0.308394498242,0,0.0202947193253,0.000411875895225,0.505073505695,0.505073505695,0.328689217567,0.0,0.0,0.0
2014-04-11 14:04:00,0.34098151689,0,0.0124954319517,0.000156135734869,0.503123817343,0.503123817343,0.328486084938,0.0,0.0,0.0
2014-04-11 14:09:00,0.330352186517,0,0.00191402371334,3.66348922398e-06,0.500478505782,0.500478505782,0.328438162804,0.0,0.0,0.0
2014-04-11 14:14:00,0.320236846975,0,0.0081788150756,6.68927750667e-05,0.502044692371,0.502044692371,0.32841566205,0.0,0.0,0.0
2014-04-11 14:19:00,0.324081498386,0,0.00422553419908,1.78550380951e-05,0.501056381978,0.501056381978,0.328307032585,0.0,0.0,0.0
2014-04-11 14:24:00,0.3216760213,0,0.00648745349842,4.20871219831e-05,0.501621857686,0.501621857686,0.328163474798,0.0,0.0,0.0
2014-04-11 14:29:00,0.350809021567,0,0.0228449541079,0.000521891284734,0.505710990153,0.505710990153,0.327964067459,0.0,0.0,0.0
2014-04-11 14:34:00,0.338637718703,0,0.0106059403675,0.000112485780846,0.502651460238,0.502651460238,0.328031778336,0.0,0.0,0.0
2014-04-11 14:39:00,0.296346553177,0,0.0318609694532,0.00101512193214,0.507964568624,0.507964568624,0.328207522631,0.0,0.0,0.0
2014-04-11 14:44:00,0.317481856124,0,0.0105390145619,0.000111071050924,0.502634729254,0.502634729254,0.328020870686,0.0,0.0,0.0
2014-04-11 14:49:00,0.325417874545,0,0.00232079794977,5.38609538125e-06,0.500580199227,0.500580199227,0.327738672495,0.0,0.0,0.0
2014-04-11 14:54:00,0.356175085836,0,0.0287156313,0.000824588001706,0.507178414563,0.507178414563,0.327459454536,0.0,0.0,0.0
2014-04-11 14:59:00,0.298196920167,0,0.0293221986189,0.000859791820403,0.507330024471,0.507330024471,0.327519118786,0.0,0.0,0.0
2014-04-11 15:04:00,0.324328213985,0,0.00292715424806,8.56823226059e-06,0.50073178804,0.50073178804,0.327255368233,0.0,0.0,0.0
2014-04-11 15:09:00,0.365838113448,0,0.0388519495935,0.00150947377551,0.509711765791,0.509711765791,0.326986163855,0.0,0.0,0.0
2014-04-11 15:14:00,0.304056415634,0,0.0231082045275,0.000533989572432,0.505776794072,0.505776794072,0.327164620161,0.0,0.0,0.0
2014-04-11 15:19:00,0.331565204877,0,0.00449014069446,2.01613311219e-05,0.501122533288,0.501122533288,0.327075064182,0.0,0.0,0.0
2014-04-11 15:24:00,0.336026645285,0,0.00898358879661,8.07047472335e-05,0.502245882095,0.502245882095,0.327043056488,0.0,0.0,0.0
2014-04-11 15:29:00,0.322642324061,0,0.00446930757091,1.99746900762e-05,0.501117325033,0.501117325033,0.327111631632,0.0,0.0,0.0
2014-04-11 15:34:00,0.319023828615,0,0.00810106505042,6.56274278299e-05,0.502025255187,0.502025255187,0.327124893665,0.0,0.0,0.0
2014-04-11 15:39:00,0.329632599354,0,0.00258364200656,6.67526137477e-06,0.500645910142,0.500645910142,0.327048957348,0.0,0.0,0.0
2014-04-11 15:44:00,0.328440140628,0,0.00143153562453,2.04926323022e-06,0.500357883845,0.500357883845,0.327008605003,0.0,0.0,0.0
2014-04-11 15:49:00,0.34628590226,0,0.0192980992772,0.000372416921891,0.504824375097,0.504824375097,0.326987802982,0.0,0.0,0.0
2014-04-11 15:54:00,0.325993544275,0,0.0011852021867,1.40471934174e-06,0.500296300512,0.500296300512,0.327178746462,0.0,0.0,0.0
2014-04-11 15:59:00,0.324698287383,0,0.00263945446925,6.9666575655e-06,0.500659863234,0.500659863234,0.327337741852,0.0,0.0,0.0
2014-04-11 16:04:00,0.329920434219,0,0.00246822164736,6.0921511249e-06,0.500617055099,0.500617055099,0.327452212572,0.0,0.0,0.0
2014-04-11 16:09:00,0.387754682456,0,0.0601725317588,0.00362073304132,0.515038595651,0.515038595651,0.327582150698,0.0,0.0,0.0
2014-04-11 16:14:00,0.30358354407,0,0.024768728441,0.000613490468822,0.50619186556,0.50619186556,0.328352272511,0.0,0.0,0.0
2014-04-11 16:19:00,0.317091223093,0,0.0116851960702,0.000136543720146,0.502921265778,0.502921265778,0.328776419163,0.0,0.0,0.0
2014-04-11 16:24:00,0.343263636177,0,0.0142322879483,0.00020255772688,0.503558011929,0.503558011929,0.329031348228,0.0,0.0,0.0
2014-04-11 16:29:00,0.339213388433,0,0.00979776905983,9.59965254879e-05,0.50244942267,0.50244942267,0.329415619373,0.0,0.0,0.0
2014-04-11 16:34:00,0.322313369929,0,0.00755488711627,5.70763440919e-05,0.501888712796,0.501888712796,0.329868257046,0.0,0.0,0.0
2014-04-11 16:39:00,0.319743415777,0,0.0104501932218,0.000109206353955,0.50261252453,0.50261252453,0.330193608999,0.0,0.0,0.0
2014-04-11 16:44:00,0.334217397562,0,0.0038446468025,1.4781322534e-05,0.500961160517,0.500961160517,0.330372750759,0.0,0.0,0.0
2014-04-11 16:49:00,0.310327103764,0,0.0202488392287,0.000410015141824,0.505062036849,0.505062036849,0.330575942993,0.0,0.0,0.0
2014-04-11 16:54:00,0.36777071897,0,0.0372325355197,0.00138626259286,0.509307058737,0.509307058737,0.330538183451,0.0,0.0,0.0
2014-04-11 16:59:00,0.321922736898,0,0.00898705171018,8.07668766356e-05,0.502246747806,0.502246747806,0.330909788609,0.0,0.0,0.0
2014-04-11 17:04:00,0.312465305619,0,0.0186812028363,0.00034898717422,0.504670164891,0.504670164891,0.331146508455,0.0,0.0,0.0
2014-04-11 17:09:00,0.340261929727,0,0.00910603354035,8.29199634609e-05,0.502276492655,0.502276492655,0.331155896187,0.0,0.0,0.0
2014-04-11 17:14:00,0.326507535106,0,0.00475612627901,2.26207048399e-05,0.501189029328,0.501189029328,0.331263661385,0.0,0.0,0.0
2014-04-11 17:19:00,0.340097452661,0,0.00878864075844,7.72402854636e-05,0.502197146047,0.502197146047,0.331308811903,0.0,0.0,0.0
2014-04-11 17:24:00,0.358354406957,0,0.0269089514062,0.000724092358723,0.506726831953,0.506726831953,0.331445455551,0.0,0.0,0.0
2014-04-11 17:29:00,0.32915972779,0,0.00270251323928,7.30352985556e-06,0.500675627899,0.500675627899,0.33186224103,0.0,0.0,0.0
2014-04-11 17:34:00,0.334936984724,0,0.00272894734779,7.44710814615e-06,0.500682236414,0.500682236414,0.332208037376,0.0,0.0,0.0
2014-04-11 17:39:00,0.329036369991,0,0.00351287417426,1.23401805467e-05,0.50087821764,0.50087821764,0.332549244165,0.0,0.0,0.0
2014-04-11 17:44:00,0.330845617714,0,0.00197250300382,3.89074239138e-06,0.500493125591,0.500493125591,0.332818120718,0.0,0.0,0.0
2014-04-11 17:49:00,0.3392545077,0,0.00621587959823,3.86370447814e-05,0.501553964896,0.501553964896,0.333038628101,0.0,0.0,0.0
2014-04-11 17:54:00,0.348691379346,0,0.0153861396684,0.000236733132624,0.503846459035,0.503846459035,0.333305239677,0.0,0.0,0.0
2014-04-11 17:59:00,0.333970681963,0,0.000256792841024,6.59496350863e-08,0.50006419821,0.50006419821,0.333713889122,0.0,0.0,0.0
2014-04-11 18:04:00,0.31285593865,0,0.0212287509671,0.000450660270872,0.505306988439,0.505306988439,0.334084689617,0.0,0.0,0.0
2014-04-11 18:09:00,0.359793581283,0,0.0256079213971,0.000655765237752,0.506401630522,0.506401630522,0.334185659885,0.0,0.0,0.0
2014-04-11 18:14:00,0.345813030696,0,0.0112556166407,0.000126689017634,0.502813874453,0.502813874453,0.334557414055,0.0,0.0,0.0
2014-04-11 18:19:00,0.33164744341,0,0.00336824095662,1.13449641503e-05,0.500842059443,0.500842059443,0.335015684366,0.0,0.0,0.0
2014-04-11 18:24:00,0.325088920414,0,0.0103024520286,0.00010614056373,0.502575590226,0.502575590226,0.335391372442,0.0,0.0,0.0
2014-04-11 18:29:00,0.359320709719,0,0.0237042701376,0.000561891996767,0.505925790066,0.505925790066,0.335616439581,0.0,0.0,0.0
2014-04-11 18:34:00,0.304549846831,0,0.0315296910378,0.000994121655822,0.507881769817,0.507881769817,0.336079537868,0.0,0.0,0.0
2014-04-11 18:39:00,0.316124920331,0,0.0200248914133,0.000400996446842,0.50500605557,0.50500605557,0.336149811745,0.0,0.0,0.0
2014-04-11 18:44:00,0.330228828718,0,0.00576419300891,3.32258459821e-05,0.501441044262,0.501441044262,0.335993021727,0.0,0.0,0.0
2014-04-11 18:49:00,0.330023232386,0,0.00576519639788,3.3237527532e-05,0.501441295107,0.501441295107,0.335788428783,0.0,0.0,0.0
2014-04-11 18:54:00,0.366084829047,0,0.0305439979576,0.00093293673126,0.507635405887,0.507635405887,0.335540831089,0.0,0.0,0.0
2014-04-11 18:59:00,0.362178498736,0,0.0265245976354,0.000703554600477,0.506630760655,0.506630760655,0.3356539011,0.0,0.0,0.0
2014-04-11 19:04:00,0.327144883735,0,0.00890249742737,7.92543287389e-05,0.502225609658,0.502225609658,0.336047381163,0.0,0.0,0.0
2014-04-11 19:09:00,0.326363617673,0,0.00994009326444,9.88053434412e-05,0.502485002855,0.502485002855,0.336303710938,0.0,0.0,0.0
2014-04-11 19:14:00,0.3508912601,0,0.014466134501,0.000209269113839,0.503616470558,0.503616470558,0.336425125599,0.0,0.0,0.0
2014-04-11 19:19:00,0.298505314665,0,0.0381884192654,0.00145835604053,0.50954594473,0.50954594473,0.336693733931,0.0,0.0,0.0
2014-04-11 19:24:00,0.324451571784,0,0.0120634376193,0.000145526675624,0.503015822831,0.503015822831,0.336515009403,0.0,0.0,0.0
2014-04-11 19:29:00,0.361500030839,0,0.025278782928,0.000639016565401,0.506319359221,0.506319359221,0.336221247911,0.0,0.0,0.0
2014-04-11 19:34:00,0.326733691071,0,0.00950150432738,9.02788233361e-05,0.502375358212,0.502375358212,0.336235195398,0.0,0.0,0.0
2014-04-11 19:39:00,0.334217397562,0,0.00192573846285,3.70846169062e-06,0.500481434467,0.500481434467,0.336143136024,0.0,0.0,0.0
2014-04-11 19:44:00,0.331092333313,0,0.00494667339728,2.44696311711e-05,0.501236665828,0.501236665828,0.33603900671,0.0,0.0,0.0
2014-04-11 19:49:00,0.341228232488,0,0.0053375519368,2.84896123048e-05,0.501334384816,0.501334384816,0.335890680552,0.0,0.0,0.0
2014-04-11 19:54:00,0.335348177389,0,0.000467848345432,2.18871321067e-07,0.500116962084,0.500116962084,0.335816025734,0.0,0.0,0.0
2014-04-11 19:59:00,0.324842204815,0,0.0109014012755,0.000118840340292,0.502725323329,0.502725323329,0.335743606091,0.0,0.0,0.0
2014-04-11 20:04:00,0.35376960875,0,0.0182115519188,0.000331660325173,0.504552762149,0.504552762149,0.335558056831,0.0,0.0,0.0
2014-04-11 20:09:00,0.34098151689,0,0.00538936620157,2.90452280751e-05,0.501347338289,0.501347338289,0.335592150688,0.0,0.0,0.0
2014-04-11 20:14:00,0.305413351426,0,0.0302690406946,0.000916213961318,0.507566682457,0.507566682457,0.33568239212,0.0,0.0,0.0
2014-04-11 20:19:00,0.326014103908,0,0.00941514728561,8.86450434336e-05,0.502353769434,0.502353769434,0.335429251194,0.0,0.0,0.0
2014-04-11 20:24:00,0.32513003968,0,0.00996727324715,9.93464200292e-05,0.502491797683,0.502491797683,0.335097312927,0.0,0.0,0.0
2014-04-11 20:29:00,0.363926067559,0,0.0292377617042,0.000854845857248,0.507308919766,0.507308919766,0.334688305855,0.0,0.0,0.0
2014-04-11 20:34:00,0.327946709431,0,0.00669659491729,4.48442078778e-05,0.501674142473,0.501674142473,0.334643304348,0.0,0.0,0.0
2014-04-11 20:39:00,0.328440140628,0,0.00608866319749,3.70719535567e-05,0.501522161097,0.501522161097,0.334528803825,0.0,0.0,0.0
2014-04-11 20:44:00,0.328769094759,0,0.00558923978197,3.12396805384e-05,0.501397306308,0.501397306308,0.334358334541,0.0,0.0,0.0
2014-04-11 20:49:00,0.327350480067,0,0.00679250289231,4.61382660433e-05,0.501698119194,0.501698119194,0.33414298296,0.0,0.0,0.0
2014-04-11 20:54:00,0.347971792183,0,0.01409786459,0.000198749927222,0.503524407775,0.503524407775,0.333873927593,0.0,0.0,0.0
2014-04-11 20:59:00,0.405888278953,0,0.0721005098739,0.00519848521799,0.518017322915,0.518017322915,0.333787769079,0.0,0.0,0.0
2014-04-11 21:04:00,0.280885708999,0,0.0536204748637,0.00287515670061,0.513401907823,0.513401907823,0.334506183863,0.0,0.0,0.0
2014-04-11 21:09:00,0.370669627254,0,0.0361087561296,0.00130384264048,0.509026208324,0.509026208324,0.334560871124,0.0,0.0,0.0
2014-04-11 21:14:00,0.327576636033,0,0.00743121032263,5.52228702873e-05,0.501857794031,0.501857794031,0.335007846355,0.0,0.0,0.0
2014-04-11 21:19:00,0.327987828697,0,0.0073405714379,5.38841195521e-05,0.501835134619,0.501835134619,0.335328400135,0.0,0.0,0.0
2014-04-11 21:24:00,0.326507535106,0,0.00902861701883,8.15158637124e-05,0.502257138922,0.502257138922,0.335536152124,0.0,0.0,0.0
2014-04-11 21:29:00,0.353173379387,0,0.0175498170509,0.000307995942421,0.504387341656,0.504387341656,0.335623562336,0.0,0.0,0.0
2014-04-11 21:34:00,0.309134645038,0,0.0267613105247,0.000716168433428,0.506689928377,0.506689928377,0.335895955563,0.0,0.0,0.0
2014-04-11 21:39:00,0.332284792039,0,0.00356094661006,1.26804379761e-05,0.500890235712,0.500890235712,0.335845738649,0.0,0.0,0.0
2014-04-11 21:44:00,0.355208783075,0,0.0194475936146,0.000378208933398,0.504861745175,0.504861745175,0.335761189461,0.0,0.0,0.0
2014-04-11 21:49:00,0.317564094657,0,0.0183357948126,0.000336201163009,0.50458382028,0.50458382028,0.335899889469,0.0,0.0,0.0
2014-04-11 21:54:00,0.3332510948,0,0.00257107021189,6.61043259242e-06,0.500642767199,0.500642767199,0.335822165012,0.0,0.0,0.0
2014-04-11 21:59:00,0.371389214416,0,0.0356654566726,0.00127202447038,0.508915419135,0.508915419135,0.335723757744,0.0,0.0,0.0
2014-04-11 22:04:00,0.336396718683,0,0.000367397727262,1.34984986744e-07,0.500091849431,0.500091849431,0.336029320955,0.0,0.0,0.0
2014-04-11 22:09:00,0.369456608894,0,0.0331480699804,0.00109879521187,0.508286258768,0.508286258768,0.336308538914,0.0,0.0,0.0
2014-04-11 22:14:00,0.352330434425,0,0.0154043019845,0.000237292886595,0.503850999345,0.503850999345,0.336926132441,0.0,0.0,0.0
2014-04-11 22:19:00,0.355332140875,0,0.0176795172212,0.000312565156491,0.504419764184,0.504419764184,0.337652623653,0.0,0.0,0.0
2014-04-11 22:24:00,0.339398425132,0,0.000896077662766,8.02935062438e-07,0.500224019401,0.500224019401,0.338502347469,0.0,0.0,0.0
2014-04-11 22:29:00,0.311663479924,0,0.0276140855558,0.000762537820265,0.506903082739,0.506903082739,0.339277565479,0.0,0.0,0.0
2014-04-11 22:34:00,0.37959250807,0,0.0399231314579,0.0015938563738,0.509979457415,0.509979457415,0.339669376612,0.0,0.0,0.0
2014-04-11 22:39:00,0.303377947737,0,0.0370858395799,0.00137535890099,0.509270397409,0.509270397409,0.340463787317,0.0,0.0,0.0
2014-04-11 22:44:00,0.327782232365,0,0.0129858068616,0.000168630896951,0.503246406095,0.503246406095,0.340768039227,0.0,0.0,0.0
2014-04-11 22:49:00,0.331811920475,0,0.00908629529538,8.25605020509e-05,0.502271558195,0.502271558195,0.340898215771,0.0,0.0,0.0
2014-04-11 22:54:00,0.345566315097,0,0.00465158883961,2.16371627175e-05,0.501162895113,0.501162895113,0.340914726257,0.0,0.0,0.0
2014-04-11 22:59:00,0.337938691174,0,0.0030424942625,9.25674066821e-06,0.500760622979,0.500760622979,0.340981185436,0.0,0.0,0.0
2014-04-11 23:04:00,0.339686259997,0,0.00132103227354,1.74508784312e-06,0.50033025802,0.50033025802,0.341007292271,0.0,0.0,0.0
2014-04-11 23:09:00,0.327042085569,0,0.0139740281889,0.000195273809368,0.503493450199,0.503493450199,0.341016113758,0.0,0.0,0.0
2014-04-11 23:14:00,0.3157342873,0,0.0251346923921,0.000631752249319,0.506283342308,0.506283342308,0.340868979692,0.0,0.0,0.0
2014-04-11 23:19:00,0.332778223236,0,0.00767945460469,5.89741430304e-05,0.501919854216,0.501919854216,0.340457677841,0.0,0.0,0.0
2014-04-11 23:24:00,0.339295626966,0,0.000706492575153,4.99133591347e-07,0.500176623136,0.500176623136,0.340002119541,0.0,0.0,0.0
2014-04-11 23:29:00,0.353584572051,0,0.0140004896862,0.000196013308596,0.50350006525,0.50350006525,0.339584082365,0.0,0.0,0.0
2014-04-11 23:34:00,0.334443553527,0,0.00491969362914,2.42035239353e-05,0.501229920927,0.501229920927,0.339363247156,0.0,0.0,0.0
2014-04-11 23:39:00,0.337013507679,0,0.00209621112057,4.39407949671e-06,0.500524052588,0.500524052588,0.3391097188,0.0,0.0,0.0
2014-04-11 23:44:00,0.331277370012,0,0.00758081718692,5.74687837798e-05,0.501895195221,0.501895195221,0.338858187199,0.0,0.0,0.0
2014-04-11 23:49:00,0.33049610395,0,0.00805130463127,6.4823529101e-05,0.502012815285,0.502012815285,0.338547408581,0.0,0.0,0.0
2014-04-11 23:54:00,0.367380085939,0,0.0292020473422,0.000852759345435,0.507299993081,0.507299993081,0.338178038597,0.0,0.0,0.0
2014-04-11 23:59:00,0.300273443122,0,0.0378969660808,0.00143617962021,0.50947310779,0.50947310779,0.338170409203,0.0,0.0,0.0
2014-04-12 00:04:00,0.341618865519,0,0.00387653687564,1.50275400301e-05,0.500969133005,0.500969133005,0.337742328644,0.0,0.0,0.0
2014-04-12 00:09:00,0.356915232632,0,0.0195152134634,0.000380843674066,0.504878648533,0.504878648533,0.337400019169,0.0,0.0,0.0
2014-04-12 00:14:00,0.298628672464,0,0.0386802410048,0.00149616214912,0.509668854768,0.509668854768,0.337308913469,0.0,0.0,0.0
2014-04-12 00:19:00,0.344846727934,0,0.0080495799451,6.47956985631e-05,0.50201238412,0.50201238412,0.336797147989,0.0,0.0,0.0
2014-04-12 00:24:00,0.319023828615,0,0.0174020122397,0.000302830419969,0.504350393275,0.504350393275,0.336425840855,0.0,0.0,0.0
2014-04-12 00:29:00,0.360533728078,0,0.0246355969462,0.000606911955401,0.506158587763,0.506158587763,0.335898131132,0.0,0.0,0.0
2014-04-12 00:34:00,0.345771911429,0,0.0100748565661,0.000101502679172,0.502518692837,0.502518692837,0.335697054863,0.0,0.0,0.0
2014-04-12 00:39:00,0.328090626863,0,0.00753740582111,5.6812321418e-05,0.501884342534,0.501884342534,0.335628032684,0.0,0.0,0.0
2014-04-12 00:44:00,0.340488085693,0,0.0050060545856,2.50604880421e-05,0.501251511033,0.501251511033,0.335482031107,0.0,0.0,0.0
2014-04-12 00:49:00,0.321429305701,0,0.0139769977046,0.000195356289623,0.503494192542,0.503494192542,0.335406303406,0.0,0.0,0.0
2014-04-12 00:54:00,0.37307510434,0,0.0378926163755,0.00143584993202,0.509472020754,0.509472020754,0.335182487965,0.0,0.0,0.0
2014-04-12 00:59:00,0.321182590103,0,0.0142202562338,0.000202216004254,0.503555004152,0.503555004152,0.335402846336,0.0,0.0,0.0
2014-04-12 01:04:00,0.308312259709,0,0.0271306409484,0.000736071262509,0.506782244224,0.506782244224,0.335442900658,0.0,0.0,0.0
2014-04-12 01:09:00,0.348218507782,0,0.0130415034445,0.000170080631506,0.503260329651,0.503260329651,0.335177004337,0.0,0.0,0.0
2014-04-12 01:14:00,0.323217993791,0,0.0118648352076,0.000140774456668,0.502966174005,0.502966174005,0.335082828999,0.0,0.0,0.0
2014-04-12 01:19:00,0.335471535188,0,0.000605637293907,3.66803192264e-07,0.500151409319,0.500151409319,0.334865897894,0.0,0.0,0.0
2014-04-12 01:24:00,0.31515861757,0,0.0195186912276,0.000380979763577,0.504879517892,0.504879517892,0.334677308798,0.0,0.0,0.0
2014-04-12 01:29:00,0.322745122227,0,0.0115449053914,0.000133285022457,0.502886194291,0.502886194291,0.334290027618,0.0,0.0,0.0
2014-04-12 01:34:00,0.378626205308,0,0.0448134916855,0.00200824835338,0.511201498368,0.511201498368,0.333812713623,0.0,0.0,0.0
2014-04-12 01:39:00,0.28427804848,0,0.0496044621825,0.00246060406789,0.51239857332,0.51239857332,0.333882510662,0.0,0.0,0.0
2014-04-12 01:44:00,0.330002672752,0,0.00339099041564,1.14988652058e-05,0.500847746792,0.500847746792,0.333393663168,0.0,0.0,0.0
2014-04-12 01:49:00,0.32915972779,0,0.00375611474266,1.41083319249e-05,0.500939027582,0.500939027582,0.332915842533,0.0,0.0,0.0
2014-04-12 01:54:00,0.362692489566,0,0.0302486860172,0.000914982170798,0.507561594952,0.507561594952,0.332443803549,0.0,0.0,0.0
2014-04-12 01:59:00,0.337013507679,0,0.0046579488068,2.16965345317e-05,0.501164485096,0.501164485096,0.332355558872,0.0,0.0,0.0
2014-04-12 02:04:00,0.312012993688,0,0.0203149384312,0.00041269644862,0.50507855995,0.50507855995,0.332327932119,0.0,0.0,0.0
2014-04-12 02:09:00,0.345566315097,0,0.0134893781367,0.000181962983334,0.503372293398,0.503372293398,0.33207693696,0.0,0.0,0.0
2014-04-12 02:14:00,0.328440140628,0,0.0035610090265,1.26808627101e-05,0.500890251316,0.500890251316,0.332001149654,0.0,0.0,0.0
2014-04-12 02:19:00,0.347766195851,0,0.0158729306037,0.000251949764788,0.503968149337,0.503968149337,0.331893265247,0.0,0.0,0.0
2014-04-12 02:24:00,0.310018709266,0,0.0219543069958,0.000481991213746,0.505488356306,0.505488356306,0.331973016262,0.0,0.0,0.0
2014-04-12 02:29:00,0.375480581426,0,0.0436804484365,0.00190798251424,0.510918376159,0.510918376159,0.33180013299,0.0,0.0,0.0
2014-04-12 02:34:00,0.322292810296,0,0.00983821787909,9.67906380538e-05,0.502459534631,0.502459534631,0.332131028175,0.0,0.0,0.0
2014-04-12 02:39:00,0.355455498674,0,0.0231361198211,0.000535279570613,0.505783771963,0.505783771963,0.332319378853,0.0,0.0,0.0
2014-04-12 02:44:00,0.346532617858,0,0.0137859035045,0.000190050996025,0.503446421293,0.503446421293,0.332746714354,0.0,0.0,0.0
2014-04-12 02:49:00,0.329961553486,0,0.00332359942625,1.10462160592e-05,0.500830899092,0.500830899092,0.333285152912,0.0,0.0,0.0
2014-04-12 02:54:00,0.347005489422,0,0.0132725268137,0.000176159883267,0.503318082994,0.503318082994,0.333732962608,0.0,0.0,0.0
2014-04-12 02:59:00,0.357388104196,0,0.0231037986237,0.000533785729203,0.505775692743,0.505775692743,0.334284305573,0.0,0.0,0.0
2014-04-12 03:04:00,0.343839305907,0,0.00880076315929,7.74536383688e-05,0.502200176589,0.502200176589,0.335038542747,0.0,0.0,0.0
2014-04-12 03:09:00,0.335779929686,0,3.61556525381e-05,1.30683819322e-09,0.500009038913,0.500009038913,0.335816085339,0.0,0.0,0.0
2014-04-12 03:14:00,0.327124324102,0,0.00939157937084,8.82016975083e-05,0.502347877585,0.502347877585,0.336515903473,0.0,0.0,0.0
2014-04-12 03:19:00,0.326486975472,0,0.010554044921,0.000111387875222,0.502638486739,0.502638486739,0.337041020393,0.0,0.0,0.0
2014-04-12 03:24:00,0.321593782767,0,0.0158018852629,0.000249699311098,0.503950389115,0.503950389115,0.33739566803,0.0,0.0,0.0
2014-04-12 03:29:00,0.343880425173,0,0.00634236164706,4.02254227083e-05,0.501585585097,0.501585585097,0.337538063526,0.0,0.0,0.0
2014-04-12 03:34:00,0.310100947799,0,0.0276363740545,0.000763769436162,0.506908653801,0.506908653801,0.337737321854,0.0,0.0,0.0
2014-04-12 03:39:00,0.326199140607,0,0.0114078556905,0.00013013908756,0.502851932994,0.502851932994,0.337606996298,0.0,0.0,0.0
2014-04-12 03:44:00,0.338802195769,0,0.00144035337495,2.07459720514e-06,0.500360088281,0.500360088281,0.337361842394,0.0,0.0,0.0
2014-04-12 03:49:00,0.310327103764,0,0.0268301456862,0.000719856237993,0.506707134078,0.506707134078,0.337157249451,0.0,0.0,0.0
2014-04-12 03:54:00,0.364028865725,0,0.0273565298619,0.000748380029108,0.506838705975,0.506838705975,0.336672335863,0.0,0.0,0.0
2014-04-12 03:59:00,0.318057525854,0,0.0184850805,0.00034169779974,0.50462113854,0.50462113854,0.336542606354,0.0,0.0,0.0
2014-04-12 04:04:00,0.306914204651,0,0.0293043908542,0.00085874699289,0.507325573486,0.507325573486,0.336218595505,0.0,0.0,0.0
2014-04-12 04:09:00,0.345813030696,0,0.0102143831011,0.000104333732452,0.502553573573,0.502553573573,0.335598647594,0.0,0.0,0.0
2014-04-12 04:14:00,0.335553773721,0,0.000398763497288,1.5900560868e-07,0.500099690873,0.500099690873,0.335155010223,0.0,0.0,0.0
2014-04-12 04:19:00,0.336684553548,0,0.0019245433051,3.70387192561e-06,0.500481135678,0.500481135678,0.334760010242,0.0,0.0,0.0
2014-04-12 04:24:00,0.336561195748,0,0.00213526953977,4.55940698885e-06,0.500533817182,0.500533817182,0.334425926208,0.0,0.0,0.0
2014-04-12 04:29:00,0.332778223236,0,0.00137089900166,1.87938553609e-06,0.500342724697,0.500342724697,0.334149122238,0.0,0.0,0.0
2014-04-12 04:34:00,0.30518719546,0,0.0286972821549,0.000823533977382,0.507173828221,0.507173828221,0.333884477615,0.0,0.0,0.0
2014-04-12 04:39:00,0.325047801147,0,0.00827642260956,6.84993356117e-05,0.502069093841,0.502069093841,0.333324223757,0.0,0.0,0.0
2014-04-12 04:44:00,0.346532617858,0,0.0138056922466,0.000190596998436,0.503451368243,0.503451368243,0.332726925611,0.0,0.0,0.0
2014-04-12 04:49:00,0.309134645038,0,0.0232095889518,0.000538685591891,0.50580213678,0.50580213678,0.33234423399,0.0,0.0,0.0
2014-04-12 04:54:00,0.345093443533,0,0.0133542860947,0.000178336573299,0.503338521909,0.503338521909,0.331739157438,0.0,0.0,0.0
2014-04-12 04:59:00,0.351364131664,0,0.0200197059856,0.000400788791012,0.505004759343,0.505004759343,0.331344425678,0.0,0.0,0.0
2014-04-12 05:04:00,0.283969653981,0,0.0472443567341,0.00223203049973,0.511808892782,0.511808892782,0.331214010715,0.0,0.0,0.0
2014-04-12 05:09:00,0.337691975575,0,0.00712521169729,5.07684599143e-05,0.501781295388,0.501781295388,0.330566763878,0.0,0.0,0.0
2014-04-12 05:14:00,0.323588067189,0,0.00647590170798,4.19372227043e-05,0.501618969769,0.501618969769,0.330063968897,0.0,0.0,0.0
2014-04-12 05:19:00,0.319866773577,0,0.00967181017873,9.35438583838e-05,0.502417933696,0.502417933696,0.329538583755,0.0,0.0,0.0
2014-04-12 05:24:00,0.316597791895,0,0.012359229341,0.000152750610141,0.503089768005,0.503089768005,0.328957021236,0.0,0.0,0.0
2014-04-12 05:29:00,0.369723884126,0,0.0414292493069,0.00171638291795,0.510355831155,0.510355831155,0.328294634819,0.0,0.0,0.0
2014-04-12 05:34:00,0.296572709143,0,0.0315911530855,0.000998000614345,0.507897131504,0.507897131504,0.328163862228,0.0,0.0,0.0
2014-04-12 05:39:00,0.31637163593,0,0.0113202171164,0.000128147003124,0.502830024057,0.502830024057,0.327691853046,0.0,0.0,0.0
2014-04-12 05:44:00,0.326363617673,0,0.000776296362736,6.02627551416e-07,0.500194074081,0.500194074081,0.327139914036,0.0,0.0,0.0
2014-04-12 05:49:00,0.322025535064,0,0.00460869316507,2.1240030037e-05,0.501152171252,0.501152171252,0.32663422823,0.0,0.0,0.0
2014-04-12 05:54:00,0.334381874627,0,0.00825464350629,6.81392048136e-05,0.502063649159,0.502063649159,0.326127231121,0.0,0.0,0.0
2014-04-12 05:59:00,0.316597791895,0,0.00916564227628,8.40090433485e-05,0.502291394528,0.502291394528,0.325763434172,0.0,0.0,0.0
2014-04-12 06:04:00,0.349657682107,0,0.0243247424822,0.00059169321321,0.506080885789,0.506080885789,0.325332939625,0.0,0.0,0.0
2014-04-12 06:09:00,0.326959847036,0,0.00174113971325,3.03157230519e-06,0.500435284818,0.500435284818,0.325218707323,0.0,0.0,0.0
2014-04-12 06:14:00,0.337609737042,0,0.012474297408,0.000155608126079,0.503118533913,0.503118533913,0.325135439634,0.0,0.0,0.0
2014-04-12 06:19:00,0.299122103662,0,0.0260786030587,0.000680094002746,0.506519281292,0.506519281292,0.32520070672,0.0,0.0,0.0
2014-04-12 06:24:00,0.32288903966,0,0.0020772121906,4.31485068475e-06,0.500519302861,0.500519302861,0.32496625185,0.0,0.0,0.0
2014-04-12 06:29:00,0.33976849853,0,0.0150366717478,0.00022610151791,0.503759097109,0.503759097109,0.324731826782,0.0,0.0,0.0
2014-04-12 06:34:00,0.32698040667,0,0.00229051175492,5.2464683904e-06,0.500572627688,0.500572627688,0.324689894915,0.0,0.0,0.0
2014-04-12 06:39:00,0.361726186805,0,0.0370482426215,0.0013725728495,0.509261001397,0.509261001397,0.324677944183,0.0,0.0,0.0
2014-04-12 06:44:00,0.307572112914,0,0.0175118581101,0.000306664704112,0.50437785265,0.50437785265,0.325083971024,0.0,0.0,0.0
2014-04-12 06:49:00,0.319743415777,0,0.00550899797223,3.03489614453e-05,0.50137724601,0.50137724601,0.32525241375,0.0,0.0,0.0
2014-04-12 06:54:00,0.352083718826,0,0.0267416298887,0.000715114467312,0.506685009098,0.506685009098,0.325342088938,0.0,0.0,0.0
2014-04-12 06:59:00,0.322395608462,0,0.00332827802752,1.10773398774e-05,0.500832068739,0.500832068739,0.32572388649,0.0,0.0,0.0
2014-04-12 07:04:00,0.305947901889,0,0.0200823226723,0.000403299753089,0.505020411942,0.505020411942,0.326030224562,0.0,0.0,0.0
2014-04-12 07:09:00,0.347581159152,0,0.0215014925376,0.000462313706521,0.505375166051,0.505375166051,0.326079666615,0.0,0.0,0.0
2014-04-12 07:14:00,0.332922140669,0,0.00655559689917,4.29757201346e-05,0.501638893355,0.501638893355,0.32636654377,0.0,0.0,0.0
2014-04-12 07:19:00,0.337363021444,0,0.0106642413839,0.000113726324344,0.50266603508,0.50266603508,0.32669878006,0.0,0.0,0.0
2014-04-12 07:24:00,0.304549846831,0,0.0225684009167,0.000509332865477,0.505641860766,0.505641860766,0.327118247747,0.0,0.0,0.0
2014-04-12 07:29:00,0.324821645182,0,0.0024195073431,5.85398765907e-06,0.500604876541,0.500604876541,0.327241152525,0.0,0.0,0.0
2014-04-12 07:34:00,0.332778223236,0,0.00545371361583,2.97429069178e-05,0.501363425025,0.501363425025,0.327324509621,0.0,0.0,0.0
2014-04-12 07:39:00,0.329406443389,0,0.00194531992256,3.78425738745e-06,0.500486329827,0.500486329827,0.327461123466,0.0,0.0,0.0
2014-04-12 07:44:00,0.347498920619,0,0.019892779052,0.000395722774556,0.504973030769,0.504973030769,0.327606141567,0.0,0.0,0.0
2014-04-12 07:49:00,0.324348773618,0,0.00361285005079,1.30526568682e-05,0.50090321153,0.50090321153,0.327961623669,0.0,0.0,0.0
2014-04-12 07:54:00,0.337548058143,0,0.0093071867132,8.66235204739e-05,0.502326779882,0.502326779882,0.328240871429,0.0,0.0,0.0
2014-04-12 07:59:00,0.3098542322,0,0.0187434326326,0.000351316004526,0.504685720978,0.504685720978,0.328597664833,0.0,0.0,0.0
2014-04-12 08:04:00,0.322642324061,0,0.00606429806278,3.67756838386e-05,0.501516069869,0.501516069869,0.328706622124,0.0,0.0,0.0
2014-04-12 08:09:00,0.347149406855,0,0.0184133400363,0.000339050922776,0.50460320495,0.50460320495,0.328736066818,0.0,0.0,0.0
2014-04-12 08:14:00,0.33516314069,0,0.00619193354769,3.83401093131e-05,0.501547978441,0.501547978441,0.328971207142,0.0,0.0,0.0
2014-04-12 08:19:00,0.301486461482,0,0.0277666756301,0.000770988233853,0.506941222946,0.506941222946,0.329253137112,0.0,0.0,0.0
2014-04-12 08:24:00,0.323793663521,0,0.00539840863205,2.91429660138e-05,0.50134959888,0.50134959888,0.329192072153,0.0,0.0,0.0
2014-04-12 08:29:00,0.332531507638,0,0.00345569434445,1.19418518807e-05,0.500863922726,0.500863922726,0.329075813293,0.0,0.0,0.0
2014-04-12 08:34:00,0.33567713152,0,0.00666676412648,4.44455508841e-05,0.501666684859,0.501666684859,0.329010367393,0.0,0.0,0.0
2014-04-12 08:39:00,0.315446452435,0,0.0135806638634,0.00018443405861,0.503395113785,0.503395113785,0.329027116299,0.0,0.0,0.0
2014-04-12 08:44:00,0.305516149592,0,0.0233718494659,0.000546243158169,0.505842696408,0.505842696408,0.328887999058,0.0,0.0,0.0
2014-04-12 08:49:00,0.326178580974,0,0.0023187692418,5.37669302503e-06,0.500579692051,0.500579692051,0.328497350216,0.0,0.0,0.0
2014-04-12 08:54:00,0.340734801291,0,0.012615523337,0.000159151633852,0.503153839006,0.503153839006,0.328119277954,0.0,0.0,0.0
2014-04-12 08:59:00,0.314911901972,0,0.0130103230268,0.000169268503669,0.503252534878,0.503252534878,0.327922224998,0.0,0.0,0.0
2014-04-12 09:04:00,0.319763975411,0,0.00783298704126,6.13554875599e-05,0.501958236748,0.501958236748,0.327596962452,0.0,0.0,0.0
2014-04-12 09:09:00,0.346841012356,0,0.0196260262704,0.00038518072688,0.504906349083,0.504906349083,0.327214986086,0.0,0.0,0.0
2014-04-12 09:14:00,0.304200333066,0,0.0228940430211,0.000524137751199,0.505723260776,0.505723260776,0.327094376087,0.0,0.0,0.0
2014-04-12 09:19:00,0.300191204589,0,0.0265342187471,0.000704065314494,0.50663316551,0.50663316551,0.326725423336,0.0,0.0,0.0
2014-04-12 09:24:00,0.351117416065,0,0.0250257689172,0.000626288412604,0.506256115721,0.506256115721,0.326091647148,0.0,0.0,0.0
2014-04-12 09:29:00,0.299471617426,0,0.0263342552524,0.000693493057042,0.506583183368,0.506583183368,0.325805872679,0.0,0.0,0.0
2014-04-12 09:34:00,0.319023828615,0,0.00622545589095,3.87564359698e-05,0.501556358946,0.501556358946,0.325249284506,0.0,0.0,0.0
2014-04-12 09:39:00,0.344106581139,0,0.0194292031994,0.000377494085114,0.504857148005,0.504857148005,0.324677377939,0.0,0.0,0.0
2014-04-12 09:44:00,0.299718333025,0,0.0246652238179,0.000608373899013,0.506165993356,0.506165993356,0.324383556843,0.0,0.0,0.0
2014-04-12 09:49:00,0.329632599354,0,0.00579394817416,3.35699587595e-05,0.501448482991,0.501448482991,0.32383865118,0.0,0.0,0.0
2014-04-12 09:54:00,0.327391599334,0,0.00397769085227,1.58219863806e-05,0.500994421402,0.500994421402,0.323413908482,0.0,0.0,0.0
2014-04-12 09:59:00,0.31700898456,0,0.00606780005103,3.68183464161e-05,0.501516945358,0.501516945358,0.323076784611,0.0,0.0,0.0
2014-04-12 10:04:00,0.321922736898,0,0.000781369670916,6.10519236943e-07,0.500195342408,0.500195342408,0.322704106569,0.0,0.0,0.0
2014-04-12 10:09:00,0.375480581426,0,0.053120900297,0.00282183126546,0.513277103077,0.513277103077,0.322359681129,0.0,0.0,0.0
2014-04-12 10:14:00,0.280536195234,0,0.042117992445,0.00177392445039,0.510527941842,0.510527941842,0.322654187679,0.0,0.0,0.0
2014-04-12 10:19:00,0.320236846975,0,0.00220371765777,4.85630653202e-06,0.500550929191,0.500550929191,0.322440564632,0.0,0.0,0.0
2014-04-12 10:24:00,0.331092333313,0,0.00886914681985,7.86616656114e-05,0.50221727217,0.50221727217,0.322223186493,0.0,0.0,0.0
2014-04-12 10:29:00,0.322148892864,0,2.06267676362e-05,4.25316670771e-10,0.500005156692,0.500005156692,0.322128266096,0.0,0.0,0.0
2014-04-12 10:34:00,0.340261929727,0,0.0182188684708,0.000331927411025,0.504554591136,0.504554591136,0.322043061256,0.0,0.0,0.0
2014-04-12 10:39:00,0.32288903966,0,0.000715414428743,5.11803932568e-07,0.5001788536,0.5001788536,0.322173625231,0.0,0.0,0.0
2014-04-12 10:44:00,0.344723370135,0,0.0224240387085,0.000502837647218,0.50560577478,0.50560577478,0.322299331427,0.0,0.0,0.0
2014-04-12 10:49:00,0.303501305537,0,0.0191665018039,0.000367354688933,0.504791478771,0.504791478771,0.322667807341,0.0,0.0,0.0
2014-04-12 10:54:00,0.336643434281,0,0.0138621694992,0.00019215955399,0.503465486881,0.503465486881,0.322781264782,0.0,0.0,0.0
2014-04-12 10:59:00,0.319270544213,0,0.00377077563362,1.42186963785e-05,0.500942692791,0.500942692791,0.323041319847,0.0,0.0,0.0
2014-04-12 11:04:00,0.358354406957,0,0.0351218754098,0.00123354699463,0.508779566371,0.508779566371,0.323232531548,0.0,0.0,0.0
2014-04-12 11:09:00,0.3098542322,0,0.0139505039369,0.00019461636839,0.503487569423,0.503487569423,0.323804736137,0.0,0.0,0.0
2014-04-12 11:14:00,0.343633709575,0,0.0194727164754,0.000379186763894,0.504868025296,0.504868025296,0.324160993099,0.0,0.0,0.0
2014-04-12 11:19:00,0.30115750735,0,0.0235462158421,0.000554424419533,0.505886282005,0.505886282005,0.324703723192,0.0,0.0,0.0
2014-04-12 11:24:00,0.319620057978,0,0.00530360635327,2.81280827039e-05,0.50132589848,0.50132589848,0.324923664331,0.0,0.0,0.0
2014-04-12 11:29:00,0.318283681819,0,0.00677752023014,4.59348448203e-05,0.501694373572,0.501694373572,0.325061202049,0.0,0.0,0.0
2014-04-12 11:34:00,0.319270544213,0,0.00583708985404,3.40715378115e-05,0.50145926832,0.50145926832,0.325107634068,0.0,0.0,0.0
2014-04-12 11:39:00,0.330845617714,0,0.00576289838816,3.32110721502e-05,0.50144072061,0.50144072061,0.325082719326,0.0,0.0,0.0
2014-04-12 11:44:00,0.302452764243,0,0.0226734068694,0.000514082959853,0.505668108896,0.505668108896,0.325126171112,0.0,0.0,0.0
2014-04-12 11:49:00,0.355188223442,0,0.0302821126785,0.000917006167583,0.507569949704,0.507569949704,0.324906110764,0.0,0.0,0.0
2014-04-12 11:54:00,0.288760048521,0,0.0362941499828,0.00131726625841,0.509072541606,0.509072541606,0.325054198503,0.0,0.0,0.0
2014-04-12 11:59:00,0.312670901951,0,0.0121019328267,0.000146456426592,0.503025446282,0.503025446282,0.324772834778,0.0,0.0,0.0
2014-04-12 12:04:00,0.317255700158,0,0.00712550230103,5.07727054355e-05,0.501781368038,0.501781368038,0.324381202459,0.0,0.0,0.0
2014-04-12 12:09:00,0.331565204877,0,0.00761801363834,5.80340783927e-05,0.501904494199,0.501904494199,0.323947191238,0.0,0.0,0.0
2014-04-12 12:14:00,0.3450728839,0,0.0214294081288,0.000459220027551,0.505357147025,0.505357147025,0.323643475771,0.0,0.0,0.0
2014-04-12 12:19:00,0.279199819075,0,0.0444153742918,0.0019727263134,0.51110201853,0.51110201853,0.323615193367,0.0,0.0,0.0
2014-04-12 12:24:00,0.315652048767,0,0.00743033867991,5.52100245841e-05,0.501857576124,0.501857576124,0.323082387447,0.0,0.0,0.0
2014-04-12 12:29:00,0.326260819507,0,0.00374300725494,1.40099955388e-05,0.500935750721,0.500935750721,0.322517812252,0.0,0.0,0.0
2014-04-12 12:34:00,0.357573140895,0,0.0355209005235,0.00126173510216,0.508879291542,0.508879291542,0.322052240372,0.0,0.0,0.0
2014-04-12 12:39:00,0.289335718251,0,0.0327035283084,0.00106952013448,0.508175153465,0.508175153465,0.322039246559,0.0,0.0,0.0
2014-04-12 12:44:00,0.34034416826,0,0.0186900273108,0.000349316833308,0.504672370817,0.504672370817,0.321654140949,0.0,0.0,0.0
2014-04-12 12:49:00,0.300191204589,0,0.0213296603746,0.000454954861198,0.505332212936,0.505332212936,0.321520864964,0.0,0.0,0.0
2014-04-12 12:54:00,0.347745636218,0,0.0265882999828,0.000706937222276,0.506646683434,0.506646683434,0.321157336235,0.0,0.0,0.0
2014-04-12 12:59:00,0.30115750735,0,0.0199762850503,0.000399052078137,0.504993905195,0.504993905195,0.3211337924,0.0,0.0,0.0
2014-04-12 13:04:00,0.317564094657,0,0.00332037151471,1.10248311103e-05,0.500830092116,0.500830092116,0.320884466171,0.0,0.0,0.0
2014-04-12 13:09:00,0.344785049035,0,0.0241630817191,0.000583853805438,0.506040476536,0.506040476536,0.320621967316,0.0,0.0,0.0
2014-04-12 13:14:00,0.349513764674,0,0.0288518622468,0.000832430203445,0.507212465246,0.507212465246,0.320661902428,0.0,0.0,0.0
2014-04-12 13:19:00,0.311108369827,0,0.0099190878874,9.83880890999e-05,0.50247975164,0.50247975164,0.321027457714,0.0,0.0,0.0
2014-04-12 13:24:00,0.297950204568,0,0.0232930517621,0.000542566063814,0.505822999663,0.505822999663,0.32124325633,0.0,0.0,0.0
2014-04-12 13:29:00,0.323115195625,0,0.00194403111228,3.77927312911e-06,0.500486007625,0.500486007625,0.321171164513,0.0,0.0,0.0
2014-04-12 13:34:00,0.306708608318,0,0.0144198792685,0.000207933044294,0.503604907352,0.503604907352,0.321128487587,0.0,0.0,0.0
2014-04-12 13:39:00,0.326733691071,0,0.00580863413659,3.37400852004e-05,0.501452154451,0.501452154451,0.320925056934,0.0,0.0,0.0
2014-04-12 13:44:00,0.320648039639,0,0.000160311400914,2.56982346514e-08,0.50004007785,0.50004007785,0.32080835104,0.0,0.0,0.0
2014-04-12 13:49:00,0.333497810399,0,0.0127963304873,0.000163746371982,0.503199038969,0.503199038969,0.320701479912,0.0,0.0,0.0
2014-04-12 13:54:00,0.309134645038,0,0.0116172007987,0.00013495964231,0.502904267537,0.502904267537,0.320751845837,0.0,0.0,0.0
2014-04-12 13:59:00,0.307983305578,0,0.0126807426171,0.000160801151651,0.503170143174,0.503170143174,0.320664048195,0.0,0.0,0.0
2014-04-12 14:04:00,0.314212874442,0,0.00622670266034,3.87716499972e-05,0.501556670636,0.501556670636,0.320439577103,0.0,0.0,0.0
2014-04-12 14:09:00,0.367750159337,0,0.0475840483447,0.00226424238645,0.511893767974,0.511893767974,0.320166110992,0.0,0.0,0.0
2014-04-12 14:14:00,0.273895433705,0,0.0465699522084,0.00216875970364,0.511640384361,0.511640384361,0.320465385914,0.0,0.0,0.0
2014-04-12 14:19:00,0.335348177389,0,0.0151466612371,0.000229421697441,0.503786592916,0.503786592916,0.320201516151,0.0,0.0,0.0
2014-04-12 14:24:00,0.291062727441,0,0.0290746541127,0.000845336355269,0.507268151533,0.507268151533,0.320137381554,0.0,0.0,0.0
2014-04-12 14:29:00,0.310573819363,0,0.00917312196499,8.41462242533e-05,0.50229326441,0.50229326441,0.319746941328,0.0,0.0,0.0
2014-04-12 14:34:00,0.342420691215,0,0.0231302916635,0.00053501065122,0.505782315118,0.505782315118,0.319290399551,0.0,0.0,0.0
2014-04-12 14:39:00,0.327699993832,0,0.00855574486971,7.32006883482e-05,0.50213892317,0.50213892317,0.319144248962,0.0,0.0,0.0
2014-04-12 14:44:00,0.30473488353,0,0.0143757484131,0.000206662080018,0.50359387521,0.50359387521,0.319110631943,0.0,0.0,0.0
2014-04-12 14:49:00,0.360122535414,0,0.0412068106596,0.00169800093863,0.51030024522,0.51030024522,0.318915724754,0.0,0.0,0.0
2014-04-12 14:54:00,0.286683525566,0,0.0325285534823,0.0010581065435,0.508131421391,0.508131421391,0.319212079048,0.0,0.0,0.0
2014-04-12 14:59:00,0.316680030428,0,0.002426488794,5.88778220845e-06,0.500606621901,0.500606621901,0.319106519222,0.0,0.0,0.0
2014-04-12 15:04:00,0.332058636074,0,0.0130749322222,0.00017095390649,0.503268686489,0.503268686489,0.318983703852,0.0,0.0,0.0
2014-04-12 15:09:00,0.343160838011,0,0.0241380037097,0.000582643202506,0.506034207948,0.506034207948,0.319022834301,0.0,0.0,0.0
2014-04-12 15:14:00,0.331565204877,0,0.0122306978882,0.000149589875946,0.503057636356,0.503057636356,0.319334506989,0.0,0.0,0.0
2014-04-12 15:19:00,0.304303131232,0,0.0154521547462,0.000238768829149,0.503862961824,0.503862961824,0.319755285978,0.0,0.0,0.0
2014-04-12 15:24:00,0.335574333354,0,0.0156173452577,0.000243901333306,0.50390425696,0.50390425696,0.319956988096,0.0,0.0,0.0
2014-04-12 15:29:00,0.293118690763,0,0.0271989948415,0.000739785609767,0.506799329545,0.506799329545,0.320317685604,0.0,0.0,0.0
2014-04-12 15:34:00,0.322313369929,0,0.00198298853605,3.93223717765e-06,0.500495746972,0.500495746972,0.320330381393,0.0,0.0,0.0
2014-04-12 15:39:00,0.346306461893,0,0.0259418674332,0.00067298108479,0.506485103167,0.506485103167,0.32036459446,0.0,0.0,0.0
2014-04-12 15:44:00,0.298998745862,0,0.0216942701899,0.000470641476568,0.505423354845,0.505423354845,0.320693016052,0.0,0.0,0.0
2014-04-12 15:49:00,0.353358416086,0,0.0326187593991,0.00106398353819,0.508153966889,0.508153966889,0.320739656687,0.0,0.0,0.0
2014-04-12 15:54:00,0.295606406382,0,0.0255494397372,0.000652773946058,0.506387012499,0.506387012499,0.321155846119,0.0,0.0,0.0
2014-04-12 15:59:00,0.309360801003,0,0.011876524665,0.000141051816172,0.502969096267,0.502969096267,0.321237325668,0.0,0.0,0.0
2014-04-12 16:04:00,0.31637163593,0,0.00480268762879,2.30656787608e-05,0.501200669599,0.501200669599,0.321174323559,0.0,0.0,0.0
2014-04-12 16:09:00,0.325006681881,0,0.00394420643791,1.55568577611e-05,0.500986050331,0.500986050331,0.321062475443,0.0,0.0,0.0
2014-04-12 16:14:00,0.313226012048,0,0.00778106087762,6.05448731221e-05,0.501945255405,0.501945255405,0.321007072926,0.0,0.0,0.0
2014-04-12 16:19:00,0.31515861757,0,0.00570912949814,3.25942964992e-05,0.501427278498,0.501427278498,0.320867747068,0.0,0.0,0.0
2014-04-12 16:24:00,0.342153415983,0,0.0214767316035,0.000461250601802,0.505368976532,0.505368976532,0.32067668438,0.0,0.0,0.0
2014-04-12 16:29:00,0.32576738831,0,0.00501572128709,2.51575565926e-05,0.501253927693,0.501253927693,0.320751667023,0.0,0.0,0.0
2014-04-12 16:34:00,0.297970764202,0,0.0229061321798,0.000524690549355,0.50572628267,0.50572628267,0.320876896381,0.0,0.0,0.0
2014-04-12 16:39:00,0.308641213841,0,0.0120848231847,0.000146042686538,0.503021169028,0.503021169028,0.320726037025,0.0,0.0,0.0
2014-04-12 16:44:00,0.311786837723,0,0.00866430268093,7.5070267485e-05,0.50216606212,0.50216606212,0.320451140404,0.0,0.0,0.0
2014-04-12 16:49:00,0.312506424885,0,0.00759739925326,5.77202881686e-05,0.501899340677,0.501899340677,0.320103824139,0.0,0.0,0.0
2014-04-12 16:54:00,0.333271654434,0,0.0135680158801,0.000184090997209,0.503391951935,0.503391951935,0.319703638554,0.0,0.0,0.0
2014-04-12 16:59:00,0.315405333169,0,0.00409436809266,1.67638027051e-05,0.501023590593,0.501023590593,0.319499701262,0.0,0.0,0.0
2014-04-12 17:04:00,0.35786097576,0,0.0385921232879,0.00148935255129,0.509646833557,0.509646833557,0.319268852472,0.0,0.0,0.0
2014-04-12 17:09:00,0.320236846975,0,0.000731066039363,5.34479113412e-07,0.500182766502,0.500182766502,0.319505780935,0.0,0.0,0.0
2014-04-12 17:14:00,0.286436809967,0,0.0332907300489,0.00110827363096,0.508321913947,0.508321913947,0.319727540016,0.0,0.0,0.0
2014-04-12 17:19:00,0.312506424885,0,0.00703705598773,4.95199819852e-05,0.501759256737,0.501759256737,0.319543480873,0.0,0.0,0.0
2014-04-12 17:24:00,0.314685746006,0,0.0046109120328,2.1260637368e-05,0.501152725966,0.501152725966,0.319296658039,0.0,0.0,0.0
2014-04-12 17:29:00,0.312259709287,0,0.00676157529344,4.57189744338e-05,0.501690387383,0.501690387383,0.31902128458,0.0,0.0,0.0
2014-04-12 17:34:00,0.33746581961,0,0.0187705128318,0.000352332281182,0.504692490432,0.504692490432,0.318695306778,0.0,0.0,0.0
2014-04-12 17:39:00,0.3098542322,0,0.0087641845857,7.68108075135e-05,0.502191032122,0.502191032122,0.318618416786,0.0,0.0,0.0
2014-04-12 17:44:00,0.302720039474,0,0.0157280272369,0.000247370830039,0.503931925756,0.503931925756,0.318448066711,0.0,0.0,0.0
2014-04-12 17:49:00,0.335923847119,0,0.0178106989061,0.00031722112908,0.504452557023,0.504452557023,0.318113148212,0.0,0.0,0.0
2014-04-12 17:54:00,0.311211167993,0,0.00680613595087,4.63234755443e-05,0.501701527419,0.501701527419,0.318017303944,0.0,0.0,0.0
2014-04-12 17:59:00,0.312259709287,0,0.00559266860475,3.12780030072e-05,0.501398163507,0.501398163507,0.317852377892,0.0,0.0,0.0
2014-04-12 18:04:00,0.3450728839,0,0.0274336522179,0.000752605905291,0.506857982947,0.506857982947,0.317639231682,0.0,0.0,0.0
2014-04-12 18:09:00,0.321922736898,0,0.00415827585788,1.72913605638e-05,0.501039567467,0.501039567467,0.31776446104,0.0,0.0,0.0
2014-04-12 18:14:00,0.319496700179,0,0.00157142580677,2.46935087489e-06,0.500392856371,0.500392856371,0.317925274372,0.0,0.0,0.0
2014-04-12 18:19:00,0.317708012089,0,0.000380221381852,1.44565746041e-07,0.500095055344,0.500095055344,0.318088233471,0.0,0.0,0.0
2014-04-12 18:24:00,0.327473837867,0,0.00924320889945,8.54371173773e-05,0.502310785773,0.502310785773,0.318230628967,0.0,0.0,0.0
2014-04-12 18:29:00,0.30767491108,0,0.0107909774206,0.000116445116873,0.502697718177,0.502697718177,0.3184658885,0.0,0.0,0.0
2014-04-12 18:34:00,0.363412076729,0,0.0448594336679,0.00201236922294,0.511212978093,0.511212978093,0.318552643061,0.0,0.0,0.0
2014-04-12 18:39:00,0.370669627254,0,0.0515197754548,0.00265428796411,0.512877095697,0.512877095697,0.319149851799,0.0,0.0,0.0
2014-04-12 18:44:00,0.318057525854,0,0.00222448637046,4.94828964293e-06,0.500556121363,0.500556121363,0.320282012224,0.0,0.0,0.0
2014-04-12 18:49:00,0.347498920619,0,0.0262230307458,0.000687647494487,0.506555382041,0.506555382041,0.321275889874,0.0,0.0,0.0
2014-04-12 18:54:00,0.312259709287,0,0.0102141147374,0.000104328253656,0.502553506484,0.502553506484,0.322473824024,0.0,0.0,0.0
2014-04-12 18:59:00,0.337363021444,0,0.0139286685689,0.000194008171093,0.503482110846,0.503482110846,0.323434352875,0.0,0.0,0.0
2014-04-12 19:04:00,0.324574929583,0,0.000114363539403,1.30762680683e-08,0.500028590885,0.500028590885,0.324460566044,0.0,0.0,0.0
2014-04-12 19:09:00,0.356380682169,0,0.0309945752007,0.000960663019214,0.50774802354,0.50774802354,0.325386106968,0.0,0.0,0.0
2014-04-12 19:14:00,0.342420691215,0,0.0158423721421,0.00025098095648,0.503960510202,0.503960510202,0.326578319073,0.0,0.0,0.0
2014-04-12 19:19:00,0.29649047061,0,0.0313451488396,0.000982519006357,0.507835645665,0.507835645665,0.32783561945,0.0,0.0,0.0
2014-04-12 19:24:00,0.316494993729,0,0.0121083931497,0.000146613005199,0.503027061304,0.503027061304,0.328603386879,0.0,0.0,0.0
2014-04-12 19:29:00,0.319455580912,0,0.00969852308193,9.40610989346e-05,0.502424611765,0.502424611765,0.329154103994,0.0,0.0,0.0
2014-04-12 19:34:00,0.324821645182,0,0.00471574648075,2.22382095671e-05,0.501178934435,0.501178934435,0.329537391663,0.0,0.0,0.0
2014-04-12 19:39:00,0.339521782931,0,0.00969405704409,9.39749879763e-05,0.502423495282,0.502423495282,0.329827725887,0.0,0.0,0.0
2014-04-12 19:44:00,0.354735911511,0,0.0245340770711,0.000601920881309,0.506133211628,0.506133211628,0.33020183444,0.0,0.0,0.0
2014-04-12 19:49:00,0.285244351241,0,0.0455795172723,0.00207749288529,0.511392906997,0.511392906997,0.330823868513,0.0,0.0,0.0
2014-04-12 19:54:00,0.342914122412,0,0.0120605111812,0.00014545621525,0.503015091248,0.503015091248,0.330853611231,0.0,0.0,0.0
2014-04-12 19:59:00,0.32282736076,0,0.00819320308098,6.71284433338e-05,0.502048289312,0.502048289312,0.331020563841,0.0,0.0,0.0
2014-04-12 20:04:00,0.327083204836,0,0.00399240389469,1.59393257491e-05,0.500998099648,0.500998099648,0.33107560873,0.0,0.0,0.0
2014-04-12 20:09:00,0.37301342544,0,0.0419346874663,0.00175851897802,0.510482135826,0.510482135826,0.331078737974,0.0,0.0,0.0
2014-04-12 20:14:00,0.356874113366,0,0.0253051569907,0.000640350743197,0.506325951682,0.506325951682,0.331568956375,0.0,0.0,0.0
2014-04-12 20:19:00,0.290302021012,0,0.0420023076681,0.00176419492345,0.510499033435,0.510499033435,0.33230432868,0.0,0.0,0.0
2014-04-12 20:24:00,0.323361911224,0,0.00911583717051,8.30986318761e-05,0.502278943511,0.502278943511,0.332477748394,0.0,0.0,0.0
2014-04-12 20:29:00,0.349184810543,0,0.0166568750381,0.000277451501461,0.504164122481,0.504164122481,0.332527935505,0.0,0.0,0.0
2014-04-12 20:34:00,0.296572709143,0,0.0361940621737,0.00131000974216,0.509047527869,0.509047527869,0.332766771317,0.0,0.0,0.0
2014-04-12 20:39:00,0.32813174613,0,0.00442932955776,1.96190558199e-05,0.501107330579,0.501107330579,0.332561075687,0.0,0.0,0.0
2014-04-12 20:44:00,0.34846522338,0,0.0161408079351,0.000260526023339,0.50403511438,0.50403511438,0.332324415445,0.0,0.0,0.0
2014-04-12 20:49:00,0.320709718539,0,0.011589305328,0.000134312300361,0.502897293904,0.502897293904,0.332299023867,0.0,0.0,0.0
2014-04-12 20:54:00,0.328666296593,0,0.00347504318563,1.20759041238e-05,0.500868759922,0.500868759922,0.332141339779,0.0,0.0,0.0
2014-04-12 20:59:00,0.320709718539,0,0.0112492310273,0.000126545492094,0.5028122781,0.5028122781,0.331958949566,0.0,0.0,0.0
2014-04-12 21:04:00,0.319743415777,0,0.0119203715875,0.000142095042975,0.502980057609,0.502980057609,0.331663787365,0.0,0.0,0.0
2014-04-12 21:09:00,0.376734719053,0,0.0454754088071,0.00206801411696,0.511366893363,0.511366893363,0.331259310246,0.0,0.0,0.0
2014-04-12 21:14:00,0.313226012048,0,0.0181985222729,0.000331186136464,0.504549505008,0.504549505008,0.331424534321,0.0,0.0,0.0
2014-04-12 21:19:00,0.300191204589,0,0.031170387227,0.000971593719441,0.507791965932,0.507791965932,0.331361591816,0.0,0.0,0.0
2014-04-12 21:24:00,0.337856452641,0,0.006914000687,4.78032561659e-05,0.501728493286,0.501728493286,0.330942451954,0.0,0.0,0.0
2014-04-12 21:29:00,0.307777709246,0,0.0228678519726,0.000522938964423,0.505716713871,0.505716713871,0.330645561218,0.0,0.0,0.0
2014-04-12 21:34:00,0.323608626822,0,0.00650368144168,4.22977427661e-05,0.501625914629,0.501625914629,0.330112308264,0.0,0.0,0.0
2014-04-12 21:39:00,0.330126030552,0,0.000569505798044,3.24321803191e-07,0.500142376446,0.500142376446,0.329556524754,0.0,0.0,0.0
2014-04-12 21:44:00,0.345813030696,0,0.0167502708193,0.000280571752228,0.504187469798,0.504187469798,0.329062759876,0.0,0.0,0.0
2014-04-12 21:49:00,0.299245461461,0,0.0295677933723,0.000874255259987,0.507391409853,0.507391409853,0.328813254833,0.0,0.0,0.0
2014-04-12 21:54:00,0.330907296614,0,0.00266261048712,7.08943389327e-06,0.500665652229,0.500665652229,0.328244686127,0.0,0.0,0.0
2014-04-12 21:59:00,0.322601204795,0,0.00516247184887,2.66511742666e-05,0.501290615096,0.501290615096,0.327763676643,0.0,0.0,0.0
2014-04-12 22:04:00,0.326240259874,0,0.00103024793874,1.06138725187e-06,0.500257561962,0.500257561962,0.327270507812,0.0,0.0,0.0
2014-04-12 22:09:00,0.32698040667,0,0.000165963796544,2.75457523458e-08,0.500041490949,0.500041490949,0.326814442873,0.0,0.0,0.0
2014-04-12 22:14:00,0.324389892884,0,0.00201587074179,4.06368690165e-06,0.500503967515,0.500503967515,0.326405763626,0.0,0.0,0.0
2014-04-12 22:19:00,0.343078599478,0,0.0170643191586,0.000291191448923,0.504265976272,0.504265976272,0.326014280319,0.0,0.0,0.0
2014-04-12 22:24:00,0.301918213779,0,0.0239426441845,0.000573250465095,0.505985375122,0.505985375122,0.325860857964,0.0,0.0,0.0
2014-04-12 22:29:00,0.324328213985,0,0.00111535186083,1.24400992263e-06,0.500278837936,0.500278837936,0.325443565845,0.0,0.0,0.0
2014-04-12 22:34:00,0.32288903966,0,0.00216581449505,4.69079441245e-06,0.500541453412,0.500541453412,0.325054854155,0.0,0.0,0.0
2014-04-12 22:39:00,0.314315672608,0,0.0103638809004,0.000107409941847,0.502590947034,0.502590947034,0.324679553509,0.0,0.0,0.0
2014-04-12 22:44:00,0.3274327186,0,0.00321206125167,1.03173588286e-05,0.500803014623,0.500803014623,0.324220657349,0.0,0.0,0.0
2014-04-12 22:49:00,0.362219618002,0,0.0383745891248,0.00147261016537,0.509592470147,0.509592470147,0.323845028877,0.0,0.0,0.0
2014-04-12 22:54:00,0.323320791957,0,0.000634207489797,4.02201294492e-07,0.500158551867,0.500158551867,0.323954999447,0.0,0.0,0.0
2014-04-12 22:59:00,0.302617241308,0,0.0214294300821,0.000459220027551,0.505357152513,0.505357152513,0.324046671391,0.0,0.0,0.0
2014-04-12 23:04:00,0.33164744341,0,0.00776855909412,6.03506996413e-05,0.501942130006,0.501942130006,0.323878884315,0.0,0.0,0.0
2014-04-12 23:09:00,0.337609737042,0,0.0137911726273,0.000190196471522,0.503447738511,0.503447738511,0.323818564415,0.0,0.0,0.0
2014-04-12 23:14:00,0.322395608462,0,0.00152982708072,2.34032722801e-06,0.500382456696,0.500382456696,0.323925435543,0.0,0.0,0.0
2014-04-12 23:19:00,0.327473837867,0,0.00347002221579,1.20411314128e-05,0.500867504683,0.500867504683,0.324003815651,0.0,0.0,0.0
2014-04-12 23:24:00,0.372108801579,0,0.0479938828702,0.00230341148563,0.511996168129,0.511996168129,0.324114918709,0.0,0.0,0.0
2014-04-12 23:29:00,0.317337938691,0,0.00743769750496,5.53194695385e-05,0.501859415804,0.501859415804,0.324775636196,0.0,0.0,0.0
2014-04-12 23:34:00,0.368243590534,0,0.0429599439508,0.00184555805754,0.510738334521,0.510738334521,0.325283646584,0.0,0.0,0.0
2014-04-12 23:39:00,0.298752030264,0,0.027490267624,0.000755714310799,0.50687213413,0.50687213413,0.326242297888,0.0,0.0,0.0
2014-04-12 23:44:00,0.330598902116,0,0.00381500662303,1.45541889651e-05,0.500953750499,0.500953750499,0.326783895493,0.0,0.0,0.0
2014-04-12 23:49:00,0.323937580954,0,0.00337864362149,1.14151389425e-05,0.500844660102,0.500844660102,0.327316224575,0.0,0.0,0.0
2014-04-12 23:54:00,0.341269351755,0,0.0135133045059,0.000182609190233,0.503378274718,0.503378274718,0.327756047249,0.0,0.0,0.0
2014-04-12 23:59:00,0.343880425173,0,0.0155702335419,0.000242431851802,0.503892479747,0.503892479747,0.328310191631,0.0,0.0,0.0
2014-04-13 00:04:00,0.317337938691,0,0.0116535042276,0.000135804351885,0.502913343087,0.502913343087,0.328991442919,0.0,0.0,0.0
2014-04-13 00:09:00,0.349184810543,0,0.0197165006637,0.000388740416383,0.504928965493,0.504928965493,0.329468309879,0.0,0.0,0.0
2014-04-13 00:14:00,0.319496700179,0,0.0106320291645,0.00011304023792,0.502657982253,0.502657982253,0.330128729343,0.0,0.0,0.0
2014-04-13 00:19:00,0.340755360924,0,0.0101567085615,0.000103158978163,0.502539155312,0.502539155312,0.330598652363,0.0,0.0,0.0
2014-04-13 00:24:00,0.362692489566,0,0.0315515243427,0.000995497801341,0.507887226786,0.507887226786,0.331140965223,0.0,0.0,0.0
2014-04-13 00:29:00,0.31637163593,0,0.0156274573641,0.000244216993451,0.503906784833,0.503906784833,0.331999093294,0.0,0.0,0.0
2014-04-13 00:34:00,0.300602397253,0,0.0319858581522,0.00102309451904,0.507995782846,0.507995782846,0.332588255405,0.0,0.0,0.0
2014-04-13 00:39:00,0.332120314974,0,0.000622733694327,3.87779607536e-07,0.500155683419,0.500155683419,0.332743048668,0.0,0.0,0.0
2014-04-13 00:44:00,0.313082094615,0,0.0197930677476,0.000391765352106,0.504948105397,0.504948105397,0.332875162363,0.0,0.0,0.0
2014-04-13 00:49:00,0.324328213985,0,0.00843343133242,7.1122762165e-05,0.502108345337,0.502108345337,0.332761645317,0.0,0.0,0.0
2014-04-13 00:54:00,0.363905507926,0,0.0313451474941,0.000982519006357,0.507835645329,0.507835645329,0.332560360432,0.0,0.0,0.0
2014-04-13 00:59:00,0.298752030264,0,0.0339953397409,0.00115568249021,0.508498016533,0.508498016533,0.332747370005,0.0,0.0,0.0
2014-04-13 01:04:00,0.325294516746,0,0.00722203427194,5.21576694155e-05,0.50180550072,0.50180550072,0.332516551018,0.0,0.0,0.0
2014-04-13 01:09:00,0.347252205021,0,0.0150282830064,0.000225849740673,0.503757000042,0.503757000042,0.332223922014,0.0,0.0,0.0
2014-04-13 01:14:00,0.369744443759,0,0.0376074551193,0.00141432113014,0.509400755832,0.509400755832,0.33213698864,0.0,0.0,0.0
2014-04-13 01:19:00,0.315508131335,0,0.0169921476148,0.000288733222988,0.504247934694,0.504247934694,0.33250027895,0.0,0.0,0.0
2014-04-13 01:24:00,0.348547461913,0,0.0159196290237,0.000253434496699,0.503979823204,0.503979823204,0.33262783289,0.0,0.0,0.0
2014-04-13 01:29:00,0.296099837579,0,0.0368297736272,0.00135643198155,0.509206402775,0.509206402775,0.332929611206,0.0,0.0,0.0
2014-04-13 01:34:00,0.333991241596,0,0.00122253312877,1.49455775045e-06,0.500305633244,0.500305633244,0.332768708467,0.0,0.0,0.0
2014-04-13 01:39:00,0.327144883735,0,0.00549332036247,3.0176488508e-05,0.501373326637,0.501373326637,0.332638204098,0.0,0.0,0.0
2014-04-13 01:44:00,0.319023828615,0,0.0134322832931,0.000180426519364,0.503358020334,0.503358020334,0.332456111908,0.0,0.0,0.0
2014-04-13 01:49:00,0.331565204877,0,0.000569101554072,3.23880669839e-07,0.500142275385,0.500142275385,0.332134306431,0.0,0.0,0.0
2014-04-13 01:54:00,0.32858405806,0,0.0032537748673,1.0587134966e-05,0.500813442999,0.500813442999,0.331837832928,0.0,0.0,0.0
2014-04-13 01:59:00,0.37256111351,0,0.0410284563633,0.00168333528563,0.510255675487,0.510255675487,0.331532657146,0.0,0.0,0.0
2014-04-13 02:04:00,0.294167232057,0,0.0375732068816,0.00141174672171,0.509392196797,0.509392196797,0.331740438938,0.0,0.0,0.0
2014-04-13 02:09:00,0.352330434425,0,0.0208444477155,0.000434491492342,0.505210923255,0.505210923255,0.33148598671,0.0,0.0,0.0
2014-04-13 02:14:00,0.321141470836,0,0.0103603409066,0.0001073364474,0.502590062059,0.502590062059,0.331501811743,0.0,0.0,0.0
2014-04-13 02:19:00,0.324780525915,0,0.00661378885051,4.37422313553e-05,0.501653441186,0.501653441186,0.331394314766,0.0,0.0,0.0
2014-04-13 02:24:00,0.319393902013,0,0.0118258307486,0.00013985024998,0.502956423233,0.502956423233,0.331219732761,0.0,0.0,0.0
2014-04-13 02:29:00,0.319270544213,0,0.0116529534634,0.00013579116785,0.5029132054,0.5029132054,0.330923497677,0.0,0.0,0.0
2014-04-13 02:34:00,0.32915972779,0,0.00135994841804,1.84943564818e-06,0.500339987052,0.500339987052,0.330519676208,0.0,0.0,0.0
2014-04-13 02:39:00,0.328213984663,0,0.00192612916805,3.70995394405e-06,0.500481532143,0.500481532143,0.330140113831,0.0,0.0,0.0
2014-04-13 02:44:00,0.302843397274,0,0.0269322639563,0.00072534714127,0.506732659035,0.506732659035,0.32977566123,0.0,0.0,0.0
2014-04-13 02:49:00,0.321881617632,0,0.00724906173703,5.25488321728e-05,0.501812257498,0.501812257498,0.329130679369,0.0,0.0,0.0
2014-04-13 02:54:00,0.361047718909,0,0.0325830916428,0.00106165756006,0.508145052319,0.508145052319,0.328464627266,0.0,0.0,0.0
2014-04-13 02:59:00,0.29303645223,0,0.0352124658268,0.00123991712462,0.508802206974,0.508802206974,0.328248918056,0.0,0.0,0.0
2014-04-13 03:04:00,0.320812516705,0,0.00682816575418,4.66237579531e-05,0.501707034806,0.501707034806,0.327640682459,0.0,0.0,0.0
2014-04-13 03:09:00,0.396492526573,0,0.0694798088495,0.0048274458386,0.517362967878,0.517362967878,0.327012717724,0.0,0.0,0.0
2014-04-13 03:14:00,0.325931865376,0,0.00133226473999,1.77489869202e-06,0.500333066136,0.500333066136,0.327264130116,0.0,0.0,0.0
2014-04-13 03:19:00,0.318777113016,0,0.00869780892545,7.56518638809e-05,0.502174438523,0.502174438523,0.327474921942,0.0,0.0,0.0
2014-04-13 03:24:00,0.331688562676,0,0.0041259324995,1.70232397068e-05,0.501031481662,0.501031481662,0.327562630177,0.0,0.0,0.0
2014-04-13 03:29:00,0.336150003084,0,0.00845993817687,7.15703426977e-05,0.50211497193,0.50211497193,0.327690064907,0.0,0.0,0.0
2014-04-13 03:34:00,0.351117416065,0,0.0232132214719,0.000538852997124,0.505803044788,0.505803044788,0.327904194593,0.0,0.0,0.0
2014-04-13 03:39:00,0.35146692983,0,0.0230972527632,0.000533482816536,0.505774056496,0.505774056496,0.328369677067,0.0,0.0,0.0
2014-04-13 03:44:00,0.282551039289,0,0.0465090979824,0.00216309516691,0.511625179039,0.511625179039,0.329060137272,0.0,0.0,0.0
2014-04-13 03:49:00,0.318633195584,0,0.010501626308,0.000110284090624,0.502625382449,0.502625382449,0.329134821892,0.0,0.0,0.0
2014-04-13 03:54:00,0.337589177409,0,0.0085104136857,7.24270939827e-05,0.50212759058,0.50212759058,0.329078763723,0.0,0.0,0.0
2014-04-13 03:59:00,0.331092333313,0,0.00196406793191,3.85754128729e-06,0.500491016825,0.500491016825,0.329128265381,0.0,0.0,0.0
2014-04-13 04:04:00,0.359567425317,0,0.0303715086645,0.000922429026105,0.507592293563,0.507592293563,0.329195916653,0.0,0.0,0.0
2014-04-13 04:09:00,0.330352186517,0,0.000738411502115,5.45252476059e-07,0.500184602867,0.500184602867,0.329613775015,0.0,0.0,0.0
2014-04-13 04:14:00,0.34737556282,0,0.0173768312068,0.000301954569295,0.504344098492,0.504344098492,0.329998731613,0.0,0.0,0.0
2014-04-13 04:19:00,0.309134645038,0,0.0214150719115,0.000458605849417,0.505353563382,0.505353563382,0.330549716949,0.0,0.0,0.0
2014-04-13 04:24:00,0.347005489422,0,0.0162117510569,0.00026282077306,0.504052849,0.504052849,0.330793738365,0.0,0.0,0.0
2014-04-13 04:29:00,0.318427599252,0,0.0127766363021,0.00016324261378,0.503194115624,0.503194115624,0.331204235554,0.0,0.0,0.0
2014-04-13 04:34:00,0.300191204589,0,0.0312321972437,0.000975450791884,0.507807414676,0.507807414676,0.331423401833,0.0,0.0,0.0
2014-04-13 04:39:00,0.315652048767,0,0.0156007645718,0.000243384041823,0.503900112041,0.503900112041,0.331252813339,0.0,0.0,0.0
2014-04-13 04:44:00,0.3216760213,0,0.00923948935467,8.53682649904e-05,0.502309855906,0.502309855906,0.330915510654,0.0,0.0,0.0
2014-04-13 04:49:00,0.33446411316,0,0.00396112625226,1.56904407049e-05,0.500990280268,0.500990280268,0.330502986908,0.0,0.0,0.0
2014-04-13 04:54:00,0.32046300294,0,0.00971528766552,9.4386836281e-05,0.502428802812,0.502428802812,0.330178290606,0.0,0.0,0.0
2014-04-13 04:59:00,0.333024938835,0,0.00325353933711,1.05855833681e-05,0.500813384117,0.500813384117,0.329771399498,0.0,0.0,0.0
2014-04-13 05:04:00,0.327350480067,0,0.00209291507035,4.38034612671e-06,0.500523228577,0.500523228577,0.329443395138,0.0,0.0,0.0
2014-04-13 05:09:00,0.315405333169,0,0.0137180148288,0.000188183767023,0.503429449927,0.503429449927,0.329123347998,0.0,0.0,0.0
2014-04-13 05:14:00,0.346532617858,0,0.0178592551262,0.000318952806992,0.504464695113,0.504464695113,0.328673362732,0.0,0.0,0.0
2014-04-13 05:19:00,0.336499516849,0,0.00802046525865,6.43277890049e-05,0.502005105566,0.502005105566,0.32847905159,0.0,0.0,0.0
2014-04-13 05:24:00,0.333086617735,0,0.00468779399664,2.19753383135e-05,0.501171946353,0.501171946353,0.328398823738,0.0,0.0,0.0
2014-04-13 05:29:00,0.300931351385,0,0.0274506042389,0.000753534957767,0.506862220155,0.506862220155,0.328381955624,0.0,0.0,0.0
2014-04-13 05:34:00,0.337856452641,0,0.00981394546925,9.63133134064e-05,0.502453466676,0.502453466676,0.328042507172,0.0,0.0,0.0
2014-04-13 05:39:00,0.301589259648,0,0.026263645149,0.000689779524691,0.506565533894,0.506565533894,0.327852904797,0.0,0.0,0.0
2014-04-13 05:44:00,0.316597791895,0,0.0107741630225,0.000116082643217,0.5026935147,0.5026935147,0.327371954918,0.0,0.0,0.0
2014-04-13 05:49:00,0.315405333169,0,0.0114063380882,0.000130104410346,0.502851553605,0.502851553605,0.326811671257,0.0,0.0,0.0
2014-04-13 05:54:00,0.334217397562,0,0.00804504572447,6.47227861919e-05,0.502011250583,0.502011250583,0.326172351837,0.0,0.0,0.0
2014-04-13 05:59:00,0.319990131376,0,0.00570180702421,3.25106375385e-05,0.501425447894,0.501425447894,0.3256919384,0.0,0.0,0.0
2014-04-13 06:04:00,0.335307058122,0,0.0101151430868,0.000102316189441,0.502528764211,0.502528764211,0.325191915035,0.0,0.0,0.0
2014-04-13 06:09:00,0.349431526142,0,0.0245701188616,0.00060369016137,0.506142220718,0.506142220718,0.32486140728,0.0,0.0,0.0
2014-04-13 06:14:00,0.304570406464,0,0.0202842654912,0.000411451415857,0.505070892505,0.505070892505,0.324854671955,0.0,0.0,0.0
2014-04-13 06:19:00,0.327946709431,0,0.00333814505387,1.11433000711e-05,0.500834535489,0.500834535489,0.324608564377,0.0,0.0,0.0
2014-04-13 06:24:00,0.340488085693,0,0.0160616135055,0.000257975130808,0.504015317056,0.504015317056,0.324426472187,0.0,0.0,0.0
2014-04-13 06:29:00,0.312136351487,0,0.0123164063479,0.000151693850057,0.503079062664,0.503079062664,0.324452757835,0.0,0.0,0.0
2014-04-13 06:34:00,0.334299636094,0,0.00996912738554,9.93832582026e-05,0.502492261206,0.502492261206,0.324330508709,0.0,0.0,0.0
2014-04-13 06:39:00,0.30461152573,0,0.0197270296056,0.000389155378798,0.504931597473,0.504931597473,0.324338555336,0.0,0.0,0.0
2014-04-13 06:44:00,0.298752030264,0,0.0253599976197,0.000643128994852,0.50633965964,0.50633965964,0.324112027884,0.0,0.0,0.0
2014-04-13 06:49:00,0.33976849853,0,0.0161609345575,0.000261175824562,0.504040145707,0.504040145707,0.323607563972,0.0,0.0,0.0
2014-04-13 06:54:00,0.30358354407,0,0.0197615210473,0.000390518165659,0.504940219493,0.504940219493,0.323345065117,0.0,0.0,0.0
2014-04-13 06:59:00,0.328913012192,0,0.00603852574548,3.64636835002e-05,0.501509626849,0.501509626849,0.322874486446,0.0,0.0,0.0
2014-04-13 07:04:00,0.291021608175,0,0.0315007936352,0.000992299523205,0.50787454726,0.50787454726,0.32252240181,0.0,0.0,0.0
2014-04-13 07:09:00,0.332284792039,0,0.0104525524115,0.000109255568532,0.502613114311,0.502613114311,0.321832239628,0.0,0.0,0.0
2014-04-13 07:14:00,0.324595489216,0,0.00326065034928,1.06317884274e-05,0.500815161865,0.500815161865,0.321334838867,0.0,0.0,0.0
2014-04-13 07:19:00,0.331606324143,0,0.0106806711624,0.00011407682905,0.502670142407,0.502670142407,0.320925652981,0.0,0.0,0.0
2014-04-13 07:24:00,0.342667406813,0,0.0219834506672,0.000483271840494,0.505495641344,0.505495641344,0.320683956146,0.0,0.0,0.0
2014-04-13 07:29:00,0.330352186517,0,0.009624897794,9.26386710489e-05,0.502406205873,0.502406205873,0.320727288723,0.0,0.0,0.0
2014-04-13 07:34:00,0.291268323773,0,0.0296122680963,0.000876886711922,0.507402526101,0.507402526101,0.320880591869,0.0,0.0,0.0
2014-04-13 07:39:00,0.317255700158,0,0.00341129846649,1.16369201351e-05,0.50085282379,0.50085282379,0.320666998625,0.0,0.0,0.0
2014-04-13 07:44:00,0.328913012192,0,0.00847879950723,7.18898882042e-05,0.502119687178,0.502119687178,0.320434212685,0.0,0.0,0.0
2014-04-13 07:49:00,0.347128847221,0,0.0268035322227,0.000718428869732,0.506700481909,0.506700481909,0.320325314999,0.0,0.0,0.0
2014-04-13 07:54:00,0.349657682107,0,0.0291119789343,0.000847507442813,0.507277480764,0.507277480764,0.320545703173,0.0,0.0,0.0
2014-04-13 07:59:00,0.319620057978,0,0.00146974619435,2.16011017073e-06,0.500367436482,0.500367436482,0.321089804173,0.0,0.0,0.0
2014-04-13 08:04:00,0.316124920331,0,0.00543734005791,2.95647132589e-05,0.501359331665,0.501359331665,0.321562260389,0.0,0.0,0.0
2014-04-13 08:09:00,0.328913012192,0,0.00698990528306,4.88586520078e-05,0.501747469206,0.501747469206,0.321923106909,0.0,0.0,0.0
2014-04-13 08:14:00,0.338329324205,0,0.0159981937002,0.000255941908108,0.503999463123,0.503999463123,0.322331130505,0.0,0.0,0.0
2014-04-13 08:19:00,0.285244351241,0,0.0376445595296,0.00141711323522,0.509410028653,0.509410028653,0.32288891077,0.0,0.0,0.0
2014-04-13 08:24:00,0.345319599498,0,0.0223767465244,0.000500718771946,0.505593953217,0.505593953217,0.322942852974,0.0,0.0,0.0
2014-04-13 08:29:00,0.275560763996,0,0.0476968015024,0.00227498472668,0.511921940275,0.511921940275,0.323257565498,0.0,0.0,0.0
2014-04-13 08:34:00,0.311992434055,0,0.010981294125,0.000120588760183,0.502745295944,0.502745295944,0.32297372818,0.0,0.0,0.0
2014-04-13 08:39:00,0.310327103764,0,0.0122606247359,0.000150322695845,0.503065117788,0.503065117788,0.3225877285,0.0,0.0,0.0
2014-04-13 08:44:00,0.313308250581,0,0.0087861898794,7.71973354858e-05,0.502196533339,0.502196533339,0.32209444046,0.0,0.0,0.0
2014-04-13 08:49:00,0.318180883653,0,0.00336495565666,1.13228916234e-05,0.50084123812,0.50084123812,0.32154583931,0.0,0.0,0.0
2014-04-13 08:54:00,0.360780443677,0,0.0397686023797,0.00158154207747,0.509940840475,0.509940840475,0.321011841297,0.0,0.0,0.0
2014-04-13 08:59:00,0.346368140792,0,0.0253637798781,0.000643320963718,0.506340605053,0.506340605053,0.321004360914,0.0,0.0,0.0
2014-04-13 09:04:00,0.289829149448,0,0.0314699266323,0.000990357249975,0.507866832422,0.507866832422,0.32129907608,0.0,0.0,0.0
2014-04-13 09:09:00,0.343633709575,0,0.022443411971,0.000503706804011,0.505610617486,0.505610617486,0.321190297604,0.0,0.0,0.0
2014-04-13 09:14:00,0.326507535106,0,0.00514843714796,2.65064409177e-05,0.501287106444,0.501287106444,0.321359097958,0.0,0.0,0.0
2014-04-13 09:19:00,0.31515861757,0,0.00641368620171,4.11355249526e-05,0.501603416054,0.501603416054,0.321572303772,0.0,0.0,0.0
2014-04-13 09:24:00,0.332819342503,0,0.0111313461154,0.000123906866065,0.502782807795,0.502782807795,0.321687996387,0.0,0.0,0.0
2014-04-13 09:29:00,0.291515039372,0,0.0304095874555,0.000924742198549,0.507601811063,0.507601811063,0.321924626827,0.0,0.0,0.0
2014-04-13 09:34:00,0.334135159029,0,0.0123594544065,0.000152755761519,0.503089824269,0.503089824269,0.321775704622,0.0,0.0,0.0
2014-04-13 09:39:00,0.30646189272,0,0.0153268653196,0.000234912557062,0.503831641322,0.503831641322,0.321788758039,0.0,0.0,0.0
2014-04-13 09:44:00,0.342420691215,0,0.0208026706804,0.000432751345215,0.505200480129,0.505200480129,0.321618020535,0.0,0.0,0.0
2014-04-13 09:49:00,0.288616131088,0,0.0330959455757,0.00109534233343,0.50827323124,0.50827323124,0.321712076664,0.0,0.0,0.0
2014-04-13 09:54:00,0.331894159008,0,0.0104914304506,0.000110070119263,0.502622833555,0.502622833555,0.321402728558,0.0,0.0,0.0
2014-04-13 09:59:00,0.336396718683,0,0.0151475614922,0.000229448778555,0.503786817967,0.503786817967,0.32124915719,0.0,0.0,0.0
2014-04-13 10:04:00,0.296819424741,0,0.0244718431304,0.000598871381953,0.506117655478,0.506117655478,0.321291267872,0.0,0.0,0.0
2014-04-13 10:09:00,0.357634819795,0,0.0365970504772,0.00133934360929,0.509148241588,0.509148241588,0.321037769318,0.0,0.0,0.0
2014-04-13 10:14:00,0.339275067333,0,0.0180297546421,0.000325071858242,0.504507316561,0.504507316561,0.321245312691,0.0,0.0,0.0
2014-04-13 10:19:00,0.298381956866,0,0.0232648527121,0.00054125348106,0.505815950855,0.505815950855,0.321646809578,0.0,0.0,0.0
2014-04-13 10:24:00,0.313678323979,0,0.0080528261716,6.48480054224e-05,0.502013195664,0.502013195664,0.32173115015,0.0,0.0,0.0
2014-04-13 10:29:00,0.361561709739,0,0.0398505271448,0.00158806494437,0.509961313554,0.509961313554,0.321711182594,0.0,0.0,0.0
2014-04-13 10:34:00,0.264602479492,0,0.0575650958676,0.00331374001689,0.514387301205,0.514387301205,0.322167575359,0.0,0.0,0.0
2014-04-13 10:39:00,0.310573819363,0,0.0113199322582,0.000128140934976,0.502829952845,0.502829952845,0.321893751621,0.0,0.0,0.0
2014-04-13 10:44:00,0.313226012048,0,0.00828668707925,6.86691419105e-05,0.502071659915,0.502071659915,0.321512699127,0.0,0.0,0.0
2014-04-13 10:49:00,0.322333929563,0,0.00126281144632,1.59469868777e-06,0.50031570282,0.50031570282,0.321071118116,0.0,0.0,0.0
2014-04-13 10:54:00,0.317831369888,0,0.00285717581553,8.16346891952e-06,0.500714293468,0.500714293468,0.320688545704,0.0,0.0,0.0
2014-04-13 10:59:00,0.33446411316,0,0.0141540569507,0.000200337046408,0.503538455164,0.503538455164,0.32031005621,0.0,0.0,0.0
2014-04-13 11:04:00,0.295421369683,0,0.0247163694988,0.000610899296589,0.506178777827,0.506178777827,0.320137739182,0.0,0.0,0.0
2014-04-13 11:09:00,0.331400727811,0,0.0117121692325,0.000137174778502,0.502928008837,0.502928008837,0.319688558578,0.0,0.0,0.0
2014-04-13 11:14:00,0.359259030819,0,0.0398354148864,0.00158686097711,0.509957536988,0.509957536988,0.319423615932,0.0,0.0,0.0
2014-04-13 11:19:00,0.319496700179,0,0.000162294495814,2.63424091429e-08,0.500040573624,0.500040573624,0.319658994675,0.0,0.0,0.0
2014-04-13 11:24:00,0.324328213985,0,0.00445917254179,1.98842190002e-05,0.501114791288,0.501114791288,0.319869041443,0.0,0.0,0.0
2014-04-13 11:29:00,0.322128333231,0,0.00201708831362,4.06861499869e-06,0.500504271907,0.500504271907,0.320111244917,0.0,0.0,0.0
2014-04-13 11:34:00,0.304776002796,0,0.0155773859902,0.000242654641625,0.503894267751,0.503894267751,0.320353388786,0.0,0.0,0.0
2014-04-13 11:39:00,0.324081498386,0,0.00369571447532,1.3658393982e-05,0.500923927567,0.500923927567,0.320385783911,0.0,0.0,0.0
2014-04-13 11:44:00,0.332654865437,0,0.0121958870227,0.000148739622091,0.503048933964,0.503048933964,0.320458978415,0.0,0.0,0.0
2014-04-13 11:49:00,0.321182590103,0,0.000512223815361,2.62361652403e-07,0.500128055951,0.500128055951,0.320670366287,0.0,0.0,0.0
2014-04-13 11:54:00,0.330598902116,0,0.00973207891918,9.47131411522e-05,0.502433000527,0.502433000527,0.320866823196,0.0,0.0,0.0
2014-04-13 11:59:00,0.323032957092,0,0.00187305785727,3.50830191564e-06,0.500468264327,0.500468264327,0.321159899235,0.0,0.0,0.0
2014-04-13 12:04:00,0.385801517301,0,0.0643553667596,0.00414161430672,0.516083291175,0.516083291175,0.321446150541,0.0,0.0,0.0
2014-04-13 12:09:00,0.319023828615,0,0.00344582308417,1.18737716548e-05,0.500861454919,0.500861454919,0.322469651699,0.0,0.0,0.0
2014-04-13 12:14:00,0.298895947696,0,0.0244542732224,0.000598011130933,0.506113263658,0.506113263658,0.323350220919,0.0,0.0,0.0
2014-04-13 12:19:00,0.311745718456,0,0.0121055689086,0.000146544451127,0.503026355269,0.503026355269,0.323851287365,0.0,0.0,0.0
2014-04-13 12:24:00,0.313719443245,0,0.0104385994242,0.000108964188257,0.50260962616,0.50260962616,0.324158042669,0.0,0.0,0.0
2014-04-13 12:29:00,0.310327103764,0,0.0139826029235,0.000195512940991,0.503495593778,0.503495593778,0.324309706688,0.0,0.0,0.0
2014-04-13 12:34:00,0.337363021444,0,0.0130836833223,0.000171183113707,0.503270874171,0.503270874171,0.324279338121,0.0,0.0,0.0
2014-04-13 12:39:00,0.307921626678,0,0.0164865766852,0.000271807482932,0.504121550816,0.504121550816,0.324408203363,0.0,0.0,0.0
2014-04-13 12:44:00,0.30115750735,0,0.0231697827081,0.000536838953849,0.505792186557,0.505792186557,0.324327290058,0.0,0.0,0.0
2014-04-13 12:49:00,0.330598902116,0,0.00662116349674,4.38396564277e-05,0.501655284827,0.501655284827,0.323977738619,0.0,0.0,0.0
2014-04-13 12:54:00,0.318304241452,0,0.0054378502034,2.95702229778e-05,0.501359459201,0.501359459201,0.323742091656,0.0,0.0,0.0
2014-04-13 12:59:00,0.317337938691,0,0.00612699136635,3.75401286874e-05,0.50153174305,0.50153174305,0.323464930058,0.0,0.0,0.0
2014-04-13 13:04:00,0.311478443225,0,0.0116636084722,0.000136039932841,0.502915869062,0.502915869062,0.323142051697,0.0,0.0,0.0
2014-04-13 13:09:00,0.358868397788,0,0.0361565128124,0.00130729284137,0.509038143599,0.509038143599,0.322711884975,0.0,0.0,0.0
2014-04-13 13:14:00,0.302822837641,0,0.0199344064695,0.000397380936192,0.504983436592,0.504983436592,0.32275724411,0.0,0.0,0.0
2014-04-13 13:19:00,0.30115750735,0,0.0214022069673,0.000458054593764,0.505350347514,0.505350347514,0.322559714317,0.0,0.0,0.0
2014-04-13 13:24:00,0.339521782931,0,0.0173958116141,0.000302614702377,0.504348843236,0.504348843236,0.322125971317,0.0,0.0,0.0
2014-04-13 13:29:00,0.33976849853,0,0.0178249174257,0.000317727710353,0.504456111371,0.504456111371,0.321943581104,0.0,0.0,0.0
2014-04-13 13:34:00,0.330126030552,0,0.00813339482469,6.61518934066e-05,0.502033337497,0.502033337497,0.321992635727,0.0,0.0,0.0
2014-04-13 13:39:00,0.330557782849,0,0.00842364569553,7.09579835529e-05,0.502105898971,0.502105898971,0.322134137154,0.0,0.0,0.0
2014-04-13 13:44:00,0.30461152573,0,0.0177508972127,0.000315094075631,0.504437607782,0.504437607782,0.322362422943,0.0,0.0,0.0
2014-04-13 13:49:00,0.303809700035,0,0.0185456001531,0.000343939202139,0.504636267156,0.504636267156,0.322355300188,0.0,0.0,0.0
2014-04-13 13:54:00,0.347971792183,0,0.0258450758079,0.000667968182825,0.506460909316,0.506460909316,0.322126716375,0.0,0.0,0.0
2014-04-13 13:59:00,0.298258599067,0,0.0239720380069,0.000574658450205,0.505992722524,0.505992722524,0.322230637074,0.0,0.0,0.0
2014-04-13 14:04:00,0.340488085693,0,0.0184511041099,0.000340442900779,0.504612645166,0.504612645166,0.322036981583,0.0,0.0,0.0
2014-04-13 14:09:00,0.311848516622,0,0.0102351950017,0.000104759121314,0.502558776413,0.502558776413,0.322083711624,0.0,0.0,0.0
2014-04-13 14:14:00,0.323670305722,0,0.00166717957734,2.77946151073e-06,0.500416794798,0.500416794798,0.322003126144,0.0,0.0,0.0
2014-04-13 14:19:00,0.342934682045,0,0.0209841271976,0.000440333009465,0.505245839308,0.505245839308,0.321950554848,0.0,0.0,0.0
2014-04-13 14:24:00,0.3742881227,0,0.0521332431299,0.00271787401289,0.513030359675,0.513030359675,0.32215487957,0.0,0.0,0.0
2014-04-13 14:29:00,0.345299039865,0,0.0223362789398,0.000498909153976,0.505583837584,0.505583837584,0.322962760925,0.0,0.0,0.0
2014-04-13 14:34:00,0.316597791895,0,0.00735962153959,5.41640656593e-05,0.50183989708,0.50183989708,0.323957413435,0.0,0.0,0.0
2014-04-13 14:39:00,0.319496700179,0,0.00526823698353,2.77544149867e-05,0.5013170562,0.5013170562,0.324764937162,0.0,0.0,0.0
2014-04-13 14:44:00,0.319743415777,0,0.00568548732541,3.23246640619e-05,0.501421368003,0.501421368003,0.325428903103,0.0,0.0,0.0
2014-04-13 14:49:00,0.318530397418,0,0.00742821216328,5.51781413378e-05,0.501857044502,0.501857044502,0.325958609581,0.0,0.0,0.0
2014-04-13 14:54:00,0.3332510948,0,0.00690469740057,4.76747627545e-05,0.501726167492,0.501726167492,0.3263463974,0.0,0.0,0.0
2014-04-13 14:59:00,0.318777113016,0,0.00800141805822,6.40226717223e-05,0.502000343842,0.502000343842,0.326778531075,0.0,0.0,0.0
2014-04-13 15:04:00,0.350870700467,0,0.0237992721678,0.000566405244172,0.505949537224,0.505949537224,0.327071428299,0.0,0.0,0.0
2014-04-13 15:09:00,0.313925039577,0,0.0136961223604,0.000187584082596,0.503423977067,0.503423977067,0.327621161938,0.0,0.0,0.0
2014-04-13 15:14:00,0.309607516602,0,0.0183438848702,0.000336498516845,0.504585842624,0.504585842624,0.327951401472,0.0,0.0,0.0
2014-04-13 15:19:00,0.361191636341,0,0.0331636130983,0.00109982478898,0.508290143479,0.508290143479,0.328028023243,0.0,0.0,0.0
2014-04-13 15:24:00,0.318407039618,0,0.0100887012721,0.000101782112324,0.502522153926,0.502522153926,0.328495740891,0.0,0.0,0.0
2014-04-13 15:29:00,0.316906186394,0,0.0118893360578,0.000141356373206,0.502972299002,0.502972299002,0.328795522451,0.0,0.0,0.0
2014-04-13 15:34:00,0.344147700405,0,0.0152253690719,0.000231812213315,0.50380626874,0.50380626874,0.328922331333,0.0,0.0,0.0
2014-04-13 15:39:00,0.318879911182,0,0.0103398771305,0.000106913241325,0.502584946252,0.502584946252,0.329219788313,0.0,0.0,0.0
2014-04-13 15:44:00,0.313945599211,0,0.0154174786684,0.00023769888503,0.503854293321,0.503854293321,0.329363077879,0.0,0.0,0.0
2014-04-13 15:49:00,0.319188305681,0,0.0101180285765,0.000102374680864,0.502529485565,0.502529485565,0.329306334257,0.0,0.0,0.0
2014-04-13 15:54:00,0.337609737042,0,0.00847649467359,7.18509836588e-05,0.50211911098,0.50211911098,0.329133242369,0.0,0.0,0.0
2014-04-13 15:59:00,0.327473837867,0,0.00160579012399,2.57852593677e-06,0.500401447445,0.500401447445,0.329079627991,0.0,0.0,0.0
2014-04-13 16:04:00,0.332058636074,0,0.00304665935503,9.2821474027e-06,0.50076166425,0.50076166425,0.329011976719,0.0,0.0,0.0
2014-04-13 16:09:00,0.314685746006,0,0.0143020908315,0.000204550204217,0.503575461761,0.503575461761,0.328987836838,0.0,0.0,0.0
2014-04-13 16:14:00,0.327083204836,0,0.00171020165089,2.92480558528e-06,0.500427550309,0.500427550309,0.328793406487,0.0,0.0,0.0
2014-04-13 16:19:00,0.319990131376,0,0.00860759306166,7.40907125873e-05,0.502151884979,0.502151884979,0.328597724438,0.0,0.0,0.0
2014-04-13 16:24:00,0.30646189272,0,0.0218555706781,0.000477665627841,0.505463675187,0.505463675187,0.328317463398,0.0,0.0,0.0
2014-04-13 16:29:00,0.374061966735,0,0.0462608583742,0.00214006751776,0.511563152507,0.511563152507,0.32780110836,0.0,0.0,0.0
2014-04-13 16:34:00,0.312691461584,0,0.0152038817194,0.00023115836666,0.503800897213,0.503800897213,0.327895343304,0.0,0.0,0.0
2014-04-13 16:39:00,0.316124920331,0,0.0116716580759,0.000136227696203,0.502917881394,0.502917881394,0.327796578407,0.0,0.0,0.0
2014-04-13 16:44:00,0.326589773638,0,0.000976969258595,9.54489451033e-07,0.500244242295,0.500244242295,0.327566742897,0.0,0.0,0.0
2014-04-13 16:49:00,0.309607516602,0,0.0177404772488,0.000314724922646,0.504435002996,0.504435002996,0.327347993851,0.0,0.0,0.0
2014-04-13 16:54:00,0.337363021444,0,0.0104262996419,0.000108707994514,0.502606551298,0.502606551298,0.326936721802,0.0,0.0,0.0
2014-04-13 16:59:00,0.354489195913,0,0.0277967339453,0.000772659026552,0.506948736075,0.506948736075,0.326692461967,0.0,0.0,0.0
2014-04-13 17:04:00,0.298196920167,0,0.0286116516485,0.000818627071567,0.507152424988,0.507152424988,0.326808571815,0.0,0.0,0.0
2014-04-13 17:09:00,0.320216287341,0,0.00635106447665,4.03358826588e-05,0.501587760782,0.501587760782,0.326567351818,0.0,0.0,0.0
2014-04-13 17:14:00,0.328296223195,0,0.00202284148533,4.09185167882e-06,0.500505710199,0.500505710199,0.32627338171,0.0,0.0,0.0
2014-04-13 17:19:00,0.334546351693,0,0.0085132065038,7.24747806089e-05,0.502128288772,0.502128288772,0.326033145189,0.0,0.0,0.0
2014-04-13 17:24:00,0.314624067107,0,0.0112957994552,0.000127594990772,0.502823919837,0.502823919837,0.325919866562,0.0,0.0,0.0
2014-04-13 17:29:00,0.335656571887,0,0.00997542192719,9.95092705125e-05,0.502493834802,0.502493834802,0.32568114996,0.0,0.0,0.0
2014-04-13 17:34:00,0.328830773659,0,0.00324376923586,1.05220706246e-05,0.500810941598,0.500810941598,0.325587004423,0.0,0.0,0.0
2014-04-13 17:39:00,0.297353975205,0,0.0281875210718,0.000794535910245,0.507046413721,0.507046413721,0.325541496277,0.0,0.0,0.0
2014-04-13 17:44:00,0.319167746047,0,0.00599144603786,3.5897581256e-05,0.501497857029,0.501497857029,0.325159192085,0.0,0.0,0.0
2014-04-13 17:49:00,0.31873599375,0,0.0060064128568,3.60770754924e-05,0.5015015987,0.5015015987,0.324742406607,0.0,0.0,0.0
2014-04-13 17:54:00,0.362692489566,0,0.0383981608764,0.00147441762965,0.509598360914,0.509598360914,0.32429432869,0.0,0.0,0.0
2014-04-13 17:59:00,0.300437920188,0,0.0239184569373,0.000572092249058,0.505979329176,0.505979329176,0.324356377125,0.0,0.0,0.0
2014-04-13 18:04:00,0.320791957071,0,0.00333065063649,1.10932160169e-05,0.500832661889,0.500832661889,0.324122607708,0.0,0.0,0.0
2014-04-13 18:09:00,0.346882131623,0,0.023010429667,0.00052947999211,0.505752353606,0.505752353606,0.323871701956,0.0,0.0,0.0
2014-04-13 18:14:00,0.304056415634,0,0.0198682748515,0.000394748727558,0.504966905324,0.504966905324,0.323924690485,0.0,0.0,0.0
2014-04-13 18:19:00,0.358087131726,0,0.0343554708827,0.0011802976951,0.508588023035,0.508588023035,0.323731660843,0.0,0.0,0.0
2014-04-13 18:24:00,0.286436809967,0,0.0375372629659,0.00140904716682,0.509383213986,0.509383213986,0.323974072933,0.0,0.0,0.0
2014-04-13 18:29:00,0.343160838011,0,0.0194230378893,0.000377254385967,0.504855606823,0.504855606823,0.323737800121,0.0,0.0,0.0
2014-04-13 18:34:00,0.360842122577,0,0.0370819111088,0.00137506704777,0.509269415628,0.509269415628,0.323760211468,0.0,0.0,0.0
2014-04-13 18:39:00,0.314315672608,0,0.00991326978586,9.82728379313e-05,0.502478297151,0.502478297151,0.324228942394,0.0,0.0,0.0
2014-04-13 18:44:00,0.330783938815,0,0.00625286047591,3.90981949749e-05,0.501563210026,0.501563210026,0.324531078339,0.0,0.0,0.0
2014-04-13 18:49:00,0.304899360595,0,0.0199794214385,0.000399177108193,0.504994689214,0.504994689214,0.324878782034,0.0,0.0,0.0
2014-04-13 18:54:00,0.338082608606,0,0.0131327778358,0.000172469925019,0.503283147272,0.503283147272,0.32494983077,0.0,0.0,0.0
2014-04-13 18:59:00,0.329694278254,0,0.00452137710051,2.04427851713e-05,0.50113034235,0.50113034235,0.325172901154,0.0,0.0,0.0
2014-04-13 19:04:00,0.308394498242,0,0.0170341068375,0.000290161027806,0.504258423741,0.504258423741,0.32542860508,0.0,0.0,0.0
2014-04-13 19:09:00,0.358601122556,0,0.0331489736416,0.00109885446727,0.508286484621,0.508286484621,0.325452148914,0.0,0.0,0.0
2014-04-13 19:14:00,0.297292296305,0,0.0285829263775,0.000816983927507,0.507145245139,0.507145245139,0.325875222683,0.0,0.0,0.0
2014-04-13 19:19:00,0.331565204877,0,0.00565570952305,3.19870086969e-05,0.501413923612,0.501413923612,0.325909495354,0.0,0.0,0.0
2014-04-13 19:24:00,0.327699993832,0,0.00169107793093,2.85972851088e-06,0.500422769382,0.500422769382,0.326008915901,0.0,0.0,0.0
2014-04-13 19:29:00,0.336150003084,0,0.0100310272062,0.000100621255115,0.502507735774,0.502507735774,0.326118975878,0.0,0.0,0.0
2014-04-13 19:34:00,0.337835893008,0,0.011496081921,0.000132159562781,0.502873988828,0.502873988828,0.326339811087,0.0,0.0,0.0
2014-04-13 19:39:00,0.333024938835,0,0.0063466925754,4.02806326747e-05,0.501586667818,0.501586667818,0.32667824626,0.0,0.0,0.0
2014-04-13 19:44:00,0.357984333559,0,0.030924230143,0.00095630803844,0.507730441489,0.507730441489,0.327060103416,0.0,0.0,0.0
2014-04-13 19:49:00,0.294084993524,0,0.0336943591412,0.00113530969247,0.508422792927,0.508422792927,0.327779352665,0.0,0.0,0.0
2014-04-13 19:54:00,0.3450728839,0,0.0170556192952,0.000290894531645,0.504263801465,0.504263801465,0.328017264605,0.0,0.0,0.0
2014-04-13 19:59:00,0.317954727688,0,0.0104838523485,0.000109911343316,0.502620939081,0.502620939081,0.328438580036,0.0,0.0,0.0
2014-04-13 20:04:00,0.313945599211,0,0.0147449296591,0.000217413180508,0.50368616563,0.50368616563,0.32869052887,0.0,0.0,0.0
2014-04-13 20:09:00,0.338761076502,0,0.0100229235216,0.000100459292298,0.502505709904,0.502505709904,0.328738152981,0.0,0.0,0.0
2014-04-13 20:14:00,0.339295626966,0,0.0103927267471,0.000108008745883,0.502598158301,0.502598158301,0.328902900219,0.0,0.0,0.0
2014-04-13 20:19:00,0.293920516458,0,0.0352571611734,0.00124306732323,0.508813377344,0.508813377344,0.329177677631,0.0,0.0,0.0
2014-04-13 20:24:00,0.314911901972,0,0.0140842199117,0.000198365247343,0.503520996775,0.503520996775,0.328996121883,0.0,0.0,0.0
2014-04-13 20:29:00,0.317091223093,0,0.0115700995011,0.00013386712817,0.502892492608,0.502892492608,0.328661322594,0.0,0.0,0.0
2014-04-13 20:34:00,0.316453874463,0,0.0117651816666,0.000138419505674,0.502941261489,0.502941261489,0.328219056129,0.0,0.0,0.0
2014-04-13 20:39:00,0.344353296737,0,0.0166755401893,0.000278073363006,0.504168788445,0.504168788445,0.327677756548,0.0,0.0,0.0
2014-04-13 20:44:00,0.311272846892,0,0.0161206253023,0.000259874155745,0.50403006905,0.50403006905,0.327393472195,0.0,0.0,0.0
2014-04-13 20:49:00,0.298772589897,0,0.0281686916601,0.000793474435341,0.507041707303,0.507041707303,0.326941281557,0.0,0.0,0.0
2014-04-13 20:54:00,0.330598902116,0,0.00440738738513,1.94249641936e-05,0.501101845063,0.501101845063,0.32619151473,0.0,0.0,0.0
2014-04-13 20:59:00,0.332284792039,0,0.00671462592832,4.50860170531e-05,0.501678650175,0.501678650175,0.325570166111,0.0,0.0,0.0
2014-04-13 21:04:00,0.309463599169,0,0.0156288953184,0.000244262657361,0.503907144299,0.503907144299,0.325092494488,0.0,0.0,0.0
2014-04-13 21:09:00,0.334505232427,0,0.010033132884,0.000100663710327,0.50250826218,0.50250826218,0.324472099543,0.0,0.0,0.0
2014-04-13 21:14:00,0.329529801188,0,0.00549403744781,3.01843465422e-05,0.501373505907,0.501373505907,0.324035763741,0.0,0.0,0.0
2014-04-13 21:19:00,0.324328213985,0,0.00061830883711,3.8230575683e-07,0.500154577204,0.500154577204,0.323709905148,0.0,0.0,0.0
2014-04-13 21:24:00,0.308394498242,0,0.0150295430291,0.000225887357374,0.50375731503,0.50375731503,0.323424041271,0.0,0.0,0.0
2014-04-13 21:29:00,0.304056415634,0,0.0189269088942,0.000358228251571,0.504731585976,0.504731585976,0.322983324528,0.0,0.0,0.0
2014-04-13 21:34:00,0.324574929583,0,0.00221918236036,4.9247169045e-06,0.500554795362,0.500554795362,0.322355747223,0.0,0.0,0.0
2014-04-13 21:39:00,0.330002672752,0,0.00818491705316,6.69927467243e-05,0.50204621784,0.50204621784,0.321817755699,0.0,0.0,0.0
2014-04-13 21:44:00,0.337363021444,0,0.0159297157033,0.000253756268648,0.503982344714,0.503982344714,0.32143330574,0.0,0.0,0.0
2014-04-13 21:49:00,0.33101009478,0,0.00972839345354,9.46418003878e-05,0.502432079182,0.502432079182,0.321281701326,0.0,0.0,0.0
2014-04-13 21:54:00,0.378009416312,0,0.0567453281582,0.00322003150359,0.514182526561,0.514182526561,0.321264088154,0.0,0.0,0.0
2014-04-13 21:59:00,0.265979974917,0,0.0559599405014,0.00313151488081,0.513986335448,0.513986335448,0.321939915419,0.0,0.0,0.0
2014-04-13 22:04:00,0.318982709348,0,0.00288350492689,8.31453689898e-06,0.500720875732,0.500720875732,0.321866214275,0.0,0.0,0.0
2014-04-13 22:09:00,0.332058636074,0,0.0102938987063,0.000105964398244,0.502573451952,0.502573451952,0.321764737368,0.0,0.0,0.0
2014-04-13 22:14:00,0.330845617714,0,0.00904693550135,8.18471598905e-05,0.502261718449,0.502261718449,0.321798682213,0.0,0.0,0.0
2014-04-13 22:19:00,0.300931351385,0,0.0210081169991,0.000441340438556,0.505251836097,0.505251836097,0.321939468384,0.0,0.0,0.0
2014-04-13 22:24:00,0.337363021444,0,0.0155527163251,0.000241887391894,0.503888100708,0.503888100708,0.321810305119,0.0,0.0,0.0
2014-04-13 22:29:00,0.30767491108,0,0.0142085885428,0.000201883885893,0.503552087377,0.503552087377,0.321883499622,0.0,0.0,0.0
2014-04-13 22:34:00,0.309134645038,0,0.0126415662238,0.000159809511388,0.503160349468,0.503160349468,0.321776211262,0.0,0.0,0.0
2014-04-13 22:39:00,0.332058636074,0,0.0105331219481,0.000110946704808,0.502633256141,0.502633256141,0.321525514126,0.0,0.0,0.0
2014-04-13 22:44:00,0.309484158803,0,0.0119440805429,0.000142661170685,0.502985984637,0.502985984637,0.321428239346,0.0,0.0,0.0
2014-04-13 22:49:00,0.318263122186,0,0.00293182458,8.59564624989e-06,0.50073295562,0.50073295562,0.321194946766,0.0,0.0,0.0
2014-04-13 22:54:00,0.356915232632,0,0.035966155026,0.00129356456455,0.508990569621,0.508990569621,0.320949077606,0.0,0.0,0.0
2014-04-13 22:59:00,0.312506424885,0,0.0086602692789,7.50000472181e-05,0.502165053788,0.502165053788,0.321166694164,0.0,0.0,0.0
2014-04-13 23:04:00,0.323608626822,0,0.00235169122563,5.53049903829e-06,0.500587922535,0.500587922535,0.321256935596,0.0,0.0,0.0
2014-04-13 23:09:00,0.323711424988,0,0.0023445188221,5.49676906303e-06,0.500586129437,0.500586129437,0.321366906166,0.0,0.0,0.0
2014-04-13 23:14:00,0.322991837826,0,0.00149722870811,2.24172435992e-06,0.500374307107,0.500374307107,0.321494609118,0.0,0.0,0.0
2014-04-13 23:19:00,0.315754846934,0,0.00587300836737,3.44920663338e-05,0.501468247872,0.501468247872,0.321627855301,0.0,0.0,0.0
2014-04-13 23:24:00,0.315652048767,0,0.00602402669108,3.6288973206e-05,0.501506002119,0.501506002119,0.321676075459,0.0,0.0,0.0
2014-04-13 23:29:00,0.337363021444,0,0.015717254947,0.000247032527113,0.50392923285,0.50392923285,0.321645766497,0.0,0.0,0.0
2014-04-13 23:34:00,0.307160920249,0,0.0146499213112,0.000214620376937,0.503662414826,0.503662414826,0.32181084156,0.0,0.0,0.0
2014-04-13 23:39:00,0.318078085487,0,0.0037020000767,1.3704912817e-05,0.500925498962,0.500925498962,0.321780085564,0.0,0.0,0.0
2014-04-13 23:44:00,0.333497810399,0,0.0117907405253,0.00013902183855,0.502947650982,0.502947650982,0.321707069874,0.0,0.0,0.0
2014-04-13 23:49:00,0.303048993606,0,0.0187367842013,0.000351066904841,0.504684059016,0.504684059016,0.321785777807,0.0,0.0,0.0
2014-04-13 23:54:00,0.345545755464,0,0.0239187644302,0.000572107906919,0.505979406038,0.505979406038,0.321626991034,0.0,0.0,0.0
2014-04-13 23:59:00,0.322272250663,0,0.000495026122338,2.45041405833e-07,0.500123756528,0.500123756528,0.321777224541,0.0,0.0,0.0
2014-04-14 00:04:00,0.328255103929,0,0.00633649717083,4.01513607358e-05,0.501584118992,0.501584118992,0.321918606758,0.0,0.0,0.0
2014-04-14 00:09:00,0.33446411316,0,0.0123404664241,0.000152286855155,0.503085077455,0.503085077455,0.322123646736,0.0,0.0,0.0
2014-04-14 00:14:00,0.317810810255,0,0.00464888746824,2.16122152779e-05,0.501162219774,0.501162219774,0.322459697723,0.0,0.0,0.0
2014-04-14 00:19:00,0.356319003269,0,0.0336137940138,0.00112988764886,0.508402657347,0.508402657347,0.322705209255,0.0,0.0,0.0
2014-04-14 00:24:00,0.317934168054,0,0.00540457897009,2.92096101475e-05,0.501351141454,0.501351141454,0.323338747025,0.0,0.0,0.0
2014-04-14 00:29:00,0.351590287629,0,0.0277474641239,0.000769921112806,0.506936420995,0.506936420995,0.323842823505,0.0,0.0,0.0
2014-04-14 00:34:00,0.300807993585,0,0.0238292406256,0.000567833252717,0.505957028276,0.505957028276,0.324637234211,0.0,0.0,0.0
2014-04-14 00:39:00,0.328357902095,0,0.0032983391735,1.08790618469e-05,0.500824584046,0.500824584046,0.325059562922,0.0,0.0,0.0
2014-04-14 00:44:00,0.311786837723,0,0.0136935637931,0.000187513884157,0.503423337455,0.503423337455,0.325480401516,0.0,0.0,0.0
2014-04-14 00:49:00,0.324245975452,0,0.00144491986719,2.08775327337e-06,0.500361229904,0.500361229904,0.325690895319,0.0,0.0,0.0
2014-04-14 00:54:00,0.351590287629,0,0.0257275819217,0.000661907834001,0.506431540727,0.506431540727,0.325862705708,0.0,0.0,0.0
2014-04-14 00:59:00,0.307325397315,0,0.0190083937026,0.000361319194781,0.504751955346,0.504751955346,0.326333791018,0.0,0.0,0.0
2014-04-14 01:04:00,0.320442443307,0,0.00608151632988,3.69849039998e-05,0.501520374397,0.501520374397,0.326523959637,0.0,0.0,0.0
2014-04-14 01:09:00,0.356421801435,0,0.0298014610878,0.000888126902282,0.507449813915,0.507449813915,0.326620340347,0.0,0.0,0.0
2014-04-14 01:14:00,0.302925635807,0,0.0241482362827,0.000583136803471,0.506036765718,0.506036765718,0.327073872089,0.0,0.0,0.0
2014-04-14 01:19:00,0.330845617714,0,0.00366082138087,1.34016609081e-05,0.500915204323,0.500915204323,0.327184796333,0.0,0.0,0.0
2014-04-14 01:24:00,0.306112378955,0,0.0212173758742,0.000450177030871,0.505304144986,0.505304144986,0.327329754829,0.0,0.0,0.0
2014-04-14 01:29:00,0.318057525854,0,0.00914139678039,8.35649334476e-05,0.502285333281,0.502285333281,0.327198922634,0.0,0.0,0.0
2014-04-14 01:34:00,0.346923250889,0,0.0199547598118,0.000398192874854,0.504988524421,0.504988524421,0.326968491077,0.0,0.0,0.0
2014-04-14 01:39:00,0.378729003475,0,0.0517220674013,0.00267517357133,0.512927635008,0.512927635008,0.327006936073,0.0,0.0,0.0
2014-04-14 01:44:00,0.332695984704,0,0.00501819835338,2.5182376703e-05,0.501254546956,0.501254546956,0.32767778635,0.0,0.0,0.0
2014-04-14 01:49:00,0.296572709143,0,0.0317709802988,0.00100939476397,0.507942077028,0.507942077028,0.328343689442,0.0,0.0,0.0
2014-04-14 01:54:00,0.337630296676,0,0.00907852741892,8.24197486509e-05,0.502269616266,0.502269616266,0.328551769257,0.0,0.0,0.0
2014-04-14 01:59:00,0.319023828615,0,0.00982709635382,9.65720391832e-05,0.502456754317,0.502456754317,0.328850924969,0.0,0.0,0.0
2014-04-14 02:04:00,0.332284792039,0,0.00328557071439,1.07948853838e-05,0.50082139194,0.50082139194,0.328999221325,0.0,0.0,0.0
2014-04-14 02:09:00,0.321305947902,0,0.00786731898578,6.18945123279e-05,0.501966819602,0.501966819602,0.329173266888,0.0,0.0,0.0
2014-04-14 02:14:00,0.35498262711,0,0.0257496363682,0.000663043116219,0.506437053425,0.506437053425,0.329232990742,0.0,0.0,0.0
2014-04-14 02:19:00,0.292707498098,0,0.0368967103712,0.00136136694346,0.509223131277,0.509223131277,0.329604208469,0.0,0.0,0.0
2014-04-14 02:24:00,0.311293406526,0,0.0181900727358,0.000330879236571,0.504547392798,0.504547392798,0.329483479261,0.0,0.0,0.0
2014-04-14 02:29:00,0.328913012192,0,0.000237604930788,5.64603723774e-08,0.500059401232,0.500059401232,0.329150617123,0.0,0.0,0.0
2014-04-14 02:34:00,0.324019819486,0,0.00482818485471,2.33113696595e-05,0.501207043869,0.501207043869,0.328848004341,0.0,0.0,0.0
2014-04-14 02:39:00,0.341207672855,0,0.01269172599,0.000161080170074,0.503172888907,0.503172888907,0.328515946865,0.0,0.0,0.0
2014-04-14 02:44:00,0.328666296593,0,0.000292715422233,8.56840642882e-08,0.500073178855,0.500073178855,0.328373581171,0.0,0.0,0.0
2014-04-14 02:49:00,0.294886819219,0,0.0333622180466,0.00111303699668,0.508339780985,0.508339780985,0.328249037266,0.0,0.0,0.0
2014-04-14 02:54:00,0.340488085693,0,0.0127627050334,0.000162886397447,0.503190632949,0.503190632949,0.327725380659,0.0,0.0,0.0
2014-04-14 02:59:00,0.320154608442,0,0.00725686435561,5.26620970049e-05,0.501814208127,0.501814208127,0.327411472797,0.0,0.0,0.0
2014-04-14 03:04:00,0.331318489278,0,0.00427924748738,1.8312030079e-05,0.501069810239,0.501069810239,0.327039241791,0.0,0.0,0.0
2014-04-14 03:09:00,0.333497810399,0,0.00674085620595,4.54393011751e-05,0.50168520767,0.50168520767,0.326756954193,0.0,0.0,0.0
2014-04-14 03:14:00,0.368963177697,0,0.0423771100204,0.00179581984412,0.510592692339,0.510592692339,0.326586067677,0.0,0.0,0.0
2014-04-14 03:19:00,0.310327103764,0,0.0166282742911,0.000276499195024,0.50415697279,0.50415697279,0.326955378056,0.0,0.0,0.0
2014-04-14 03:24:00,0.314685746006,0,0.0123968879659,0.000153683169628,0.503099182301,0.503099182301,0.327082633972,0.0,0.0,0.0
2014-04-14 03:29:00,0.361253315241,0,0.0342092454739,0.00117027293891,0.508551477422,0.508551477422,0.327044069767,0.0,0.0,0.0
2014-04-14 03:34:00,0.310943892761,0,0.016487786011,0.000271846802207,0.504121853127,0.504121853127,0.327431678772,0.0,0.0,0.0
2014-04-14 03:39:00,0.331441847077,0,0.00386485218151,1.49371007865e-05,0.500966211843,0.500966211843,0.327576994896,0.0,0.0,0.0
2014-04-14 03:44:00,0.356257324369,0,0.028501694353,0.000812346290331,0.507124941268,0.507124941268,0.327755630016,0.0,0.0,0.0
2014-04-14 03:49:00,0.300684635786,0,0.0275837729892,0.000760864815675,0.506895506041,0.506895506041,0.328268408775,0.0,0.0,0.0
2014-04-14 03:54:00,0.352803305989,0,0.0244141382034,0.000596050813328,0.506103231401,0.506103231401,0.328389167786,0.0,0.0,0.0
2014-04-14 03:59:00,0.321182590103,0,0.00761680665072,5.80159139645e-05,0.501904192457,0.501904192457,0.328799396753,0.0,0.0,0.0
2014-04-14 04:04:00,0.36777071897,0,0.0386960679675,0.00149738660548,0.509672810028,0.509672810028,0.329074651003,0.0,0.0,0.0
2014-04-14 04:09:00,0.323361911224,0,0.0064381283063,4.14495953009e-05,0.501609526517,0.501609526517,0.32980003953,0.0,0.0,0.0
2014-04-14 04:14:00,0.339110590267,0,0.00873688583363,7.63330463087e-05,0.502184207564,0.502184207564,0.330373704433,0.0,0.0,0.0
2014-04-14 04:19:00,0.299718333025,0,0.0312799386788,0.000978435389698,0.50781934712,0.50781934712,0.330998271704,0.0,0.0,0.0
2014-04-14 04:24:00,0.319990131376,0,0.0111834673903,0.000125070015201,0.502795837708,0.502795837708,0.331173598766,0.0,0.0,0.0
2014-04-14 04:29:00,0.332531507638,0,0.00133835854809,1.79121468591e-06,0.500334589587,0.500334589587,0.33119314909,0.0,0.0,0.0
2014-04-14 04:34:00,0.322518966262,0,0.00870836609195,7.58354944992e-05,0.502177077765,0.502177077765,0.331227332354,0.0,0.0,0.0
2014-04-14 04:39:00,0.33689014988,0,0.00573982672718,3.29457398038e-05,0.501434952742,0.501434952742,0.331150323153,0.0,0.0,0.0
2014-04-14 04:44:00,0.282838874154,0,0.0483132073351,0.00233416538686,0.512075952985,0.512075952985,0.33115208149,0.0,0.0,0.0
2014-04-14 04:49:00,0.314870782705,0,0.0156856099644,0.000246038602199,0.503921322092,0.503921322092,0.33055639267,0.0,0.0,0.0
2014-04-14 04:54:00,0.344188819671,0,0.0143625839003,0.000206283526495,0.503590584252,0.503590584252,0.329826235771,0.0,0.0,0.0
2014-04-14 04:59:00,0.319270544213,0,0.0100759635742,0.000101524899947,0.502518969582,0.502518969582,0.329346507788,0.0,0.0,0.0
2014-04-14 05:04:00,0.317029544193,0,0.0117604052242,0.00013830732496,0.50294006742,0.50294006742,0.328789949417,0.0,0.0,0.0
2014-04-14 05:09:00,0.335307058122,0,0.00716364028685,5.13177947141e-05,0.501790902413,0.501790902413,0.328143417835,0.0,0.0,0.0
2014-04-14 05:14:00,0.319681736878,0,0.00796821410333,6.34924872429e-05,0.501992042986,0.501992042986,0.327649950981,0.0,0.0,0.0
2014-04-14 05:19:00,0.32915972779,0,0.00205271551858,4.21367712988e-06,0.500513178699,0.500513178699,0.327107012272,0.0,0.0,0.0
2014-04-14 05:24:00,0.368243590534,0,0.0416000639802,0.0017305664951,0.510398516429,0.510398516429,0.326643526554,0.0,0.0,0.0
2014-04-14 05:29:00,0.30467320463,0,0.0220684013671,0.000487014767714,0.505516876444,0.505516876444,0.326741605997,0.0,0.0,0.0
2014-04-14 05:34:00,0.307428195481,0,0.019128606315,0.000365904124919,0.504782005767,0.504782005767,0.326556801796,0.0,0.0,0.0
2014-04-14 05:39:00,0.323115195625,0,0.00303852976076,9.23263814911e-06,0.500759631856,0.500759631856,0.326153725386,0.0,0.0,0.0
2014-04-14 05:44:00,0.326692571805,0,0.000939419434066,8.82526478563e-07,0.500234854841,0.500234854841,0.32575315237,0.0,0.0,0.0
2014-04-14 05:49:00,0.321922736898,0,0.0034814004746,1.212006282e-05,0.50087034924,0.50087034924,0.325404137373,0.0,0.0,0.0
2014-04-14 05:54:00,0.335265938856,0,0.0102191909328,0.000104431775981,0.5025547755,0.5025547755,0.325046747923,0.0,0.0,0.0
2014-04-14 05:59:00,0.338062048973,0,0.0132104168548,0.000174515080289,0.503302556185,0.503302556185,0.324851632118,0.0,0.0,0.0
2014-04-14 06:04:00,0.301650938547,0,0.0231888322467,0.000537721789442,0.505796948302,0.505796948302,0.324839770794,0.0,0.0,0.0
2014-04-14 06:09:00,0.337116305845,0,0.012574737089,0.000158123890287,0.503143642849,0.503143642849,0.324541568756,0.0,0.0,0.0
2014-04-14 06:14:00,0.332469828738,0,0.00804073394684,6.46532789688e-05,0.502010172656,0.502010172656,0.324429094791,0.0,0.0,0.0
2014-04-14 06:19:00,0.306338534921,0,0.0180890101501,0.000327211804688,0.50452212923,0.50452212923,0.324427545071,0.0,0.0,0.0
2014-04-14 06:24:00,0.356915232632,0,0.032713559363,0.00107017718256,0.508177660558,0.508177660558,0.324201673269,0.0,0.0,0.0
2014-04-14 06:29:00,0.308044984477,0,0.0163593147817,0.000267627649009,0.504089737485,0.504089737485,0.324404299259,0.0,0.0,0.0
2014-04-14 06:34:00,0.339645140731,0,0.0152614646786,0.000232912498177,0.503815292118,0.503815292118,0.324383676052,0.0,0.0,0.0
2014-04-14 06:39:00,0.29585312198,0,0.0287014405884,0.000823773501907,0.507174867616,0.507174867616,0.324554562569,0.0,0.0,0.0
2014-04-14 06:44:00,0.323115195625,0,0.0012369495701,1.53003395553e-06,0.500309237353,0.500309237353,0.324352145195,0.0,0.0,0.0
2014-04-14 06:49:00,0.332284792039,0,0.00813023624173,6.61005178699e-05,0.502032547864,0.502032547864,0.324154555798,0.0,0.0,0.0
2014-04-14 06:54:00,0.32519171858,0,0.00111411237857,1.24121925182e-06,0.500278528066,0.500278528066,0.324077606201,0.0,0.0,0.0
2014-04-14 06:59:00,0.325541232344,0,0.00151902866056,2.30743512475e-06,0.500379757092,0.500379757092,0.324022203684,0.0,0.0,0.0
2014-04-14 07:04:00,0.342914122412,0,0.0189229429458,0.000358078221325,0.504730594577,0.504730594577,0.323991179466,0.0,0.0,0.0
2014-04-14 07:09:00,0.341577746253,0,0.0173792022276,0.000302036409266,0.504344691203,0.504344691203,0.324198544025,0.0,0.0,0.0
2014-04-14 07:14:00,0.348382984848,0,0.0237815730281,0.000565562979318,0.505945113065,0.505945113065,0.324601411819,0.0,0.0,0.0
2014-04-14 07:19:00,0.335430415921,0,0.0101705813934,0.000103440674138,0.502542623431,0.502542623431,0.325259834528,0.0,0.0,0.0
2014-04-14 07:24:00,0.320072369909,0,0.00590692248381,3.48915818904e-05,0.501476726327,0.501476726327,0.325979292393,0.0,0.0,0.0
2014-04-14 07:29:00,0.331565204877,0,0.00501159192928,2.51160181506e-05,0.50125289536,0.50125289536,0.326553612947,0.0,0.0,0.0
2014-04-14 07:34:00,0.308723452374,0,0.0184097263373,0.000338918121997,0.504602301601,0.504602301601,0.327133178711,0.0,0.0,0.0
2014-04-14 07:39:00,0.342667406813,0,0.0152419269245,0.000232316160691,0.503810407963,0.503810407963,0.327425479889,0.0,0.0,0.0
2014-04-14 07:44:00,0.305022718395,0,0.0228559356084,0.000522393849678,0.505713735169,0.505713735169,0.327878654003,0.0,0.0,0.0
2014-04-14 07:49:00,0.317091223093,1,0.0109102760834,0.000119034048112,0.502727541965,0.502727541965,0.328001499176,-1.0,0.858908670438,0.858908670438
2014-04-14 07:54:00,0.360533728078,1,0.0325577098879,0.00106000353117,0.508138708562,0.508138708562,0.32797601819,0.0,0.0,0.0
2014-04-14 07:59:00,0.293673800859,1,0.034685296383,0.0012030688813,0.50867045485,0.50867045485,0.328359097242,0.0,0.0,0.0
2014-04-14 08:04:00,0.322148892864,1,0.00612249614382,3.74850023945e-05,0.501530619255,0.501530619255,0.328271389008,0.0,0.0,0.0
2014-04-14 08:09:00,0.361500030839,1,0.0333840013385,0.00111449114047,0.508345225292,0.508345225292,0.328116029501,0.0,0.0,0.0
2014-04-14 08:14:00,0.357634819795,1,0.0292424631607,0.000855121237691,0.507310094879,0.507310094879,0.328392356634,0.0,0.0,0.0
2014-04-14 08:19:00,0.294681222887,1,0.0343241377163,0.00117814657278,0.508580192052,0.508580192052,0.329005360603,0.0,0.0,0.0
2014-04-14 08:24:00,0.316844507494,1,0.0122848307705,0.000150917418068,0.503071169068,0.503071169068,0.329129338264,0.0,0.0,0.0
2014-04-14 08:29:00,0.314377351508,1,0.014710531726,0.000216400148929,0.503677566613,0.503677566613,0.329087883234,0.0,0.0,0.0
2014-04-14 08:34:00,0.31515861757,1,0.0137085794665,0.000187925485079,0.503427091197,0.503427091197,0.328867197037,0.0,0.0,0.0
2014-04-14 08:39:00,0.369333251095,1,0.0408356028557,0.00166754529346,0.510207482299,0.510207482299,0.328497648239,0.0,0.0,0.0
2014-04-14 08:44:00,0.285963938403,1,0.042710020375,0.00182414462324,0.510675882279,0.510675882279,0.328673958778,0.0,0.0,0.0
2014-04-14 08:49:00,0.305742305557,1,0.022558826168,0.000508901197463,0.505639467383,0.505639467383,0.328301131725,0.0,0.0,0.0
2014-04-14 08:54:00,0.335903287485,1,0.00821831877541,6.75407572999e-05,0.50205456813,0.50205456813,0.32768496871,0.0,0.0,0.0
2014-04-14 08:59:00,0.347005489422,1,0.0197730093729,0.000390971777961,0.504943091293,0.504943091293,0.327232480049,0.0,0.0,0.0
2014-04-14 09:04:00,0.319990131376,1,0.00708111810896,5.01422764501e-05,0.50177027213,0.50177027213,0.327071249485,0.0,0.0,0.0
2014-04-14 09:09:00,0.342297333416,1,0.0154593765102,0.000238992695813,0.503864767157,0.503864767157,0.326837956905,0.0,0.0,0.0
2014-04-14 09:14:00,0.353564012418,1,0.0267435792782,0.000715219648555,0.506685496358,0.506685496358,0.32682043314,0.0,0.0,0.0
2014-04-14 09:19:00,0.304776002796,1,0.0223616462632,0.000500042748172,0.505590178623,0.505590178623,0.327137649059,0.0,0.0,0.0
2014-04-14 09:24:00,0.362116819836,1,0.0349721374286,0.00122304994147,0.508742143368,0.508742143368,0.327144682407,0.0,0.0,0.0
2014-04-14 09:29:00,0.280906268632,1,0.0466800245884,0.00217902543955,0.511667887506,0.511667887506,0.327586293221,0.0,0.0,0.0
2014-04-14 09:34:00,0.323320791957,1,0.00408221698076,1.66643803823e-05,0.501020552828,0.501020552828,0.327403008938,0.0,0.0,0.0
2014-04-14 09:39:00,0.324163736919,1,0.00302350320482,9.14158408705e-06,0.500755875225,0.500755875225,0.327187240124,0.0,0.0,0.0
2014-04-14 09:44:00,0.346429819692,1,0.0194745012411,0.00037925640936,0.504868471445,0.504868471445,0.326955318451,0.0,0.0,0.0
2014-04-14 09:49:00,0.304940479862,1,0.0220483960041,0.000486131233629,0.505511875711,0.505511875711,0.326988875866,0.0,0.0,0.0
2014-04-14 09:54:00,0.343428113242,1,0.0166833780015,0.000278334831819,0.504170747762,0.504170747762,0.326744735241,0.0,0.0,0.0
2014-04-14 09:59:00,0.321943296532,1,0.00478927936181,2.29373254115e-05,0.501197317552,0.501197317552,0.326732575893,0.0,0.0,0.0
2014-04-14 10:04:00,0.359320709719,1,0.0326586759222,0.00106658844743,0.508163943362,0.508163943362,0.326662033796,0.0,0.0,0.0
2014-04-14 10:09:00,0.333744525998,1,0.00673955687763,4.5421624236e-05,0.501684882842,0.501684882842,0.32700496912,0.0,0.0,0.0
2014-04-14 10:14:00,0.32052468184,1,0.00687296268013,4.72374704259e-05,0.501718233906,0.501718233906,0.32739764452,0.0,0.0,0.0
2014-04-14 10:19:00,0.308394498242,1,0.0192711585629,0.000371377798729,0.504817640545,0.504817640545,0.327665656805,0.0,0.0,0.0
2014-04-14 10:24:00,0.341248792122,1,0.0135820326306,0.000184471296961,0.503395455961,0.503395455961,0.327666759491,0.0,0.0,0.0
2014-04-14 10:29:00,0.295010177018,1,0.0328269325473,0.00107760739047,0.508205996246,0.508205996246,0.327837109566,0.0,0.0,0.0
2014-04-14 10:34:00,0.317379057958,1,0.0102022284728,0.000104085476778,0.502550534995,0.502550534995,0.32758128643,0.0,0.0,0.0
2014-04-14 10:39:00,0.339316186599,1,0.0120923194213,0.000146224250784,0.503023043019,0.503023043019,0.327223867178,0.0,0.0,0.0
2014-04-14 10:44:00,0.310573819363,1,0.0164789824844,0.000271556957159,0.504119652395,0.504119652395,0.327052801847,0.0,0.0,0.0
2014-04-14 10:49:00,0.311786837723,1,0.014906488512,0.000222203612793,0.503726553124,0.503726553124,0.326693326235,0.0,0.0,0.0
2014-04-14 10:54:00,0.3332510948,1,0.00706729887151,4.99466295878e-05,0.501766817364,0.501766817364,0.326183795929,0.0,0.0,0.0
2014-04-14 10:59:00,0.338103168239,1,0.0122899641894,0.000151043393998,0.503072452375,0.503072452375,0.32581320405,0.0,0.0,0.0
2014-04-14 11:04:00,0.305063837661,1,0.0205691219431,0.000423088524258,0.50514209919,0.50514209919,0.325632959604,0.0,0.0,0.0
2014-04-14 11:09:00,0.3332510948,1,0.00803712604665,6.45952968625e-05,0.502009270696,0.502009270696,0.325213968754,0.0,0.0,0.0
2014-04-14 11:14:00,0.342050617817,1,0.0171135722428,0.000292874145089,0.504278288644,0.504278288644,0.324937045574,0.0,0.0,0.0
2014-04-14 11:19:00,0.329920434219,1,0.00501885340891,2.51889559877e-05,0.501254710718,0.501254710718,0.324901580811,0.0,0.0,0.0
2014-04-14 11:24:00,0.323115195625,1,0.00181711138002,3.30187867803e-06,0.50045427772,0.50045427772,0.324932307005,0.0,0.0,0.0
2014-04-14 11:29:00,0.292707498098,1,0.0322297262899,0.00103875494096,0.50805673417,0.50805673417,0.324937224388,0.0,0.0,0.0
2014-04-14 11:34:00,0.316536112996,1,0.00800286295831,6.40460420982e-05,0.502000705062,0.502000705062,0.324538975954,0.0,0.0,0.0
2014-04-14 11:39:00,0.320010691009,1,0.00406965700556,1.65621004271e-05,0.501017412847,0.501017412847,0.324080348015,0.0,0.0,0.0
2014-04-14 11:44:00,0.320360204774,1,0.00325635949989,1.06038205558e-05,0.500814089156,0.500814089156,0.323616564274,0.0,0.0,0.0
2014-04-14 11:49:00,0.328357902095,1,0.00519972734184,2.70371965598e-05,0.501299928907,0.501299928907,0.323158174753,0.0,0.0,0.0
2014-04-14 11:54:00,0.396718682539,1,0.0739081518762,0.00546241458505,0.51846863179,0.51846863179,0.322810530663,0.0,0.0,0.0
2014-04-14 11:59:00,0.30997759,1,0.0134423981556,0.00018069804355,0.503360548935,0.503360548935,0.323419988155,0.0,0.0,0.0
2014-04-14 12:04:00,0.303706901869,1,0.0200941983852,0.000403776299208,0.50502338057,0.50502338057,0.323801100254,0.0,0.0,0.0
2014-04-14 12:09:00,0.338473241637,1,0.0145796349746,0.000212565428228,0.50364484418,0.50364484418,0.323893606663,0.0,0.0,0.0
2014-04-14 12:14:00,0.314870782705,1,0.00928800502212,8.62671877258e-05,0.502321984563,0.502321984563,0.324158787727,0.0,0.0,0.0
2014-04-14 12:19:00,0.360040296881,1,0.0357586639809,0.0012786827283,0.508938713534,0.508938713534,0.3242816329,0.0,0.0,0.0
2014-04-14 12:24:00,0.303419067004,1,0.0214190050577,0.000458774360595,0.505354546556,0.505354546556,0.324838072062,0.0,0.0,0.0
2014-04-14 12:29:00,0.3332510948,1,0.00817934272909,6.69015498715e-05,0.502044824282,0.502044824282,0.325071752071,0.0,0.0,0.0
2014-04-14 12:34:00,0.343160838011,1,0.0177766383914,0.00031600886723,0.504444042569,0.504444042569,0.325384199619,0.0,0.0,0.0
2014-04-14 12:39:00,0.299656654125,1,0.0262307875098,0.000688053958584,0.506557320899,0.506557320899,0.325887441635,0.0,0.0,0.0
2014-04-14 12:44:00,0.302617241308,1,0.0233956383016,0.000547355390154,0.505848642804,0.505848642804,0.32601287961,0.0,0.0,0.0
2014-04-14 12:49:00,0.34628590226,1,0.0204521644093,0.00041829131078,0.505112862882,0.505112862882,0.32583373785,0.0,0.0,0.0
2014-04-14 12:54:00,0.329879314953,1,0.00395149117105,1.56142723426e-05,0.500987871507,0.500987871507,0.325927823782,0.0,0.0,0.0
2014-04-14 12:59:00,0.316597791895,1,0.009464112535,8.95694684004e-05,0.502366010474,0.502366010474,0.32606190443,0.0,0.0,0.0
2014-04-14 13:04:00,0.316063241432,1,0.0100011067891,0.000100021861726,0.502500255857,0.502500255857,0.326064348221,0.0,0.0,0.0
2014-04-14 13:09:00,0.330126030552,1,0.00418446789903,1.75096611201e-05,0.501046115448,0.501046115448,0.325941562653,0.0,0.0,0.0
2014-04-14 13:14:00,0.347745636218,1,0.0218623371055,0.000477961380966,0.505465366592,0.505465366592,0.325883299112,0.0,0.0,0.0
2014-04-14 13:19:00,0.31106725056,1,0.0150370327726,0.000226112271775,0.50375918736,0.50375918736,0.326104283333,0.0,0.0,0.0
2014-04-14 13:24:00,0.307818828512,1,0.0182963326684,0.000334755721269,0.504573955571,0.504573955571,0.32611516118,0.0,0.0,0.0
2014-04-14 13:29:00,0.314253993709,1,0.0116419713906,0.000135535679874,0.502910459975,0.502910459975,0.325895965099,0.0,0.0,0.0
2014-04-14 13:34:00,0.327823351631,1,0.00227044106508,5.15485407959e-06,0.500567610022,0.500567610022,0.325552910566,0.0,0.0,0.0
2014-04-14 13:39:00,0.32046300294,1,0.00480943797031,2.31307058129e-05,0.501202357175,0.501202357175,0.32527244091,0.0,0.0,0.0
2014-04-14 13:44:00,0.318304241452,1,0.00665539428223,4.42942837253e-05,0.501663842429,0.501663842429,0.324959635735,0.0,0.0,0.0
2014-04-14 13:49:00,0.315878204733,1,0.0087163823548,7.59751856094e-05,0.502179081792,0.502179081792,0.324594587088,0.0,0.0,0.0
2014-04-14 13:54:00,0.367400645572,1,0.0432440036123,0.00187004392501,0.510809316464,0.510809316464,0.32415664196,0.0,0.0,0.0
2014-04-14 13:59:00,0.279796048438,1,0.0445084130407,0.00198100018315,0.511125266726,0.511125266726,0.324304461479,0.0,0.0,0.0
2014-04-14 14:04:00,0.320709718539,1,0.00317098371854,1.00552215372e-05,0.500792745265,0.500792745265,0.323880702257,0.0,0.0,0.0
2014-04-14 14:09:00,0.35255659039,1,0.0290970843556,0.000846640090458,0.507273757908,0.507273757908,0.323459506035,0.0,0.0,0.0
2014-04-14 14:14:00,0.320236846975,1,0.0032076088874,1.02886606328e-05,0.500801901534,0.500801901534,0.323444455862,0.0,0.0,0.0
2014-04-14 14:19:00,0.335368737022,1,0.0119779551423,0.000143471072079,0.502994452984,0.502994452984,0.323390781879,0.0,0.0,0.0
2014-04-14 14:24:00,0.312074672588,1,0.0114176756063,0.000130363579956,0.502854387893,0.502854387893,0.323492348194,0.0,0.0,0.0
2014-04-14 14:29:00,0.320627480006,1,0.00281336977528,7.9150449892e-06,0.50070334198,0.50070334198,0.323440849781,0.0,0.0,0.0
2014-04-14 14:34:00,0.314439030408,1,0.00892016101,7.9569304944e-05,0.502230025466,0.502230025466,0.323359191418,0.0,0.0,0.0
2014-04-14 14:39:00,0.34028248936,1,0.0171086087833,0.000292704848107,0.50427704787,0.50427704787,0.323173880577,0.0,0.0,0.0
2014-04-14 14:44:00,0.313513846913,1,0.00970768757761,9.42392289289e-05,0.502426902835,0.502426902835,0.323221534491,0.0,0.0,0.0
2014-04-14 14:49:00,0.300993030284,1,0.0221496770635,0.000490608392283,0.505537192885,0.505537192885,0.323142707348,0.0,0.0,0.0
2014-04-14 14:54:00,0.336602315015,1,0.0138083544434,0.000190670252778,0.503452033761,0.503452033761,0.322793960571,0.0,0.0,0.0
2014-04-14 14:59:00,0.316124920331,1,0.00652834347588,4.26193255407e-05,0.501632080072,0.501632080072,0.322653263807,0.0,0.0,0.0
2014-04-14 15:04:00,0.319537819445,1,0.00290679830296,8.44948226586e-06,0.500726699064,0.500726699064,0.322444617748,0.0,0.0,0.0
2014-04-14 15:09:00,0.386459425564,1,0.0642391895008,0.00412667542696,0.516054276858,0.516054276858,0.322220236063,0.0,0.0,0.0
2014-04-14 15:14:00,0.283784617282,1,0.0390384005532,0.00152399588842,0.509758360861,0.509758360861,0.322823017836,0.0,0.0,0.0
2014-04-14 15:19:00,0.340632003125,1,0.0177551920975,0.000315246434184,0.504438681418,0.504438681418,0.322876811028,0.0,0.0,0.0
2014-04-14 15:24:00,0.343386993976,1,0.0202396374659,0.000409643485909,0.505059736644,0.505059736644,0.32314735651,0.0,0.0,0.0
2014-04-14 15:29:00,0.30109582845,1,0.0225483327739,0.000508426630404,0.505636844368,0.505636844368,0.323644161224,0.0,0.0,0.0
2014-04-14 15:34:00,0.321326507535,1,0.002482639346,6.16356419414e-06,0.500620659518,0.500620659518,0.323809146881,0.0,0.0,0.0
2014-04-14 15:39:00,0.324821645182,1,0.000895047348216,8.01120165761e-07,0.500223761822,0.500223761822,0.323926597834,0.0,0.0,0.0
2014-04-14 15:44:00,0.339295626966,1,0.015252055017,0.000232625141507,0.503812939839,0.503812939839,0.324043571949,0.0,0.0,0.0
2014-04-14 15:49:00,0.29585312198,1,0.0284869234718,0.000811505597085,0.507121249297,0.507121249297,0.324340045452,0.0,0.0,0.0
2014-04-14 15:54:00,0.341947819651,1,0.017697926224,0.000313216733048,0.504424366075,0.504424366075,0.324249893427,0.0,0.0,0.0
2014-04-14 15:59:00,0.328913012192,1,0.00452248160562,2.04527586902e-05,0.501130618474,0.501130618474,0.324390530586,0.0,0.0,0.0
2014-04-14 16:04:00,0.327699993832,1,0.00312614916086,9.77277886705e-06,0.500781536654,0.500781536654,0.324573844671,0.0,0.0,0.0
2014-04-14 16:09:00,0.314439030408,1,0.0103391091835,0.000106897219666,0.502584754271,0.502584754271,0.324778139591,0.0,0.0,0.0
2014-04-14 16:14:00,0.313719443245,1,0.0111128769682,0.00012349584722,0.502778190651,0.502778190651,0.324832320213,0.0,0.0,0.0
2014-04-14 16:19:00,0.309484158803,1,0.015257502746,0.000232791542658,0.503814301692,0.503814301692,0.324741661549,0.0,0.0,0.0
2014-04-14 16:24:00,0.331811920475,1,0.00734354622302,5.39278807992e-05,0.501835878305,0.501835878305,0.324468374252,0.0,0.0,0.0
2014-04-14 16:29:00,0.293200929295,1,0.0311136649734,0.000968059466686,0.507777788806,0.507777788806,0.324314594269,0.0,0.0,0.0
2014-04-14 16:34:00,0.311910195522,1,0.0118753479197,0.000141024196637,0.502968802091,0.502968802091,0.323785543442,0.0,0.0,0.0
2014-04-14 16:39:00,0.315508131335,1,0.00765192096456,5.85519592278e-05,0.501912970907,0.501912970907,0.323160052299,0.0,0.0,0.0
2014-04-14 16:44:00,0.313945599211,1,0.00855513631081,7.31904874556e-05,0.502138771033,0.502138771033,0.322500735521,0.0,0.0,0.0
2014-04-14 16:49:00,0.307818828512,1,0.0139807775727,0.000195462096599,0.503495137463,0.503495137463,0.321799606085,0.0,0.0,0.0
2014-04-14 16:54:00,0.340734801291,1,0.0197421526896,0.000389752909541,0.504935377875,0.504935377875,0.320992648602,0.0,0.0,0.0
2014-04-14 16:59:00,0.319496700179,1,0.00101785956692,1.03605634649e-06,0.50025446487,0.50025446487,0.320514559746,0.0,0.0,0.0
2014-04-14 17:04:00,0.293447644894,1,0.0266236351086,0.000708818028215,0.506655515653,0.506655515653,0.320071280003,0.0,0.0,0.0
2014-04-14 17:09:00,0.325685149777,1,0.00634748374223,4.02904697694e-05,0.501586865608,0.501586865608,0.319337666035,0.0,0.0,0.0
2014-04-14 17:14:00,0.338802195769,1,0.0200452577882,0.000401812081691,0.505011146653,0.505011146653,0.318756937981,0.0,0.0,0.0
2014-04-14 17:19:00,0.285470507206,1,0.0330158554895,0.00109004613478,0.508253214187,0.508253214187,0.318486362696,0.0,0.0,0.0
2014-04-14 17:24:00,0.347005489422,1,0.0291775494349,0.000851329241414,0.507293869909,0.507293869909,0.317827939987,0.0,0.0,0.0
2014-04-14 17:29:00,0.310820534962,1,0.00678168223576,4.59910152131e-05,0.501695414061,0.501695414061,0.317602217197,0.0,0.0,0.0
2014-04-14 17:34:00,0.336643434281,1,0.0193297035644,0.000373637187295,0.504832275432,0.504832275432,0.317313730717,0.0,0.0,0.0
2014-04-14 17:39:00,0.29706614034,1,0.0202309606808,0.000409291300457,0.50505756767,0.50505756767,0.317297101021,0.0,0.0,0.0
2014-04-14 17:44:00,0.327473837867,1,0.0104460902357,0.000109121036076,0.502611498812,0.502611498812,0.317027747631,0.0,0.0,0.0
2014-04-14 17:49:00,0.298505314665,1,0.0184112703034,0.000338975194609,0.50460268756,0.50460268756,0.316916584969,0.0,0.0,0.0
2014-04-14 17:54:00,0.329406443389,1,0.0128215284663,0.000164391516591,0.503205338206,0.503205338206,0.316584914923,0.0,0.0,0.0
2014-04-14 17:59:00,0.310100947799,1,0.00634672742903,4.02810110245e-05,0.501586676531,0.501586676531,0.316447675228,0.0,0.0,0.0
2014-04-14 18:04:00,0.313287690948,1,0.00295649402326,8.74077250046e-06,0.500739122967,0.500739122967,0.316244184971,0.0,0.0,0.0
2014-04-14 18:09:00,0.341947819651,1,0.0259241122611,0.000672059832141,0.50648066512,0.50648066512,0.31602370739,0.0,0.0,0.0
2014-04-14 18:14:00,0.385390324637,1,0.0692384672605,0.00479396339506,0.517302704987,0.517302704987,0.316151857376,0.0,0.0,0.0
2014-04-14 18:19:00,0.288081580625,1,0.0290540514135,0.000844137568492,0.507263001946,0.507263001946,0.317135632038,0.0,0.0,0.0
2014-04-14 18:24:00,0.310100947799,1,0.00755539041578,5.70839983993e-05,0.501888838619,0.501888838619,0.317656338215,0.0,0.0,0.0
2014-04-14 18:29:00,0.311211167993,1,0.00681915956575,4.65009252366e-05,0.501704783285,0.501704783285,0.318030327559,0.0,0.0,0.0
2014-04-14 18:34:00,0.321922736898,1,0.00364132477374,1.32593359012e-05,0.500910330188,0.500910330188,0.318281412125,0.0,0.0,0.0
2014-04-14 18:39:00,0.313123213882,1,0.00543005502759,2.94853634841e-05,0.501357510421,0.501357510421,0.318553268909,0.0,0.0,0.0
2014-04-14 18:44:00,0.336396718683,1,0.0176669604199,0.000312121672323,0.504416625229,0.504416625229,0.318729758263,0.0,0.0,0.0
2014-04-14 18:49:00,0.333456691133,1,0.014345790969,0.000205801828997,0.503586386235,0.503586386235,0.319110900164,0.0,0.0,0.0
2014-04-14 18:54:00,0.307921626678,1,0.0117128406852,0.000137190829264,0.502928176695,0.502928176695,0.319634467363,0.0,0.0,0.0
2014-04-14 18:59:00,0.311786837723,1,0.00817161068722,6.67753411108e-05,0.502042891304,0.502042891304,0.31995844841,0.0,0.0,0.0
2014-04-14 19:04:00,0.326733691071,1,0.00658635554162,4.33799141319e-05,0.501646582933,0.501646582933,0.320147335529,0.0,0.0,0.0
2014-04-14 19:09:00,0.314192314809,1,0.00620798283265,3.85389248549e-05,0.501551990724,0.501551990724,0.320400297642,0.0,0.0,0.0
2014-04-14 19:14:00,0.338082608606,1,0.0175327331084,0.000307396840071,0.504383070999,0.504383070999,0.320549875498,0.0,0.0,0.0
2014-04-14 19:19:00,0.309813112934,1,0.0110924532814,0.000123042540508,0.502773084886,0.502773084886,0.320905566216,0.0,0.0,0.0
2014-04-14 19:24:00,0.332531507638,1,0.0114455777673,0.000131001346745,0.502861363205,0.502861363205,0.321085929871,0.0,0.0,0.0
2014-04-14 19:29:00,0.288862846687,1,0.0325298682904,0.00105819187593,0.508131750006,0.508131750006,0.321392714977,0.0,0.0,0.0
2014-04-14 19:34:00,0.316721149695,1,0.00453724621557,2.05866781471e-05,0.501134309608,0.501134309608,0.32125839591,0.0,0.0,0.0
2014-04-14 19:39:00,0.318653755217,1,0.0024264526077,5.88763759879e-06,0.500606612854,0.500606612854,0.321080207825,0.0,0.0,0.0
2014-04-14 19:44:00,0.314192314809,1,0.00669680052445,4.48470018455e-05,0.501674193874,0.501674193874,0.320889115334,0.0,0.0,0.0
2014-04-14 19:49:00,0.31049158083,1,0.0101408471006,0.000102836558654,0.502535190049,0.502535190049,0.320632427931,0.0,0.0,0.0
2014-04-14 19:54:00,0.3274327186,1,0.00715952786353,5.12588849233e-05,0.50178987432,0.50178987432,0.320273190737,0.0,0.0,0.0
2014-04-14 19:59:00,0.313945599211,1,0.0060946863768,3.71452952095e-05,0.501523666878,0.501523666878,0.320040285587,0.0,0.0,0.0
2014-04-14 20:04:00,0.354016324349,1,0.0342628563121,0.00117394397967,0.508564876204,0.508564876204,0.319753468037,0.0,0.0,0.0
2014-04-14 20:09:00,0.309216883571,1,0.0107116433076,0.000114739232231,0.502677885222,0.502677885222,0.319928526878,0.0,0.0,0.0
2014-04-14 20:14:00,0.289829149448,1,0.0301215801606,0.000907310459297,0.507529825725,0.507529825725,0.319950729609,0.0,0.0,0.0
2014-04-14 20:19:00,0.312259709287,1,0.00733026320925,5.37328378414e-05,0.501832557597,0.501832557597,0.319589972496,0.0,0.0,0.0
2014-04-14 20:24:00,0.338082608606,1,0.0189101368446,0.000357593380613,0.504727393338,0.504727393338,0.319172471762,0.0,0.0,0.0
2014-04-14 20:29:00,0.328666296593,1,0.00963046847971,9.27459841478e-05,0.502407598512,0.502407598512,0.319035828114,0.0,0.0,0.0
2014-04-14 20:34:00,0.313226012048,1,0.00580856436807,3.37393939844e-05,0.501452137009,0.501452137009,0.319034576416,0.0,0.0,0.0
2014-04-14 20:39:00,0.314685746006,1,0.00427420539447,1.82689509529e-05,0.501068549722,0.501068549722,0.318959951401,0.0,0.0,0.0
2014-04-14 20:44:00,0.310018709266,1,0.00881994668241,7.77913010097e-05,0.502204972377,0.502204972377,0.318838655949,0.0,0.0,0.0
2014-04-14 20:49:00,0.344600012336,1,0.0259823108053,0.000675080984365,0.506495212306,0.506495212306,0.31861770153,0.0,0.0,0.0
2014-04-14 20:54:00,0.295380250416,1,0.023367687263,0.000546048162505,0.505841655999,0.505841655999,0.318747937679,0.0,0.0,0.0
2014-04-14 20:59:00,0.336150003084,1,0.017580789932,0.000309083727188,0.504395084279,0.504395084279,0.318569213152,0.0,0.0,0.0
2014-04-14 21:04:00,0.286889121898,1,0.0317419310728,0.00100754934829,0.507934816552,0.507934816552,0.318631052971,0.0,0.0,0.0
2014-04-14 21:09:00,0.355208783075,1,0.0369240628929,0.00136338651646,0.509229967079,0.509229967079,0.318284720182,0.0,0.0,0.0
2014-04-14 21:14:00,0.312979296449,1,0.00546114086754,2.9823902878e-05,0.501365281824,0.501365281824,0.318440437317,0.0,0.0,0.0
2014-04-14 21:19:00,0.3098542322,1,0.00865731345761,7.49489554437e-05,0.502164314847,0.502164314847,0.318511545658,0.0,0.0,0.0
2014-04-14 21:24:00,0.329879314953,1,0.0114133668482,0.000130264917971,0.502853310738,0.502853310738,0.318465948105,0.0,0.0,0.0
2014-04-14 21:29:00,0.303789140402,1,0.0147803409711,0.00021845853189,0.503695017976,0.503695017976,0.318569481373,0.0,0.0,0.0
2014-04-14 21:34:00,0.302123810111,1,0.0163516151322,0.00026737517328,0.504087812702,0.504087812702,0.318475425243,0.0,0.0,0.0
2014-04-14 21:39:00,0.323608626822,1,0.00542520473347,2.94329547614e-05,0.501356297857,0.501356297857,0.318183422089,0.0,0.0,0.0
2014-04-14 21:44:00,0.315261415736,1,0.00272787402425,7.44125372876e-06,0.500681968083,0.500681968083,0.317989289761,0.0,0.0,0.0
2014-04-14 21:49:00,0.311293406526,1,0.00648649211787,4.20747492171e-05,0.501621617344,0.501621617344,0.317779898643,0.0,0.0,0.0
2014-04-14 21:54:00,0.328974691092,1,0.0114656955585,0.000131462235004,0.502866392488,0.502866392488,0.317508995533,0.0,0.0,0.0
2014-04-14 21:59:00,0.311910195522,1,0.00550048214932,3.0255450838e-05,0.50137511707,0.50137511707,0.317410677671,0.0,0.0,0.0
2014-04-14 22:04:00,0.314685746006,1,0.0025665919263,6.58746557747e-06,0.500641647629,0.500641647629,0.317252337933,0.0,0.0,0.0
2014-04-14 22:09:00,0.328666296593,1,0.0115891963163,0.000134309535497,0.502897266652,0.502897266652,0.317077100277,0.0,0.0,0.0
2014-04-14 22:14:00,0.337609737042,1,0.0205430675782,0.00042201767792,0.505135586287,0.505135586287,0.317066669464,0.0,0.0,0.0
2014-04-14 22:19:00,0.304529287198,1,0.0127892118908,0.000163564138347,0.503197259393,0.503197259393,0.317318499088,0.0,0.0,0.0
2014-04-14 22:24:00,0.319044388248,1,0.00166181416669,2.76160358226e-06,0.500415453446,0.500415453446,0.317382574081,0.0,0.0,0.0
2014-04-14 22:29:00,0.311992434055,1,0.00546893736684,2.99092480418e-05,0.501367230934,0.501367230934,0.317461371422,0.0,0.0,0.0
2014-04-14 22:34:00,0.316412755196,1,0.00104995732987,1.10242785922e-06,0.500262489308,0.500262489308,0.317462712526,0.0,0.0,0.0
2014-04-14 22:39:00,0.311293406526,1,0.00615717645548,3.7910984247e-05,0.501539289251,0.501539289251,0.317450582981,0.0,0.0,0.0
2014-04-14 22:44:00,0.311869076256,1,0.00549204015362,3.0162411349e-05,0.501373006587,0.501373006587,0.317361116409,0.0,0.0,0.0
2014-04-14 22:49:00,0.31106725056,1,0.00614330451635,3.77401556761e-05,0.501535821299,0.501535821299,0.317210555077,0.0,0.0,0.0
2014-04-14 22:54:00,0.327350480067,1,0.0103538460609,0.000107201864012,0.502588438391,0.502588438391,0.316996634007,0.0,0.0,0.0
2014-04-14 22:59:00,0.329961553486,1,0.0130254181938,0.000169661900145,0.503256308509,0.503256308509,0.316936135292,0.0,0.0,0.0
2014-04-14 23:04:00,0.307489874381,1,0.00955807922501,9.13569238037e-05,0.502389501615,0.502389501615,0.317047953606,0.0,0.0,0.0
2014-04-14 23:09:00,0.343880425173,1,0.0268538398327,0.000721128191799,0.506713056548,0.506713056548,0.31702658534,0.0,0.0,0.0
2014-04-14 23:14:00,0.299718333025,1,0.017631935339,0.00031088560354,0.50440786964,0.50440786964,0.317350268364,0.0,0.0,0.0
2014-04-14 23:19:00,0.337157425112,1,0.0197409955919,0.000389707041904,0.504935088629,0.504935088629,0.31741642952,0.0,0.0,0.0
2014-04-14 23:24:00,0.330064351652,1,0.0123361898401,0.000152181688463,0.503084008349,0.503084008349,0.317728161812,0.0,0.0,0.0
2014-04-14 23:29:00,0.317337938691,1,0.000828555678333,6.86518603743e-07,0.500207138908,0.500207138908,0.31816649437,0.0,0.0,0.0
2014-04-14 23:34:00,0.339521782931,1,0.020971196231,0.000439791590907,0.505242606922,0.505242606922,0.3185505867,0.0,0.0,0.0
2014-04-14 23:39:00,0.30115750735,1,0.0180070071916,0.000324252410792,0.50450163016,0.50450163016,0.319164514542,0.0,0.0,0.0
2014-04-14 23:44:00,0.51551738317,1,0.196030586314,0.038427978754,0.548851308544,0.548851308544,0.319486796856,0.0,0.0,0.0
2014-04-15 00:04:00,0.544110693065,1,0.221919573871,0.0492483079433,0.555253318389,0.555253318389,0.322191119194,0.0,0.0,0.0
2014-04-15 00:09:00,0.32576738831,1,0.030206015076,0.000912403920665,0.507550929653,0.507550929653,0.295561373234,0.0,0.0,0.0
2014-04-15 00:14:00,0.306235736754,1,0.0257520614595,0.000663168961182,0.506437659598,0.506437659598,0.331987798214,0.0,0.0,0.0
2014-04-15 00:19:00,0.320092929542,1,0.0159309077858,0.000253794249147,0.503982642716,0.503982642716,0.336023837328,0.0,0.0,0.0
2014-04-15 00:24:00,0.331297929645,1,0.00817072832549,6.67607309879e-05,0.502042670717,0.502042670717,0.33946865797,0.0,0.0,0.0
2014-04-15 00:29:00,0.304549846831,1,0.0379238389107,0.00143821781967,0.509479823584,0.509479823584,0.342473685741,0.0,0.0,0.0
2014-04-15 00:34:00,0.302452764243,1,0.0422724869551,0.00178696238436,0.510566548283,0.510566548283,0.344725251198,0.0,0.0,0.0
2014-04-15 00:39:00,0.3626513703,1,0.0164044423229,0.000269105978077,0.504101018614,0.504101018614,0.346246927977,0.0,0.0,0.0
2014-04-15 00:44:00,0.2923991036,1,0.0554131317554,0.0030706145335,0.513849739185,0.513849739185,0.347812235355,0.0,0.0,0.0
2014-04-15 00:49:00,0.881370916343,1,0.532811149335,0.28388774395,0.630138528918,0.630138528918,0.348559767008,0.0,0.0,0.0
2014-04-15 00:54:00,0.998046834844,1,0.776225511807,0.602526009083,0.684866055751,0.684866055751,0.221821323037,0.0,0.0,0.0
2014-04-15 00:59:00,0.991796706347,1,0.596698258547,0.356048852205,0.644900557047,0.644900557047,0.3950984478,0.0,0.0,0.0
2014-04-15 01:04:00,0.990480889821,1,0.562791218305,0.316733956337,0.637098128035,0.637098128035,0.427689671516,0.0,0.0,0.0
2014-04-15 01:09:00,0.986451201711,1,0.56500326899,0.319228708744,0.637609407967,0.637609407967,0.42144793272,0.0,0.0,0.0
2014-04-15 01:14:00,0.989596825593,1,0.621889155858,0.386746138334,0.650648085555,0.650648085555,0.367707669735,0.0,0.0,0.0
2014-04-15 01:19:00,0.987684779704,1,0.665406905949,0.442766398191,0.66047392693,0.66047392693,0.322277873755,0.0,0.0,0.0
2014-04-15 01:24:00,0.98721190814,1,0.584314371385,0.341423243284,0.642059537767,0.642059537767,0.402897536755,0.0,0.0,0.0
2014-04-15 01:29:00,0.984539155821,1,0.492315624814,0.242374673486,0.620651782456,0.620651782456,0.492223531008,0.0,0.0,0.0
2014-04-15 01:34:00,0.991549990748,1,0.397253773783,0.157810539007,0.598027671299,0.598027671299,0.594296216965,0.0,0.0,0.0
2014-04-15 01:39:00,0.998745862374,1,0.386988762745,0.149760305882,0.59555759555,0.59555759555,0.611757099628,0.0,0.0,0.0
2014-04-15 01:44:00,0.996381504554,1,0.324376983661,0.10522043705,0.580390584674,0.580390584674,0.672004520893,0.0,0.0,0.0
2014-04-15 01:49:00,0.992516293509,1,0.246214880927,0.0606217607856,0.561244635877,0.561244635877,0.746301412582,0.0,0.0,0.0
2014-04-15 01:54:00,0.98721190814,1,0.159187282361,0.0253405831754,0.539712993428,0.539712993428,0.828024625778,0.0,0.0,0.0
2014-04-15 01:59:00,0.993009724707,1,0.0779986167849,0.0060837874189,0.519489774233,0.519489774233,0.915011107922,0.0,0.0,0.0
2014-04-15 02:04:00,0.994942330229,1,0.0129390727405,0.000167420192156,0.503234723056,0.503234723056,1.00788140297,0.0,0.0,0.0
2014-04-15 02:09:00,0.997800119246,1,0.0931314155213,0.00867346208543,0.523266039887,0.523266039887,1.09093153477,0.0,0.0,0.0
2014-04-15 02:14:00,0.99469561463,1,0.164304305261,0.026995908469,0.540983917944,0.540983917944,1.15899991989,0.0,0.0,0.0
2014-04-15 02:19:00,0.995168486194,1,0.208113274022,0.0433111265302,0.551841344476,0.551841344476,1.20328176022,0.0,0.0,0.0
2014-04-15 02:24:00,0.989535146693,1,0.228670543691,0.0522902160883,0.556919822653,0.556919822653,1.21820569038,0.0,0.0,0.0
2014-04-15 02:29:00,0.998067394478,1,0.187558516281,0.0351782031357,0.546752653189,0.546752653189,1.18562591076,0.0,0.0,0.0
2014-04-15 02:34:00,0.989350109994,1,0.120709866584,0.0145708788186,0.530140877292,0.530140877292,1.11005997658,0.0,0.0,0.0
2014-04-15 02:39:00,0.996628220153,1,0.0364237474683,0.00132668903098,0.509104930271,0.509104930271,1.03305196762,0.0,0.0,0.0
2014-04-15 02:44:00,0.997820678879,1,0.050198498894,0.00251988903619,0.512546990082,0.512546990082,0.947622179985,0.0,0.0,0.0
2014-04-15 02:49:00,0.994448899032,1,0.109959064723,0.0120909959078,0.527462101409,0.527462101409,0.884489834309,0.0,0.0,0.0
2014-04-15 02:54:00,0.991529431115,1,0.134893979798,0.0181963779032,0.533672450686,0.533672450686,0.856635451317,0.0,0.0,0.0
2014-04-15 02:59:00,0.996854376118,1,0.140019308846,0.019605403766,0.53494774879,0.53494774879,0.856835067272,0.0,0.0,0.0
2014-04-15 03:04:00,0.996628220153,1,0.124622101855,0.0155306691304,0.531115265811,0.531115265811,0.872006118298,0.0,0.0,0.0
2014-04-15 03:09:00,0.989617385226,1,0.0841323512369,0.00707825645804,0.521020690126,0.521020690126,0.905485033989,0.0,0.0,0.0
2014-04-15 03:14:00,0.997101091717,1,0.0430524581411,0.0018535121344,0.510761452378,0.510761452378,0.954048633575,0.0,0.0,0.0
2014-04-15 03:19:00,0.997800119246,1,0.00240052493893,5.76248430662e-06,0.500600130947,0.500600130947,0.995399594307,0.0,0.0,0.0
2014-04-15 03:24:00,0.998314110076,1,0.0324373566748,0.001052183914,0.508108628202,0.508108628202,1.03075146675,0.0,0.0,0.0
2014-04-15 03:29:00,0.996833816485,1,0.0645356026132,0.00416484614834,0.516128303386,0.516128303386,1.0613694191,0.0,0.0,0.0
2014-04-15 03:34:00,0.991385513682,1,0.0891746936845,0.00795212481171,0.522278911651,0.522278911651,1.08056020737,0.0,0.0,0.0
2014-04-15 03:39:00,0.989864100824,1,0.100905905355,0.0101819997653,0.525205093442,0.525205093442,1.09077000618,0.0,0.0,0.0
2014-04-15 03:44:00,0.993276999938,1,0.0910962357642,0.00829852186143,0.522758322743,0.522758322743,1.0843732357,0.0,0.0,0.0
2014-04-15 03:49:00,0.99469561463,1,0.0685884248671,0.00470437342301,0.51714038718,0.51714038718,1.0632840395,0.0,0.0,0.0
2014-04-15 03:54:00,0.995641357758,1,0.0381792713617,0.00145765731577,0.509543658587,0.509543658587,1.03382062912,0.0,0.0,0.0
2014-04-15 03:59:00,0.992269577911,1,0.00926357276218,8.58138228068e-05,0.502315876629,0.502315876629,1.00153315067,0.0,0.0,0.0
2014-04-15 04:04:00,0.994921770596,1,0.0170470743409,0.000290601834422,0.504261665381,0.504261665381,0.977874696255,0.0,0.0,0.0
2014-04-15 04:09:00,0.995147926561,1,0.041184289209,0.00169614702463,0.510294617246,0.510294617246,0.953963637352,0.0,0.0,0.0
2014-04-15 04:14:00,0.996628220153,1,0.0587081862208,0.00344665162265,0.514672832453,0.514672832453,0.937920033932,0.0,0.0,0.0
2014-04-15 04:19:00,0.98721190814,1,0.0568776977437,0.0032350695692,0.51421559227,0.51421559227,0.930334210396,0.0,0.0,0.0
2014-04-15 04:24:00,0.99130327515,1,0.0517028074677,0.00267317914404,0.512922823242,0.512922823242,0.939600467682,0.0,0.0,0.0
2014-04-15 04:29:00,0.994448899032,1,0.0466495740423,0.00217618281022,0.511660279012,0.511660279012,0.947799324989,0.0,0.0,0.0
2014-04-15 04:34:00,0.996854376118,1,0.0394993536875,0.00156019802671,0.509873554729,0.509873554729,0.95735502243,0.0,0.0,0.0
2014-04-15 04:39:00,0.988424926499,1,0.0188175732889,0.000354099960532,0.504704254508,0.504704254508,0.96960735321,0.0,0.0,0.0
2014-04-15 04:44:00,0.988651082465,1,0.00280852561331,7.88773559179e-06,0.500702130942,0.500702130942,0.991459608078,0.0,0.0,0.0
2014-04-15 04:49:00,0.996360944921,1,0.0117966659725,0.000139161027619,0.502949132293,0.502949132293,1.00815761089,0.0,0.0,0.0
2014-04-15 04:54:00,0.986492320977,1,0.026983573951,0.000728112470824,0.506745484203,0.506745484203,1.01347589493,0.0,0.0,0.0
2014-04-15 04:59:00,0.995661917391,1,0.0307453244299,0.000945275183767,0.50768572569,0.50768572569,1.02640724182,0.0,0.0,0.0
2014-04-15 05:04:00,0.995415201793,1,0.0280658095979,0.000787689175922,0.50701599187,0.50701599187,1.02348101139,0.0,0.0,0.0
2014-04-15 05:09:00,0.996134788955,1,0.0228156733859,0.000520553672686,0.505703670926,0.505703670926,1.01895046234,0.0,0.0,0.0
2014-04-15 05:14:00,0.992763009108,1,0.0228934621445,0.000524111790583,0.505723115576,0.505723115576,1.01565647125,0.0,0.0,0.0
2014-04-15 05:19:00,0.997347807315,1,0.014928007695,0.000222844682867,0.50373193262,0.50373193262,1.01227581501,0.0,0.0,0.0
2014-04-15 05:24:00,0.999259853204,1,0.00512752548841,2.62917601503e-05,0.501281878564,0.501281878564,1.00438737869,0.0,0.0,0.0
2014-04-15 05:29:00,0.995415201793,1,0.00158225596913,2.50356220022e-06,0.50039556391,0.50039556391,0.993832945824,0.0,0.0,0.0
2014-04-15 05:34:00,0.994448899032,1,0.00266468405819,7.10054746378e-06,0.50066617062,0.50066617062,0.991784214973,0.0,0.0,0.0
2014-04-15 05:39:00,0.996854376118,1,0.00565881661628,3.20220788126e-05,0.501414700379,0.501414700379,0.991195559502,0.0,0.0,0.0
2014-04-15 05:44:00,0.99130327515,1,0.0055618386681,3.09339375235e-05,0.501390456083,0.501390456083,0.985741436481,0.0,0.0,0.0
2014-04-15 05:49:00,0.997861798146,1,0.00850289616798,7.2299320891e-05,0.502125711235,0.502125711235,0.989358901978,0.0,0.0,0.0
2014-04-15 05:54:00,0.997101091717,1,0.0131765836217,0.000173621738213,0.503294098245,0.503294098245,0.983924508095,0.0,0.0,0.0
2014-04-15 05:59:00,0.992763009108,1,0.00977703574976,9.55899158726e-05,0.502444239467,0.502444239467,0.982985973358,0.0,0.0,0.0
2014-04-15 06:04:00,0.992763009108,1,0.00544288400492,2.96246998914e-05,0.501360717642,0.501360717642,0.987320125103,0.0,0.0,0.0
2014-04-15 06:09:00,0.996402064187,1,0.00565914235795,3.2026124245e-05,0.501414781814,0.501414781814,0.990742921829,0.0,0.0,0.0
2014-04-15 06:14:00,0.994202183433,1,0.00357864970731,1.28068277263e-05,0.500894661472,0.500894661472,0.990623533726,0.0,0.0,0.0
2014-04-15 06:19:00,0.994448899032,1,0.00194626927471,3.78796880796e-06,0.500486567165,0.500486567165,0.992502629757,0.0,0.0,0.0
2014-04-15 06:24:00,0.991385513682,1,0.00338310585492,1.1445365999e-05,0.500845775657,0.500845775657,0.994768619537,0.0,0.0,0.0
2014-04-15 06:29:00,0.990830403586,1,0.00884653923972,7.82609422458e-05,0.502211620386,0.502211620386,0.999676942825,0.0,0.0,0.0
2014-04-15 06:34:00,0.993009724707,1,0.00794704905142,6.31552466075e-05,0.501986751807,0.501986751807,1.00095677376,0.0,0.0,0.0
2014-04-15 06:39:00,0.989864100824,1,0.00973857461349,9.48396409512e-05,0.502434624412,0.502434624412,0.999602675438,0.0,0.0,0.0
2014-04-15 06:44:00,0.995456321059,1,0.00407715338611,1.66230420291e-05,0.501019286935,0.501019286935,0.999533474445,0.0,0.0,0.0
2014-04-15 06:49:00,0.994942330229,1,0.0024482239361,5.99368922849e-06,0.500612055678,0.500612055678,0.992494106293,0.0,0.0,0.0
2014-04-15 06:54:00,0.992824688008,1,0.00353814606878,1.25183760247e-05,0.500884535594,0.500884535594,0.989286541939,0.0,0.0,0.0
2014-04-15 06:59:00,0.987458623738,1,0.00277950635447,7.72552994022e-06,0.500694876141,0.500694876141,0.990238130093,0.0,0.0,0.0
2014-04-15 07:04:00,0.989350109994,1,0.00433406263627,1.87843543245e-05,0.501083513963,0.501083513963,0.99368417263,0.0,0.0,0.0
2014-04-15 07:09:00,0.997594522914,1,0.00425069280507,1.80684946827e-05,0.501062671601,0.501062671601,0.993343830109,0.0,0.0,0.0
2014-04-15 07:14:00,0.996381504554,1,0.0117945504371,0.000139111813041,0.502948603427,0.502948603427,0.984586954117,0.0,0.0,0.0
2014-04-15 07:19:00,0.996628220153,1,0.0136317563769,0.000185824916116,0.503407886322,0.503407886322,0.982996463776,0.0,0.0,0.0
2014-04-15 07:24:00,0.997820678879,1,0.0131159459842,0.00017202795425,0.50327893949,0.50327893949,0.984704732895,0.0,0.0,0.0
2014-04-15 07:29:00,0.996114229322,1,0.00935307657786,8.74805045896e-05,0.502338252099,0.502338252099,0.986761152744,0.0,0.0,0.0
2014-04-15 07:34:00,0.992804128374,1,0.00079778984617,6.36497873074e-07,0.500199447451,0.500199447451,0.993601918221,0.0,0.0,0.0
2014-04-15 07:39:00,0.995147926561,1,0.00587369705046,3.45001171809e-05,0.501468420041,0.501468420041,1.00102162361,0.0,0.0,0.0
2014-04-15 07:44:00,0.996854376118,1,0.00720017023827,5.18426131748e-05,0.501800034783,0.501800034783,1.00405454636,0.0,0.0,0.0
2014-04-15 07:49:00,0.993729311869,1,0.0103662424827,0.000107459367428,0.502591537414,0.502591537414,1.00409555435,0.0,0.0,0.0
2014-04-15 07:54:00,0.995661917391,1,0.011511382398,0.000132511995616,0.502877813821,0.502877813821,1.00717329979,0.0,0.0,0.0
2014-04-15 07:59:00,0.994921770596,1,0.0115892023811,0.000134310233989,0.502897268168,0.502897268168,1.00651097298,0.0,0.0,0.0
2014-04-15 08:04:00,0.992763009108,1,0.0110825633637,0.000122823796119,0.502770612483,0.502770612483,1.00384557247,0.0,0.0,0.0
2014-04-15 08:09:00,0.991344394416,1,0.0107476094063,0.000115511153126,0.502686876488,0.502686876488,1.00209200382,0.0,0.0,0.0
2014-04-15 08:14:00,0.997594522914,1,0.00189353279231,3.58541933565e-06,0.500473383057,0.500473383057,0.999488055706,0.0,0.0,0.0
2014-04-15 08:19:00,0.996854376118,1,0.00645692280982,4.16917064285e-05,0.501614225094,0.501614225094,0.990397453308,0.0,0.0,0.0
2014-04-15 08:24:00,0.996607660519,1,0.0115432731979,0.000133247172926,0.502885786256,0.502885786256,0.985064387321,0.0,0.0,0.0
2014-04-15 08:29:00,0.987458623738,1,0.00366959700094,1.34661077027e-05,0.500917398221,0.500917398221,0.983789026737,0.0,0.0,0.0
2014-04-15 08:34:00,0.997101091717,1,0.00598999199652,3.5879726056e-05,0.501497493522,0.501497493522,0.99111109972,0.0,0.0,0.0
2014-04-15 08:39:00,0.992516293509,1,0.00643952129634,4.14672504121e-05,0.501609874761,0.501609874761,0.986076772213,0.0,0.0,0.0
2014-04-15 08:44:00,0.986718476942,1,0.00143211967628,2.05096989703e-06,0.500358029858,0.500358029858,0.988150596619,0.0,0.0,0.0
2014-04-15 08:49:00,0.996628220153,1,0.00197308785885,3.89309434468e-06,0.500493271805,0.500493271805,0.994655132294,0.0,0.0,0.0
2014-04-15 08:54:00,0.997080532083,1,0.00890454388598,7.92904174887e-05,0.502226121262,0.502226121262,0.988175988197,0.0,0.0,0.0
2014-04-15 08:59:00,0.990378091655,1,0.00400049479968,1.6003879864e-05,0.501000122366,0.501000122366,0.986377596855,0.0,0.0,0.0
2014-04-15 09:04:00,0.983963486091,1,0.00883937226125,7.81344424468e-05,0.502209828677,0.502209828677,0.992802858353,0.0,0.0,0.0
2014-04-15 09:09:00,0.993215321039,1,0.00720524933486,5.19155983056e-05,0.501801304541,0.501801304541,1.00042057037,0.0,0.0,0.0
2014-04-15 09:14:00,0.990583687987,1,0.00499853495153,2.4985649361e-05,0.501249631136,0.501249631136,0.995582222939,0.0,0.0,0.0
2014-04-15 09:19:00,0.995888073357,1,0.00359107962432,1.28957162815e-05,0.500897768941,0.500897768941,0.992296993732,0.0,0.0,0.0
2014-04-15 09:24:00,0.99827299081,1,0.00965890847342,9.32949842536e-05,0.502414708345,0.502414708345,0.988614082336,0.0,0.0,0.0
2014-04-15 09:29:00,0.994222743066,1,0.0101270504317,0.000102557496575,0.502531740971,0.502531740971,0.984095692635,0.0,0.0,0.0
2014-04-15 09:34:00,0.997594522914,1,0.00980578609349,9.61536861723e-05,0.502451426881,0.502451426881,0.98778873682,0.0,0.0,0.0
2014-04-15 09:39:00,0.996854376118,1,0.00670159987663,4.4911288569e-05,0.501675393699,0.501675393699,0.990152776241,0.0,0.0,0.0
2014-04-15 09:44:00,0.999280412837,1,0.00507165972846,2.57215324382e-05,0.501267912214,0.501267912214,0.994208753109,0.0,0.0,0.0
2014-04-15 09:49:00,0.995620798125,1,0.000507462964364,2.5752979127e-07,0.500126865738,0.500126865738,0.996128261089,0.0,0.0,0.0
2014-04-15 09:54:00,0.991282715516,1,0.0109162190387,0.000119164142234,0.50272902766,0.50272902766,1.00219893456,0.0,0.0,0.0
2014-04-15 09:59:00,0.995661917391,1,0.0165150731176,0.000272747740382,0.504128674439,0.504128674439,1.01217699051,0.0,0.0,0.0
2014-04-15 10:04:00,0.999280412837,1,0.0107689302717,0.000115970280604,0.50269220655,0.50269220655,1.01004934311,0.0,0.0,0.0
2014-04-15 10:09:00,0.996134788955,1,0.0092276025165,8.51481163409e-05,0.50230688426,0.50230688426,1.00536239147,0.0,0.0,0.0
2014-04-15 10:14:00,0.995147926561,1,0.00857724452818,7.35688299756e-05,0.502144297986,0.502144297986,1.00372517109,0.0,0.0,0.0
2014-04-15 10:19:00,0.995456321059,1,0.00555040139102,3.08067683363e-05,0.501387596785,0.501387596785,1.00100672245,0.0,0.0,0.0
2014-04-15 10:24:00,0.98721190814,1,0.0111735808474,0.000124849466374,0.50279336615,0.50279336615,0.998385488987,0.0,0.0,0.0
2014-04-15 10:29:00,0.991282715516,1,0.00932954339478,8.7040643848e-05,0.502332368931,0.502332368931,1.00061225891,0.0,0.0,0.0
2014-04-15 10:34:00,0.997820678879,1,0.00292975061066,8.58341809362e-06,0.500732437129,0.500732437129,0.994890928268,0.0,0.0,0.0
2014-04-15 10:39:00,0.996381504554,1,0.0131118726913,0.000171921637957,0.503277921211,0.503277921211,0.983269631863,0.0,0.0,0.0
2014-04-15 10:44:00,0.992043421945,1,0.0137019617174,0.00018774412456,0.503425436837,0.503425436837,0.978341460228,0.0,0.0,0.0
2014-04-15 10:49:00,1.0,1,0.0190831422806,0.000364166306099,0.504770640795,0.504770640795,0.980916857719,0.0,0.0,0.0
2014-04-15 10:54:00,0.995641357758,1,0.0180712412382,0.000326569512254,0.504517687365,0.504517687365,0.97757011652,0.0,0.0,0.0
2014-04-15 10:59:00,0.997594522914,1,0.0158814663494,0.000252221361734,0.503970283139,0.503970283139,0.981713056564,0.0,0.0,0.0
2014-04-15 11:04:00,0.988651082465,1,0.00255964750909,6.55186886434e-06,0.500639911528,0.500639911528,0.986091434956,0.0,0.0,0.0
2014-04-15 11:09:00,0.995168486194,1,0.00391431753199,1.53217188199e-05,0.500978578134,0.500978578134,0.999082803726,0.0,0.0,0.0
2014-04-15 11:14:00,0.997347807315,1,0.00364556369471,1.32899567689e-05,0.500911389914,0.500911389914,1.00099337101,0.0,0.0,0.0
2014-04-15 11:19:00,0.998314110076,1,0.0030426108481,9.25764743442e-06,0.500760652125,0.500760652125,1.00135672092,0.0,0.0,0.0
2014-04-15 11:24:00,0.990583687987,1,0.0124013126233,0.000153793298523,0.503100288422,0.503100288422,1.00298500061,0.0,0.0,0.0
2014-04-15 11:29:00,0.986471761344,1,0.0221506465694,0.000490650651045,0.505537435232,0.505537435232,1.00862240791,0.0,0.0,0.0
2014-04-15 11:34:00,0.986965192541,1,0.0258159506475,0.000666463980451,0.50645362924,0.50645362924,1.01278114319,0.0,0.0,0.0
2014-04-15 11:39:00,0.995888073357,1,0.0147345472258,0.000217107444769,0.503683570163,0.503683570163,1.01062262058,0.0,0.0,0.0
2014-04-15 11:44:00,0.999280412837,1,0.00346120183127,1.19797814477e-05,0.500865299594,0.500865299594,0.995819211006,0.0,0.0,0.0
2014-04-15 11:49:00,0.996854376118,1,0.013101887028,0.00017165915051,0.503275424902,0.503275424902,0.98375248909,0.0,0.0,0.0
2014-04-15 11:54:00,0.987808137503,1,0.00916394528405,8.39773565531e-05,0.502290970288,0.502290970288,0.978644192219,0.0,0.0,0.0
2014-04-15 11:59:00,0.98599888978,1,7.69108293057e-05,5.91207083289e-09,0.500019227707,0.500019227707,0.985921978951,0.0,0.0,0.0
2014-04-15 12:04:00,0.996628220153,1,0.00667744405239,4.45883233624e-05,0.50166935481,0.50166935481,0.9899507761,0.0,0.0,0.0
2014-04-15 12:09:00,0.989864100824,1,0.00793402374848,6.29488931736e-05,0.501983495532,0.501983495532,0.981930077076,0.0,0.0,0.0
2014-04-15 12:14:00,0.997101091717,1,0.013363622997,0.000178585803951,0.50334085603,0.50334085603,0.983737468719,0.0,0.0,0.0
2014-04-15 12:19:00,0.997347807315,1,0.0167010182412,0.00027892482467,0.504175157515,0.504175157515,0.980646789074,0.0,0.0,0.0
2014-04-15 12:24:00,0.992845247641,1,0.0107429131414,0.000115409959108,0.502685702456,0.502685702456,0.982102334499,0.0,0.0,0.0
2014-04-15 12:29:00,0.995168486194,1,0.00372669990499,1.38884479384e-05,0.500931673898,0.500931673898,0.991441786289,0.0,0.0,0.0
2014-04-15 12:34:00,0.985053146652,1,0.00984016580236,9.68293461483e-05,0.502460021601,0.502460021601,0.994893312454,0.0,0.0,0.0
2014-04-15 12:39:00,0.996628220153,1,0.0101355957273,0.000102730205981,0.50253387724,0.50253387724,1.00676381588,0.0,0.0,0.0
2014-04-15 12:44:00,0.998067394478,1,0.00319407822434,1.02022349893e-05,0.500798518877,0.500798518877,1.0012614727,0.0,0.0,0.0
2014-04-15 12:49:00,0.99469561463,1,0.00311910027837,9.72885391093e-06,0.500779774437,0.500779774437,0.997814714909,0.0,0.0,0.0
2014-04-15 12:54:00,0.999280412837,1,0.0027065676008,7.32561511541e-06,0.500676641487,0.500676641487,1.00198698044,0.0,0.0,0.0
2014-04-15 12:59:00,0.994202183433,1,0.00286347990466,8.19944216346e-06,0.500715869487,0.500715869487,0.997065663338,0.0,0.0,0.0
2014-04-15 13:04:00,0.992084541212,1,0.00979240905219,9.58908494795e-05,0.502448082701,0.502448082701,1.00187695026,0.0,0.0,0.0
2014-04-15 13:09:00,0.998519706408,1,0.00527639420802,2.78402058029e-05,0.501319095492,0.501319095492,1.00379610062,0.0,0.0,0.0
2014-04-15 13:14:00,0.988959476963,1,0.00842894552624,7.10468812031e-05,0.502107223906,0.502107223906,0.997388422489,0.0,0.0,0.0
2014-04-15 13:19:00,0.99584695409,1,0.00676194121148,4.57242131233e-05,0.501690478862,0.501690478862,1.0026088953,0.0,0.0,0.0
2014-04-15 13:24:00,0.995147926561,1,1.31556907812e-05,1.73518088786e-10,0.500003288923,0.500003288923,0.99513477087,0.0,0.0,0.0
2014-04-15 13:29:00,0.991549990748,1,0.00146494093061,2.14611645788e-06,0.500366235167,0.500366235167,0.993014931679,0.0,0.0,0.0
2014-04-15 13:34:00,0.993009724707,1,0.000119290262361,1.42250691226e-08,0.500029822566,0.500029822566,0.993129014969,0.0,0.0,0.0
2014-04-15 13:39:00,0.993729311869,1,0.00502010051959,2.52012232522e-05,0.501255022494,0.501255022494,0.988709211349,0.0,0.0,0.0
2014-04-15 13:44:00,0.99757396328,1,0.0104238306244,0.000108656422526,0.50260593406,0.50260593406,0.987150132656,0.0,0.0,0.0
2014-04-15 13:49:00,0.996628220153,1,0.0149100971934,0.000222311136895,0.503727455244,0.503727455244,0.981718122959,0.0,0.0,0.0
2014-04-15 13:54:00,0.995661917391,1,0.0137383968264,0.000188743462786,0.503434545186,0.503434545186,0.981923520565,0.0,0.0,0.0
2014-04-15 13:59:00,0.99878698164,1,0.0117477732281,0.000138010276714,0.50293690953,0.50293690953,0.987039208412,0.0,0.0,0.0
2014-04-15 14:04:00,0.990336972388,1,0.00284119239726,8.07227297628e-06,0.500710297622,0.500710297622,0.987495779991,0.0,0.0,0.0
2014-04-15 14:09:00,0.998067394478,1,0.00158618332688,2.51602659773e-06,0.500396545749,0.500396545749,0.999653577805,0.0,0.0,0.0
2014-04-15 14:14:00,0.990583687987,1,0.00904074314626,8.17355758045e-05,0.502260170392,0.502260170392,0.999624431133,0.0,0.0,0.0
2014-04-15 14:19:00,0.990110816423,1,0.0158634763321,0.000251649937127,0.503965785918,0.503965785918,1.00597429276,0.0,0.0,0.0
2014-04-15 14:24:00,0.992002302679,1,0.0174605307256,0.000304869929096,0.504365021785,0.504365021785,1.0094628334,0.0,0.0,0.0
2014-04-15 14:29:00,0.994448899032,1,0.0112999689569,0.000127689272631,0.50282496218,0.50282496218,1.00574886799,0.0,0.0,0.0
2014-04-15 14:34:00,0.989432348527,1,0.0109920365439,0.000120825163322,0.502747981467,0.502747981467,1.00042438507,0.0,0.0,0.0
2014-04-15 14:39:00,0.997080532083,1,0.000444683065618,1.97767207055e-07,0.500111170765,0.500111170765,0.997525215149,0.0,0.0,0.0
2014-04-15 14:44:00,0.993441477004,1,0.00567181367016,3.21693041769e-05,0.501417949616,0.501417949616,0.987769663334,0.0,0.0,0.0
2014-04-15 14:49:00,0.991549990748,1,0.00609739837527,3.7177997001e-05,0.501524344871,0.501524344871,0.985452592373,0.0,0.0,0.0
2014-04-15 14:54:00,0.989165073295,1,0.00480545129344,2.30923087656e-05,0.501201360512,0.501201360512,0.984359622002,0.0,0.0,0.0
2014-04-15 14:59:00,0.995661917391,1,0.00841135090885,7.0750771556e-05,0.502102825329,0.502102825329,0.987250566483,0.0,0.0,0.0
2014-04-15 15:04:00,0.993503155904,1,0.0111134674119,0.000123509104014,0.502778338257,0.502778338257,0.982389688492,0.0,0.0,0.0
2014-04-15 15:09:00,0.989864100824,1,0.00662355602845,4.38716269855e-05,0.501655882953,0.501655882953,0.983240544796,0.0,0.0,0.0
2014-04-15 15:14:00,0.989370669627,1,0.000277961993282,7.72486714595e-08,0.500069490498,0.500069490498,0.989092707634,0.0,0.0,0.0
2014-04-15 15:19:00,0.991549990748,1,0.00142679395795,2.0358038455e-06,0.500356698429,0.500356698429,0.992976784706,0.0,0.0,0.0
2014-04-15 15:24:00,0.992742449475,1,0.000302762222657,9.16827502806e-08,0.500075690555,0.500075690555,0.992439687252,0.0,0.0,0.0
2014-04-15 15:29:00,0.996607660519,1,0.00404864476845,1.63915301528e-05,0.50101215981,0.50101215981,0.992559015751,0.0,0.0,0.0
2014-04-15 15:34:00,0.991077119184,1,0.00195073492592,3.80538972422e-06,0.500487683577,0.500487683577,0.989126384258,0.0,0.0,0.0
2014-04-15 15:39:00,0.99296860544,1,0.000744177419723,5.53780068913e-07,0.500186044346,0.500186044346,0.99371278286,0.0,0.0,0.0
2014-04-15 15:44:00,0.997820678879,1,0.00278812997467,7.7736494859e-06,0.500697032042,0.500697032042,0.995032548904,0.0,0.0,0.0
2014-04-15 15:49:00,0.994962889862,1,0.00158466787337,2.51111282523e-06,0.500396166885,0.500396166885,0.993378221989,0.0,0.0,0.0
2014-04-15 15:54:00,0.995168486194,1,0.000639042301582,4.08348341807e-07,0.50015976057,0.50015976057,0.995807528496,0.0,0.0,0.0
2014-04-15 15:59:00,0.993955467834,1,0.00356420408251,1.27033717945e-05,0.500891050077,0.500891050077,0.997519671917,0.0,0.0,0.0
2014-04-15 16:04:00,0.995189045827,1,0.00556542976614,3.09737333737e-05,0.50139135385,0.50139135385,1.00075447559,0.0,0.0,0.0
2014-04-15 16:09:00,0.991796706347,1,0.00983908352446,9.68070598901e-05,0.502459751038,0.502459751038,1.00163578987,0.0,0.0,0.0
2014-04-15 16:14:00,0.987458623738,1,0.0160497056533,0.000257592328126,0.504012340284,0.504012340284,1.00350832939,0.0,0.0,0.0
2014-04-15 16:19:00,0.996381504554,1,0.0102330612953,0.000104715203634,0.502558243,0.502558243,1.00661456585,0.0,0.0,0.0
2014-04-15 16:24:00,0.997594522914,1,0.00149105735661,2.22328912969e-06,0.50037276427,0.50037276427,0.996103465557,0.0,0.0,0.0
2014-04-15 16:29:00,0.992043421945,1,0.0030178291414,9.10737526283e-06,0.500754456713,0.500754456713,0.989025592804,0.0,0.0,0.0
2014-04-15 16:34:00,0.999753284401,1,0.00980012411546,9.60426696111e-05,0.50245001142,0.50245001142,0.989953160286,0.0,0.0,0.0
2014-04-15 16:39:00,0.994448899032,1,0.011629461051,0.000135244394187,0.502907332496,0.502907332496,0.982819437981,0.0,0.0,0.0
2014-04-15 16:44:00,0.996381504554,1,0.0105006528084,0.000110264059913,0.502625139081,0.502625139081,0.985880851746,0.0,0.0,0.0
2014-04-15 16:49:00,0.989144513662,1,0.00205499892952,4.22298126068e-06,0.500513749552,0.500513749552,0.987089514732,0.0,0.0,0.0
2014-04-15 16:54:00,0.988651082465,1,0.00659342055655,4.34730063716e-05,0.501648349168,0.501648349168,0.995244503021,0.0,0.0,0.0
2014-04-15 16:59:00,0.988671642098,1,0.0113015358119,0.000127724299091,0.502825353881,0.502825353881,0.99997317791,0.0,0.0,0.0
2014-04-15 17:04:00,0.994921770596,1,0.00436106631845,1.90191331058e-05,0.501090264852,0.501090264852,0.999282836914,0.0,0.0,0.0
2014-04-15 17:09:00,0.99469561463,1,0.000448356920732,2.0101425946e-07,0.500112089228,0.500112089228,0.99424725771,0.0,0.0,0.0
2014-04-15 17:14:00,0.994921770596,1,0.00530513813406,2.8144206226e-05,0.501326281423,0.501326281423,0.989616632462,0.0,0.0,0.0
2014-04-15 17:19:00,0.996134788955,1,0.009420127834,8.87393471203e-05,0.502355014543,0.502355014543,0.986714661121,0.0,0.0,0.0
2014-04-15 17:24:00,0.997347807315,1,0.0107486599953,0.000115534217912,0.502687139128,0.502687139128,0.98659914732,0.0,0.0,0.0
2014-04-15 17:29:00,0.996381504554,1,0.0102354717437,0.000104765225842,0.502558845596,0.502558845596,0.98614603281,0.0,0.0,0.0
2014-04-15 17:34:00,0.995661917391,1,0.00551671093998,3.04340665025e-05,0.501379174237,0.501379174237,0.990145206451,0.0,0.0,0.0
2014-04-15 17:39:00,0.996854376118,0,0.00227249793266,5.16419595442e-06,0.500568124239,0.500568124239,0.994581878185,0.0,0.0,0.0
2014-04-15 17:44:00,0.995209605461,0,0.00366672777606,1.3444680917e-05,0.500916680917,0.500916680917,0.998876333237,0.0,0.0,0.0
2014-04-15 17:49:00,0.992269577911,0,0.011551318238,0.000133433000883,0.502887797449,0.502887797449,1.00382089615,0.0,0.0,0.0
2014-04-15 17:54:00,0.991570550381,0,0.0179075418122,0.000320680701407,0.50447676582,0.50447676582,1.00947809219,0.0,0.0,0.0
2014-04-15 17:59:00,0.994921770596,0,0.0152770609626,0.000233389408095,0.503819190961,0.503819190961,1.01019883156,0.0,0.0,0.0
2014-04-15 18:04:00,0.99469561463,0,0.0102041255889,0.000104124395875,0.502551009262,0.502551009262,1.00489974022,0.0,0.0,0.0
2014-04-15 18:09:00,0.991077119184,0,0.00852835767204,7.27327860659e-05,0.502132076495,0.502132076495,0.999605476856,0.0,0.0,0.0
2014-04-15 18:14:00,0.99878698164,0,0.00145339542427,2.11237056646e-06,0.500363348792,0.500363348792,0.997333586216,0.0,0.0,0.0
2014-04-15 18:19:00,0.989843541191,0,0.0025961933595,6.74025204717e-06,0.500649047975,0.500649047975,0.987247347832,0.0,0.0,0.0
2014-04-15 18:24:00,0.995435761426,0,0.00676720044427,4.57951755379e-05,0.501691793655,0.501691793655,0.988668560982,0.0,0.0,0.0
2014-04-15 18:29:00,0.994448899032,0,0.0102164733419,0.000104376355011,0.50255409612,0.50255409612,0.98423242569,0.0,0.0,0.0
2014-04-15 18:34:00,0.996628220153,0,0.0141155076739,0.000199247690034,0.503528818326,0.503528818326,0.982512712479,0.0,0.0,0.0
2014-04-15 18:39:00,0.994448899032,0,0.012390910388,0.000153534696437,0.503097687964,0.503097687964,0.982057988644,0.0,0.0,0.0
2014-04-15 18:44:00,0.996381504554,0,0.0113856029693,0.000129632331664,0.502846369994,0.502846369994,0.984995901585,0.0,0.0,0.0
2014-04-15 18:49:00,0.990583687987,0,0.00165346261469,2.73384011962e-06,0.500413365559,0.500413365559,0.988930225372,0.0,0.0,0.0
2014-04-15 18:54:00,0.992783568741,0,0.00389144575472,1.5143523342e-05,0.500972860211,0.500972860211,0.996675014496,0.0,0.0,0.0
2014-04-15 18:59:00,0.992269577911,0,0.00701492793339,4.92092476634e-05,0.501753724792,0.501753724792,0.999284505844,0.0,0.0,0.0
2014-04-15 19:04:00,0.996134788955,0,0.00596615556368,3.55946722266e-05,0.501491534467,0.501491534467,1.00210094452,0.0,0.0,0.0
2014-04-15 19:09:00,0.996340385288,0,0.00180382409739,3.25374981003e-06,0.500450955902,0.500450955902,0.998144209385,0.0,0.0,0.0
2014-04-15 19:14:00,0.98599888978,0,0.0111934930327,0.00012529475498,0.50279834404,0.50279834404,0.997192382812,0.0,0.0,0.0
2014-04-15 19:19:00,0.992763009108,0,0.0115208959214,0.000132731642225,0.502880192123,0.502880192123,1.00428390503,0.0,0.0,0.0
2014-04-15 19:24:00,0.995888073357,0,0.0038601566237,1.4900955648e-05,0.500965037958,0.500965037958,0.99974822998,0.0,0.0,0.0
2014-04-15 19:29:00,0.996854376118,0,0.00445766381477,1.98706657102e-05,0.501114414108,0.501114414108,0.992396712303,0.0,0.0,0.0
2014-04-15 19:34:00,0.996134788955,0,0.00790551420561,6.24976091785e-05,0.501976368258,0.501976368258,0.98822927475,0.0,0.0,0.0
2014-04-15 19:39:00,0.993955467834,0,0.0079930769348,6.38896817691e-05,0.501998258595,0.501998258595,0.9859623909,0.0,0.0,0.0
2014-04-15 19:44:00,0.99348259627,0,0.00383127390568,1.46786096593e-05,0.500957817305,0.500957817305,0.989651322365,0.0,0.0,0.0
2014-04-15 19:49:00,0.993235880672,0,0.00143509560719,2.0595150545e-06,0.50035877384,0.50035877384,0.991800785065,0.0,0.0,0.0
2014-04-15 19:54:00,0.993955467834,0,0.000334645614643,1.11970862804e-07,0.500083661403,0.500083661403,0.994290113449,0.0,0.0,0.0
2014-04-15 19:59:00,0.991549990748,0,0.00362101974607,1.31119431899e-05,0.500905253947,0.500905253947,0.995171010494,0.0,0.0,0.0
2014-04-15 20:04:00,0.990110816423,0,0.00602787547913,3.6335306504e-05,0.501506964307,0.501506964307,0.996138691902,0.0,0.0,0.0
2014-04-15 20:09:00,0.990336972388,0,0.0087455929192,7.64857031754e-05,0.502186384294,0.502186384294,0.999082565308,0.0,0.0,0.0
2014-04-15 20:14:00,0.996381504554,0,0.00163228986819,2.6643158435e-06,0.500408072376,0.500408072376,0.998013794422,0.0,0.0,0.0
2014-04-15 20:19:00,0.995168486194,0,0.00451950128515,2.04260813916e-05,0.501129873398,0.501129873398,0.990648984909,0.0,0.0,0.0
2014-04-15 20:24:00,0.997101091717,0,0.00962223944449,9.25870481296e-05,0.502405541301,0.502405541301,0.987478852272,0.0,0.0,0.0
2014-04-15 20:29:00,0.994202183433,0,0.0089321600871,7.97837201389e-05,0.502233025175,0.502233025175,0.985270023346,0.0,0.0,0.0
2014-04-15 20:34:00,0.988897798063,0,0.000532863142018,2.83945666979e-07,0.500133215782,0.500133215782,0.988364934921,0.0,0.0,0.0
2014-04-15 20:39:00,0.995168486194,0,0.000640472813057,4.10178643051e-07,0.500160118198,0.500160118198,0.995808959007,0.0,0.0,0.0
2014-04-15 20:44:00,0.994448899032,0,0.000200330019953,4.01325941368e-08,0.500050082505,0.500050082505,0.994248569012,0.0,0.0,0.0
2014-04-15 20:49:00,0.996381504554,0,0.00179301025312,3.21494553646e-06,0.500448252443,0.500448252443,0.994588494301,0.0,0.0,0.0
2014-04-15 20:54:00,0.989350109994,0,0.00466963678636,2.18057830352e-05,0.501167407075,0.501167407075,0.99401974678,0.0,0.0,0.0
2014-04-15 20:59:00,0.994901210962,0,0.00486710578336,2.36884370679e-05,0.501216774044,0.501216774044,0.999768316746,0.0,0.0,0.0
2014-04-15 21:04:00,0.993729311869,0,0.00480286414868,2.30676814681e-05,0.501200713729,0.501200713729,0.998532176018,0.0,0.0,0.0
2014-04-15 21:09:00,0.991796706347,0,0.00459661659788,2.11286496778e-05,0.501149152126,0.501149152126,0.996393322945,0.0,0.0,0.0
2014-04-15 21:14:00,0.996854376118,0,0.000284124095693,8.07328888186e-08,0.500071031023,0.500071031023,0.997138500214,0.0,0.0,0.0
2014-04-15 21:19:00,0.988753880631,0,0.0027237876546,7.41915755498e-06,0.500680946493,0.500680946493,0.991477668285,0.0,0.0,0.0
2014-04-15 21:24:00,0.989864100824,0,0.00534428178207,2.85612404696e-05,0.501336067266,0.501336067266,0.995208382607,0.0,0.0,0.0
2014-04-15 21:29:00,0.994469458665,0,0.00123966256241,1.53675046022e-06,0.500309915601,0.500309915601,0.995709121227,0.0,0.0,0.0
2014-04-15 21:34:00,0.993729311869,0,0.00412197773211,1.69905470102e-05,0.501030492974,0.501030492974,0.989607334137,0.0,0.0,0.0
2014-04-15 21:39:00,0.995415201793,0,0.00766127408513,5.8695259213e-05,0.501915309153,0.501915309153,0.987753927708,0.0,0.0,0.0
2014-04-15 21:44:00,0.994202183433,0,0.0101595389323,0.000103216501884,0.502539862887,0.502539862887,0.984042644501,0.0,0.0,0.0
2014-04-15 21:49:00,0.997594522914,0,0.0109313006008,0.000119493604871,0.502732797938,0.502732797938,0.986663222313,0.0,0.0,0.0
2014-04-15 21:54:00,0.991077119184,0,0.00478219397133,2.286943527e-05,0.501195546214,0.501195546214,0.986294925213,0.0,0.0,0.0
2014-04-15 21:59:00,0.992269577911,0,0.00089198119419,7.95634605311e-07,0.500222995284,0.500222995284,0.993161559105,0.0,0.0,0.0
2014-04-15 22:04:00,0.99348259627,0,0.00468694508847,2.19675148401e-05,0.501171734127,0.501171734127,0.998169541359,0.0,0.0,0.0
2014-04-15 22:09:00,0.993934908201,0,0.00407227010534,1.65832116181e-05,0.501018066119,0.501018066119,0.998007178307,0.0,0.0,0.0
2014-04-15 22:14:00,0.993708752236,0,0.00536672011903,2.88019255095e-05,0.50134167681,0.50134167681,0.999075472355,0.0,0.0,0.0
2014-04-15 22:19:00,0.993708752236,0,0.00568339959672,3.23012864101e-05,0.501420846075,0.501420846075,0.999392151833,0.0,0.0,0.0
2014-04-15 22:24:00,0.998067394478,0,0.000593944805307,3.52788816826e-07,0.500148486197,0.500148486197,0.998661339283,0.0,0.0,0.0
2014-04-15 22:29:00,0.985032587019,0,0.00920865062173,8.47997725941e-05,0.502302146387,0.502302146387,0.99424123764,0.0,0.0,0.0
2014-04-15 22:34:00,0.985032587019,0,0.0166148853629,0.00027605536161,0.504153625789,0.504153625789,1.00164747238,0.0,0.0,0.0
2014-04-15 22:39:00,0.99878698164,0,0.00430483049354,1.85315293493e-05,0.501076205961,0.501076205961,1.00309181213,0.0,0.0,0.0
2014-04-15 22:44:00,0.990809843952,0,0.00326149266454,1.06374254756e-05,0.500815372443,0.500815372443,0.987548351288,0.0,0.0,0.0
2014-04-15 22:49:00,0.991200476983,0,0.00446143756241,1.9904689907e-05,0.501115357541,0.501115357541,0.986739039421,0.0,0.0,0.0
2014-04-15 22:54:00,0.988527724665,0,0.00374586336016,1.4031421415e-05,0.500936464745,0.500936464745,0.984781861305,0.0,0.0,0.0
2014-04-15 22:59:00,0.990583687987,0,0.00485697385279,2.35899060499e-05,0.501214241076,0.501214241076,0.985726714134,0.0,0.0,0.0
2014-04-15 23:04:00,0.985526018216,0,0.00119113214177,1.41881264426e-06,0.500297783,0.500297783,0.984334886074,0.0,0.0,0.0
2014-04-15 23:09:00,0.992763009108,0,0.00651475433192,4.24416830356e-05,0.501628682823,0.501628682823,0.986248254776,0.0,0.0,0.0
2014-04-15 23:14:00,0.99469561463,0,0.0117942798677,0.000139104784466,0.502948535787,0.502948535787,0.982901334763,0.0,0.0,0.0
2014-04-15 23:19:00,0.996854376118,0,0.0185127966807,0.000342723214999,0.504628066992,0.504628066992,0.978341579437,0.0,0.0,0.0
2014-04-15 23:24:00,0.995661917391,0,0.0164979726702,0.000272183009656,0.504124399619,0.504124399619,0.979163944721,0.0,0.0,0.0
2014-04-15 23:29:00,0.997553403647,0,0.0115061357335,0.000132391258376,0.502876502198,0.502876502198,0.986047267914,0.0,0.0,0.0
2014-04-15 23:34:00,0.99878698164,0,0.00847953134575,7.19025265425e-05,0.502119870134,0.502119870134,0.990307450294,0.0,0.0,0.0
2014-04-15 23:39:00,0.989864100824,0,0.00652016221419,4.25123835157e-05,0.501630034779,0.501630034779,0.996384263039,0.0,0.0,0.0
2014-04-15 23:44:00,0.995661917391,0,0.0143251984686,0.000205211399589,0.503581238375,0.503581238375,1.00998711586,0.0,0.0,0.0
2014-04-15 23:49:00,0.996628220153,0,0.0166735100034,0.000278005783912,0.504168280934,0.504168280934,1.01330173016,0.0,0.0,0.0
2014-04-15 23:54:00,0.987684779704,0,0.0248664087654,0.000618337944616,0.506216281881,0.506216281881,1.01255118847,0.0,0.0,0.0
2014-04-15 23:59:00,0.999280412837,0,0.0197109382902,0.00038852187572,0.504927575035,0.504927575035,1.01899135113,0.0,0.0,0.0
2014-04-16 00:04:00,0.993523715537,0,0.0137604488918,0.000189349913853,0.503440057942,0.503440057942,1.00728416443,0.0,0.0,0.0
2014-04-16 00:09:00,0.98190752277,0,0.0213224529306,0.000454645982245,0.50533041128,0.50533041128,1.0032299757,0.0,0.0,0.0
2014-04-16 00:14:00,0.987458623738,0,0.0180868732025,0.000327134155668,0.504521595037,0.504521595037,1.00554549694,0.0,0.0,0.0
2014-04-16 00:19:00,0.985279302617,0,0.00993301389582,9.86643863143e-05,0.502483233057,0.502483233057,0.995212316513,0.0,0.0,0.0
2014-04-16 00:24:00,0.985526018216,0,0.00128353350002,1.64744005815e-06,0.500320883331,0.500320883331,0.986809551716,0.0,0.0,0.0
2014-04-16 00:29:00,0.997820678879,0,0.0227409040225,0.00051714858273,0.505684981009,0.505684981009,0.975079774857,0.0,0.0,0.0
2014-04-16 00:34:00,0.996874935751,0,0.0384717060377,0.00148007157259,0.509616740416,0.509616740416,0.958403229713,0.0,0.0,0.0
2014-04-16 00:39:00,0.994448899032,0,0.0407486546049,0.00166045292281,0.510185754277,0.510185754277,0.953700244427,0.0,0.0,0.0
2014-04-16 00:44:00,0.988178210901,0,0.0312327915892,0.000975486182142,0.507807563226,0.507807563226,0.956945419312,0.0,0.0,0.0
2014-04-16 00:49:00,0.993276999938,0,0.0203124747155,0.000412597175455,0.505077944085,0.505077944085,0.972964525223,0.0,0.0,0.0
2014-04-16 00:54:00,0.995661917391,0,0.0142203003794,0.000202216862817,0.503555015188,0.503555015188,0.981441617012,0.0,0.0,0.0
2014-04-16 00:59:00,0.993976027468,0,0.0057879991321,3.35012700816e-05,0.501446995743,0.501446995743,0.988188028336,0.0,0.0,0.0
2014-04-16 01:04:00,0.994921770596,0,0.00650337646097,4.22942539444e-05,0.501625838385,0.501625838385,1.00142514706,0.0,0.0,0.0
2014-04-16 01:09:00,0.998314110076,0,0.0117426240088,0.000137889859616,0.50293562227,0.50293562227,1.01005673409,0.0,0.0,0.0
2014-04-16 01:14:00,0.988424926499,0,0.0258632605277,0.000668909749947,0.506465454736,0.506465454736,1.01428818703,0.0,0.0,0.0
2014-04-16 01:19:00,0.979255330085,0,0.0465048437127,0.00216270145029,0.511624116047,0.511624116047,1.0257601738,0.0,0.0,0.0
2014-04-16 01:24:00,0.990110816423,0,0.042933402594,0.00184327724855,0.510731702241,0.510731702241,1.03304421902,0.0,0.0,0.0
2014-04-16 01:29:00,0.986245605378,0,0.0334284573505,0.00111745996401,0.508356336195,0.508356336195,1.01967406273,0.0,0.0,0.0
2014-04-16 01:34:00,0.998540266042,0,0.00887407493125,7.87489188951e-05,0.502218504174,0.502218504174,1.00741434097,0.0,0.0,0.0
2014-04-16 01:39:00,0.992742449475,0,0.00733777923621,5.38434360351e-05,0.501834436578,0.501834436578,0.985404670238,0.0,0.0,0.0
2014-04-16 01:44:00,0.999280412837,0,0.0241627294268,0.000583836517762,0.506040388476,0.506040388476,0.975117683411,0.0,0.0,0.0
2014-04-16 01:49:00,0.99878698164,0,0.0345598416904,0.0011943829013,0.508639100574,0.508639100574,0.96422713995,0.0,0.0,0.0
2014-04-16 01:54:00,0.996381504554,0,0.0358058643524,0.00128206110094,0.508950509851,0.508950509851,0.960575640202,0.0,0.0,0.0
2014-04-16 01:59:00,0.992516293509,0,0.0246548795536,0.000607862370089,0.506163407683,0.506163407683,0.967861413956,0.0,0.0,0.0
2014-04-16 02:04:00,0.994202183433,0,0.0163633095698,0.000267758325208,0.504090736116,0.504090736116,0.977838873863,0.0,0.0,0.0
2014-04-16 02:09:00,0.9941816238,0,0.00677322421792,4.58766917291e-05,0.501693299581,0.501693299581,0.987408399582,0.0,0.0,0.0
2014-04-16 02:14:00,0.992763009108,0,0.00558564420858,3.11997137032e-05,0.501396407422,0.501396407422,0.998348653316,0.0,0.0,0.0
2014-04-16 02:19:00,0.989617385226,0,0.0161496025748,0.000260808941675,0.504037312897,0.504037312897,1.0057669878,0.0,0.0,0.0
2014-04-16 02:24:00,0.988260449434,0,0.026071606612,0.000679728749674,0.506517532478,0.506517532478,1.01433205605,0.0,0.0,0.0
2014-04-16 02:29:00,0.993235880672,0,0.0220553333174,0.000486437493237,0.505513609829,0.505513609829,1.01529121399,0.0,0.0,0.0
2014-04-16 02:34:00,0.996114229322,0,0.0130572565787,0.000170491301105,0.503264267767,0.503264267767,1.0091714859,0.0,0.0,0.0
2014-04-16 02:39:00,0.994921770596,0,0.00475570867151,2.26170195674e-05,0.501188924927,0.501188924927,0.999677479267,0.0,0.0,0.0
2014-04-16 02:44:00,0.995661917391,0,0.00200724906025,4.02903651775e-06,0.500501812097,0.500501812097,0.993654668331,0.0,0.0,0.0
2014-04-16 02:49:00,0.997368366948,0,0.00872340940591,7.60983675718e-05,0.502180838522,0.502180838522,0.988644957542,0.0,0.0,0.0
2014-04-16 02:54:00,0.989864100824,0,0.00434636057481,1.88909380086e-05,0.501086588433,0.501086588433,0.98551774025,0.0,0.0,0.0
2014-04-16 02:59:00,0.992269577911,0,0.00195205443127,3.81050745091e-06,0.500488013453,0.500488013453,0.990317523479,0.0,0.0,0.0
2014-04-16 03:04:00,0.998046834844,0,0.00751062192332,5.64091496926e-05,0.501877646654,0.501877646654,0.990536212921,0.0,0.0,0.0
2014-04-16 03:09:00,0.992516293509,0,0.00639732120784,4.09255371778e-05,0.501599324848,0.501599324848,0.986118972301,0.0,0.0,0.0
2014-04-16 03:14:00,0.987684779704,0,0.00230128234634,5.29586986886e-06,0.500575320333,0.500575320333,0.98998606205,0.0,0.0,0.0
2014-04-16 03:19:00,0.997820678879,0,0.00135022752411,1.82310486707e-06,0.50033755683,0.50033755683,0.996470451355,0.0,0.0,0.0
2014-04-16 03:24:00,0.995415201793,0,0.00434660018452,1.88930116565e-05,0.501086648335,0.501086648335,0.991068601608,0.0,0.0,0.0
2014-04-16 03:29:00,0.991549990748,0,0.00120838699221,1.46014588154e-06,0.500302096711,0.500302096711,0.990341603756,0.0,0.0,0.0
2014-04-16 03:34:00,0.994490018298,0,0.000546207835122,2.9835297255e-07,0.500136551955,0.500136551955,0.993943810463,0.0,0.0,0.0
2014-04-16 03:39:00,0.99130327515,0,0.00267492719342,7.15528949513e-06,0.5006687314,0.5006687314,0.993978202343,0.0,0.0,0.0
2014-04-16 03:44:00,0.99002857789,0,0.00612513438247,3.75174895453e-05,0.501531278808,0.501531278808,0.996153712273,0.0,0.0,0.0
2014-04-16 03:49:00,0.996587100886,0,0.00148188743709,2.19599996854e-06,0.500370471791,0.500370471791,0.998068988323,0.0,0.0,0.0
2014-04-16 03:54:00,0.996381504554,0,0.00278506996076,7.75670741859e-06,0.50069626704,0.50069626704,0.993596434593,0.0,0.0,0.0
2014-04-16 03:59:00,0.99130327515,0,0.00046540312122,2.16590706259e-07,0.500116350778,0.500116350778,0.990837872028,0.0,0.0,0.0
2014-04-16 04:04:00,0.992516293509,0,0.00116042854039,1.34662752771e-06,0.500290107103,0.500290107103,0.99367672205,0.0,0.0,0.0
2014-04-16 04:09:00,0.995888073357,0,1.92712861538e-05,3.70651065396e-10,0.500004817822,0.500004817822,0.995868802071,0.0,0.0,0.0
2014-04-16 04:14:00,0.993462036637,0,0.000678907422026,4.60900992039e-07,0.500169726849,0.500169726849,0.992783129215,0.0,0.0,0.0
2014-04-16 04:19:00,0.994037706367,0,0.00108297537977,1.1727954643e-06,0.500270743818,0.500270743818,0.992954730988,0.0,0.0,0.0
2014-04-16 04:24:00,0.99348259627,0,0.000306718953211,9.40805335858e-08,0.500076679738,0.500076679738,0.993789315224,0.0,0.0,0.0
2014-04-16 04:29:00,0.993729311869,0,0.000610988690921,3.73329811509e-07,0.500152747168,0.500152747168,0.99434030056,0.0,0.0,0.0
2014-04-16 04:34:00,0.990830403586,0,0.00364472268088,1.32838731588e-05,0.500911179662,0.500911179662,0.994475126266,0.0,0.0,0.0
2014-04-16 04:39:00,0.989617385226,0,0.00754781786863,5.6969220168e-05,0.501886945509,0.501886945509,0.997165203094,0.0,0.0,0.0
2014-04-16 04:44:00,0.992516293509,0,0.00533615113942,2.84746620309e-05,0.501334034619,0.501334034619,0.997852444649,0.0,0.0,0.0
2014-04-16 04:49:00,0.991591110015,0,0.00174628279241,3.04955278807e-06,0.500436570587,0.500436570587,0.993337392807,0.0,0.0,0.0
2014-04-16 04:54:00,0.992763009108,0,0.00144943240961,2.100778147e-06,0.500362358039,0.500362358039,0.991313576698,0.0,0.0,0.0
2014-04-16 04:59:00,0.992763009108,0,0.00405832771143,1.64698103617e-05,0.501014580535,0.501014580535,0.988704681396,0.0,0.0,0.0
2014-04-16 05:04:00,0.990583687987,0,0.00415661927668,1.72772361111e-05,0.501039153323,0.501039153323,0.98642706871,0.0,0.0,0.0
2014-04-16 05:09:00,0.995189045827,0,0.00747237102273,5.58366991754e-05,0.501868084063,0.501868084063,0.987716674805,0.0,0.0,0.0
2014-04-16 05:14:00,0.991796706347,0,0.00704297843386,4.96039065183e-05,0.50176073733,0.50176073733,0.984753727913,0.0,0.0,0.0
2014-04-16 05:19:00,0.992290137544,0,0.00459301306275,2.10957841773e-05,0.501148251247,0.501148251247,0.987697124481,0.0,0.0,0.0
2014-04-16 05:24:00,0.995929192623,0,0.00613589199454,3.7649035221e-05,0.501533968186,0.501533968186,0.989793300629,0.0,0.0,0.0
2014-04-16 05:29:00,0.989555706326,0,0.00031362945242,9.83698242862e-08,0.500078407362,0.500078407362,0.989242076874,0.0,0.0,0.0
2014-04-16 05:34:00,0.995888073357,0,0.00066701659379,4.44936461008e-07,0.500166754142,0.500166754142,0.996555089951,0.0,0.0,0.0
2014-04-16 05:39:00,0.985032587019,0,0.00981649878915,9.63642087299e-05,0.50245410499,0.50245410499,0.994849085808,0.0,0.0,0.0
2014-04-16 05:44:00,0.992043421945,0,0.0111394660857,0.000124087397126,0.502784837724,0.502784837724,1.00318288803,0.0,0.0,0.0
2014-04-16 05:49:00,0.985752174181,0,0.0144700319345,0.000209382080357,0.503617444865,0.503617444865,1.00022220612,0.0,0.0,0.0
2014-04-16 05:54:00,0.994716174263,0,0.00553797994187,3.06692963932e-05,0.501384491447,0.501384491447,1.00025415421,0.0,0.0,0.0
2014-04-16 05:59:00,0.996854376118,0,0.00438983372901,1.92705410882e-05,0.50109745667,0.50109745667,0.992464542389,0.0,0.0,0.0
2014-04-16 06:04:00,0.996073110056,0,0.0125484299181,0.000157463509822,0.503137066315,0.503137066315,0.983524680138,0.0,0.0,0.0
2014-04-16 06:09:00,0.996381504554,0,0.0138793420974,0.000192636594875,0.503469779824,0.503469779824,0.982502162457,0.0,0.0,0.0
2014-04-16 06:14:00,0.988137091634,0,0.00497301959754,2.47306725214e-05,0.501243252337,0.501243252337,0.983164072037,0.0,0.0,0.0
2014-04-16 06:19:00,0.993009724707,0,0.00114391097436,1.30858120428e-06,0.500285977712,0.500285977712,0.991865813732,0.0,0.0,0.0
2014-04-16 06:24:00,0.996628220153,0,0.00222700364559,4.95956601299e-06,0.500556750681,0.500556750681,0.994401216507,0.0,0.0,0.0
2014-04-16 06:29:00,0.99469561463,0,0.00317783241893,1.00985507743e-05,0.500794457436,0.500794457436,0.991517782211,0.0,0.0,0.0
2014-04-16 06:34:00,0.990419210921,0,0.00546866463567,2.99063140119e-05,0.501367162752,0.501367162752,0.995887875557,0.0,0.0,0.0
2014-04-16 06:39:00,0.994448899032,0,0.00551909327411,3.04603781842e-05,0.501379769816,0.501379769816,0.999967992306,0.0,0.0,0.0
2014-04-16 06:44:00,0.994448899032,0,0.00612509369755,3.75167583115e-05,0.501531268637,0.501531268637,1.00057399273,0.0,0.0,0.0
2014-04-16 06:49:00,0.994921770596,0,0.00398728559106,1.5898658603e-05,0.500996820077,0.500996820077,0.998909056187,0.0,0.0,0.0
2014-04-16 06:54:00,0.99130327515,0,0.00541209169079,2.92908443953e-05,0.50135301962,0.50135301962,0.99671536684,0.0,0.0,0.0
2014-04-16 06:59:00,0.988897798063,0,0.00914544105339,8.36390463519e-05,0.502286344328,0.502286344328,0.998043239117,0.0,0.0,0.0
2014-04-16 07:04:00,0.992763009108,0,0.00552013870397,3.04722216242e-05,0.501380031172,0.501380031172,0.998283147812,0.0,0.0,0.0
2014-04-16 07:09:00,0.994921770596,0,0.000799682640138,6.39449581286e-07,0.500199920649,0.500199920649,0.994122087955,0.0,0.0,0.0
2014-04-16 07:14:00,0.989884660458,0,0.000950024341629,9.02573049189e-07,0.500237506068,0.500237506068,0.988934636116,0.0,0.0,0.0
2014-04-16 07:19:00,0.985526018216,0,0.00353998653728,1.25314545585e-05,0.50088499571,0.50088499571,0.989066004753,0.0,0.0,0.0
2014-04-16 07:24:00,0.984169082424,0,0.00685076258528,4.69331753266e-05,0.501712683948,0.501712683948,0.991019845009,0.0,0.0,0.0
2014-04-16 07:29:00,0.992557412776,0,0.00087571779132,7.66870527968e-07,0.500218929434,0.500218929434,0.991681694984,0.0,0.0,0.0
2014-04-16 07:34:00,0.993235880672,0,0.0110345428576,0.000121761258924,0.502758607724,0.502758607724,0.982201337814,0.0,0.0,0.0
2014-04-16 07:39:00,0.996381504554,0,0.0197464060966,0.000389921216993,0.504936441124,0.504936441124,0.976635098457,0.0,0.0,0.0
2014-04-16 07:44:00,0.987705339337,0,0.0145643247608,0.000212119863136,0.50364101683,0.50364101683,0.973141014576,0.0,0.0,0.0
2014-04-16 07:49:00,0.992721889841,0,0.0113363011956,0.000128512299852,0.502834044948,0.502834044948,0.981385588646,0.0,0.0,0.0
2014-04-16 07:54:00,0.995497440326,0,0.010373686778,0.000107613894215,0.502593398438,0.502593398438,0.985123753548,0.0,0.0,0.0
2014-04-16 07:59:00,0.988897798063,0,0.00192081690026,3.68954670193e-06,0.500480204077,0.500480204077,0.986976981163,0.0,0.0,0.0
2014-04-16 08:04:00,0.992763009108,0,0.0034874415032,1.21624316307e-05,0.500871859492,0.500871859492,0.996250450611,0.0,0.0,0.0
2014-04-16 08:09:00,0.995415201793,0,0.00358671843044,1.28644851429e-05,0.500896678646,0.500896678646,0.999001920223,0.0,0.0,0.0
2014-04-16 08:14:00,0.988178210901,0,0.0120561545625,0.00014535128139,0.503014002133,0.503014002133,1.00023436546,0.0,0.0,0.0
2014-04-16 08:19:00,0.985279302617,0,0.0226667117871,0.00051377894124,0.50566643534,0.50566643534,1.0079460144,0.0,0.0,0.0
2014-04-16 08:24:00,0.99130327515,0,0.01929300018,0.000372220238205,0.504823100441,0.504823100441,1.01059627533,0.0,0.0,0.0
2014-04-16 08:29:00,0.988651082465,0,0.0154799962554,0.000239629836869,0.503869921785,0.503869921785,1.00413107872,0.0,0.0,0.0
2014-04-16 08:34:00,0.995620798125,0,0.00191633795292,3.67239317711e-06,0.500479084342,0.500479084342,0.997537136078,0.0,0.0,0.0
2014-04-16 08:39:00,0.994675054997,0,0.00765414521079,5.85857123951e-05,0.501913526961,0.501913526961,0.987020909786,0.0,0.0,0.0
2014-04-16 08:44:00,0.99130327515,0,0.00972814373325,9.46365835262e-05,0.502432016753,0.502432016753,0.981575131416,0.0,0.0,0.0
2014-04-16 08:49:00,0.996134788955,0,0.0150783371579,0.000227357115364,0.503769512871,0.503769512871,0.981056451797,0.0,0.0,0.0
2014-04-16 08:54:00,0.99469561463,0,0.0162215340676,0.000263137830188,0.504055294592,0.504055294592,0.978474080563,0.0,0.0,0.0
2014-04-16 08:59:00,0.994921770596,0,0.0133680372468,0.000178703703568,0.503341959543,0.503341959543,0.981553733349,0.0,0.0,0.0
2014-04-16 09:04:00,0.980036596147,0,0.00458665719836,2.10372400034e-05,0.501146662289,0.501146662289,0.984623253345,0.0,0.0,0.0
2014-04-16 09:09:00,0.993009724707,0,0.00741322985282,5.49556607439e-05,0.501853298976,0.501853298976,1.00042295456,0.0,0.0,0.0
2014-04-16 09:14:00,0.99590863299,0,0.00270019460096,7.29113207854e-06,0.50067504824,0.50067504824,0.998608827591,0.0,0.0,0.0
2014-04-16 09:19:00,0.990830403586,0,0.00210435984595,4.42825512437e-06,0.500526089767,0.500526089767,0.992934763432,0.0,0.0,0.0
2014-04-16 09:24:00,0.993729311869,0,0.00268117721326,7.18881074135e-06,0.500670293902,0.500670293902,0.996410489082,0.0,0.0,0.0
2014-04-16 09:29:00,0.994448899032,0,0.000781415701868,6.10612346463e-07,0.500195353916,0.500195353916,0.99366748333,0.0,0.0,0.0
2014-04-16 09:34:00,0.996607660519,0,0.0039985172622,1.59881456057e-05,0.500999627984,0.500999627984,0.992609143257,0.0,0.0,0.0
2014-04-16 09:39:00,0.994428339398,0,0.00327831784539,1.07473497337e-05,0.500819578727,0.500819578727,0.991150021553,0.0,0.0,0.0
2014-04-16 09:44:00,0.999506568803,0,0.00683448304079,4.67104873678e-05,0.501708614109,0.501708614109,0.992672085762,0.0,0.0,0.0
2014-04-16 09:49:00,0.993009724707,0,0.00088898190866,7.90326851074e-07,0.500222245463,0.500222245463,0.992120742798,0.0,0.0,0.0
2014-04-16 09:54:00,0.996854376118,0,0.000353109161601,1.24678138036e-07,0.500088277289,0.500088277289,0.996501266956,0.0,0.0,0.0
2014-04-16 09:59:00,0.986965192541,0,0.0132984984075,0.000176850415301,0.503324575606,0.503324575606,1.00026369095,0.0,0.0,0.0
2014-04-16 10:04:00,0.989946339357,0,0.0183350107785,0.000336171680829,0.504583624288,0.504583624288,1.00828135014,0.0,0.0,0.0
2014-04-16 10:09:00,0.992516293509,0,0.0143210745022,0.000205093587283,0.503580207436,0.503580207436,1.00683736801,0.0,0.0,0.0
2014-04-16 10:14:00,0.992043421945,0,0.00842411688827,7.09655141691e-05,0.502106016767,0.502106016767,1.00046753883,0.0,0.0,0.0
2014-04-16 10:19:00,0.992783568741,0,0.00238243496294,5.67610277358e-06,0.500595608459,0.500595608459,0.995166003704,0.0,0.0,0.0
2014-04-16 10:24:00,0.982627109932,0,0.00595424945409,3.54532785423e-05,0.501488557966,0.501488557966,0.988581359386,0.0,0.0,0.0
2014-04-16 10:29:00,0.99296860544,0,0.00197111217302,3.88533635487e-06,0.500492777884,0.500492777884,0.990997493267,0.0,0.0,0.0
2014-04-16 10:34:00,0.990336972388,0,0.00872774711528,7.61732590036e-05,0.502181922928,0.502181922928,0.981609225273,0.0,0.0,0.0
2014-04-16 10:39:00,0.988178210901,0,0.0119267279372,0.000142246426549,0.50298164664,0.50298164664,0.976251482964,0.0,0.0,0.0
2014-04-16 10:44:00,0.974649972244,0,0.0029786760366,8.8725491878e-06,0.500744668459,0.500744668459,0.977628648281,0.0,0.0,0.0
2014-04-16 10:49:00,0.985032587019,0,0.00120988610681,1.46389356814e-06,0.50030247149,0.50030247149,0.986242473125,0.0,0.0,0.0
2014-04-16 10:54:00,0.995147926561,0,0.0127288529793,0.000162024123711,0.503182170279,0.503182170279,0.982419073582,0.0,0.0,0.0
2014-04-16 10:59:00,0.990193054956,0,0.0196614721236,0.000386574043659,0.504915209691,0.504915209691,0.970531582832,0.0,0.0,0.0
2014-04-16 11:04:00,0.98190752277,0,0.0102301002463,0.000104655438918,0.502557502757,0.502557502757,0.971677422523,0.0,0.0,0.0
2014-04-16 11:09:00,0.990624807253,0,0.00905170239504,8.19329216029e-05,0.502262910148,0.502262910148,0.981573104858,0.0,0.0,0.0
2014-04-16 11:14:00,0.987191348506,0,0.00634875817431,4.03063604608e-05,0.501587184212,0.501587184212,0.980842590332,0.0,0.0,0.0
2014-04-16 11:19:00,0.989411788894,0,0.00167282195185,2.79827440863e-06,0.50041820539,0.50041820539,0.987738966942,0.0,0.0,0.0
2014-04-16 11:24:00,0.997101091717,0,0.00691523489737,4.78201509395e-05,0.501728801835,0.501728801835,0.990185856819,0.0,0.0,0.0
2014-04-16 11:29:00,0.989144513662,0,0.000841209943309,7.07618028173e-07,0.500210302473,0.500210302473,0.988303303719,0.0,0.0,0.0
2014-04-16 11:34:00,0.988918357696,0,0.00740111509327,5.47764102521e-05,0.501850270327,0.501850270327,0.99631947279,0.0,0.0,0.0
2014-04-16 11:39:00,0.995415201793,0,0.00854946075908,7.30931278667e-05,0.502137352171,0.502137352171,1.00396466255,0.0,0.0,0.0
2014-04-16 11:44:00,0.986492320977,0,0.0167285948174,0.000279845378827,0.504182051177,0.504182051177,1.00322091579,0.0,0.0,0.0
2014-04-16 11:49:00,0.995415201793,0,0.0128598302507,0.000165375007782,0.503214913257,0.503214913257,1.00827503204,0.0,0.0,0.0
2014-04-16 11:54:00,0.993955467834,0,0.00679423938753,4.61613490188e-05,0.501698553313,0.501698553313,1.00074970722,0.0,0.0,0.0
2014-04-16 11:59:00,0.992763009108,0,0.00659886356512,4.35453475802e-05,0.501649709905,0.501649709905,0.999361872673,0.0,0.0,0.0
2014-04-16 12:04:00,0.995888073357,0,0.0015008855742,2.25271446652e-06,0.500375221323,0.500375221323,0.997388958931,0.0,0.0,0.0
2014-04-16 12:09:00,0.993235880672,0,0.00107234173909,1.14992849376e-06,0.500268085409,0.500268085409,0.992163538933,0.0,0.0,0.0
2014-04-16 12:14:00,0.992516293509,0,0.000586316601913,3.43783909784e-07,0.500146579146,0.500146579146,0.993102610111,0.0,0.0,0.0
2014-04-16 12:19:00,0.996134788955,0,0.00518956896177,2.69319225481e-05,0.501297389329,0.501297389329,0.990945219994,0.0,0.0,0.0
2014-04-16 12:24:00,0.990583687987,0,0.00290504094569,8.4390903794e-06,0.500726259726,0.500726259726,0.987678647041,0.0,0.0,0.0
2014-04-16 12:29:00,0.986451201711,0,0.00554860326304,3.07869231619e-05,0.501387147257,0.501387147257,0.991999804974,0.0,0.0,0.0
2014-04-16 12:34:00,0.989185632928,0,0.0051773173967,2.68046333076e-05,0.501294326458,0.501294326458,0.994362950325,0.0,0.0,0.0
2014-04-16 12:39:00,0.993729311869,0,0.000223357126645,4.98801320248e-08,0.500055839281,0.500055839281,0.993505954742,0.0,0.0,0.0
2014-04-16 12:44:00,0.992043421945,0,0.00532214470841,2.83253684756e-05,0.501330533036,0.501330533036,0.986721277237,0.0,0.0,0.0
2014-04-16 12:49:00,0.991796706347,0,0.00791302743364,6.26164110145e-05,0.501978246536,0.501978246536,0.983883678913,0.0,0.0,0.0
2014-04-16 12:54:00,0.991549990748,0,0.00768151101947,5.9005273215e-05,0.501920368312,0.501920368312,0.983868479729,0.0,0.0,0.0
2014-04-16 12:59:00,0.997347807315,0,0.0130789631875,0.000171059917193,0.503269694188,0.503269694188,0.984268844128,0.0,0.0,0.0
2014-04-16 13:04:00,0.996134788955,0,0.0144785952221,0.000209630554309,0.503619585575,0.503619585575,0.981656193733,0.0,0.0,0.0
2014-04-16 13:09:00,0.989864100824,0,0.00488459051713,2.38593238464e-05,0.501221145201,0.501221145201,0.984979510307,0.0,0.0,0.0
2014-04-16 13:14:00,0.989864100824,0,0.00438190518752,1.92010047613e-05,0.501095474544,0.501095474544,0.994246006012,0.0,0.0,0.0
2014-04-16 13:19:00,0.992783568741,0,0.00750456011171,5.63187568332e-05,0.501876131223,0.501876131223,1.00028812885,0.0,0.0,0.0
2014-04-16 13:24:00,0.98599888978,0,0.0160716563704,0.000258298794506,0.50401782761,0.50401782761,1.00207054615,0.0,0.0,0.0
2014-04-16 13:29:00,0.99469561463,0,0.0126775991378,0.000160721800057,0.503169357336,0.503169357336,1.00737321377,0.0,0.0,0.0
2014-04-16 13:34:00,0.990110816423,0,0.00984459930267,9.69161701505e-05,0.502461129949,0.502461129949,0.999955415726,0.0,0.0,0.0
2014-04-16 13:39:00,0.991282715516,0,0.00680886296723,4.63608048449e-05,0.501702209166,0.501702209166,0.998091578484,0.0,0.0,0.0
2014-04-16 13:44:00,0.989699623759,0,0.00443617326506,1.96798246179e-05,0.501109041497,0.501109041497,0.994135797024,0.0,0.0,0.0
2014-04-16 13:49:00,0.986965192541,0,0.00429754139534,1.84689743037e-05,0.501074383695,0.501074383695,0.991262733936,0.0,0.0,0.0
2014-04-16 13:54:00,0.987972614569,0,0.00226903219811,5.14849534738e-06,0.500567257806,0.500567257806,0.990241646767,0.0,0.0,0.0
2014-04-16 13:59:00,0.993235880672,0,0.00806426459447,6.50324509479e-05,0.502016055223,0.502016055223,0.985171616077,0.0,0.0,0.0
2014-04-16 14:04:00,0.976829293365,0,0.00173914134986,3.02462308355e-06,0.500434785228,0.500434785228,0.978568434715,0.0,0.0,0.0
2014-04-16 14:09:00,0.99469561463,0,0.00655532961513,4.2972205847e-05,0.501638826535,0.501638826535,0.988140285015,0.0,0.0,0.0
2014-04-16 14:14:00,0.992269577911,0,0.0164873623155,0.000271833036095,0.50412174721,0.50412174721,0.975782215595,0.0,0.0,0.0
2014-04-16 14:19:00,0.995415201793,0,0.0211419969893,0.000446984427981,0.505285302378,0.505285302378,0.974273204803,0.0,0.0,0.0
2014-04-16 14:24:00,0.993009724707,0,0.0196356559695,0.000385559833376,0.504908756275,0.504908756275,0.973374068737,0.0,0.0,0.0
2014-04-16 14:29:00,0.996833816485,0,0.0183064493697,0.000335125543643,0.504576484535,0.504576484535,0.978527367115,0.0,0.0,0.0
2014-04-16 14:34:00,0.993729311869,0,0.00886650745623,7.86146265455e-05,0.502216612343,0.502216612343,0.984862804413,0.0,0.0,0.0
2014-04-16 14:39:00,0.994921770596,0,0.00124457170874,1.54889221449e-06,0.500311142887,0.500311142887,0.993677198887,0.0,0.0,0.0
2014-04-16 14:44:00,0.987767018236,0,0.0147757159097,0.000218321118155,0.503693861773,0.503693861773,1.00254273415,0.0,0.0,0.0
2014-04-16 14:49:00,0.994654495364,0,0.0204247645086,0.000417171773734,0.505106013622,0.505106013622,1.01507925987,0.0,0.0,0.0
