timestamp,value,error_prediction,anomaly_score,convergence_loss,prediction
2014-01-16 00:00:00,33.5573,0.0,0.5,0,0.0
2014-01-16 00:05:00,33.446,0.0,0.5,0,0.0
2014-01-16 00:10:00,33.4447,0.0,0.5,0,0.0
2014-01-16 00:15:00,33.3333,0.0,0.5,0,0.0
2014-01-16 00:20:00,33.4447,0.0,0.5,0,0.0
2014-01-16 00:25:00,33.4447,0.0,0.5,0,0.0
2014-01-16 00:30:00,33.446,0.0,0.5,0,0.0
2014-01-16 00:35:00,33.4427,0.0,0.5,0,0.0
2014-01-16 00:40:00,33.3333,0.0,0.5,0,0.0
2014-01-16 00:45:00,33.554,0.0,0.5,0,0.0
2014-01-16 00:50:00,33.3333,-649.0187858398438,0.5,[421225.40625],-615.6854858398438
2014-01-16 00:55:00,33.4427,-627.7738767578126,0.5,[394100.03125],-594.3311767578125
2014-01-16 01:00:00,33.4427,-599.3434568359376,0.5,[359212.5625],-565.9007568359375
2014-01-16 01:05:00,33.5573,-566.9583009765624,0.5,[321441.71875],-533.4010009765625
2014-01-16 01:10:00,33.3333,-530.5909599121094,0.5,[281526.75],-497.2576599121094
2014-01-16 01:15:00,33.4447,-493.700559375,0.5,[243740.25],-460.255859375
2014-01-16 01:20:00,33.446,-454.5868386230469,0.5,[206649.203125],-421.1408386230469
2014-01-16 01:25:00,33.3333,-416.114305859375,0.5,[173151.125],-382.781005859375
2014-01-16 01:30:00,33.5553,-376.8334066894531,0.5,[142003.421875],-343.2781066894531
2014-01-16 01:35:00,33.3333,-338.3965019042969,0.5,[114512.203125],-305.0632019042969
2014-01-16 01:40:00,33.6647,-300.36266752929686,0.5005010904230554,[90217.734375],-266.6979675292969
2014-01-16 01:45:00,33.3333,-262.9597343261719,0.5008673436996147,[69147.828125],-229.62643432617188
2014-01-16 01:50:00,33.3333,-226.6590293701172,0.5011316564493208,[51374.31640625],-193.3257293701172
2014-01-16 01:55:00,33.5587,-191.62129155273436,0.5013225112550675,[36718.71875],-158.06259155273438
2014-01-16 02:00:00,33.5587,-158.0082849609375,0.5014582906239768,[24966.619140625],-124.4495849609375
2014-01-16 02:05:00,33.3333,-124.9729942138672,0.5015547269890289,[15618.2490234375],-91.63969421386719
2014-01-16 02:10:00,33.4447,-94.16720366210937,0.5016218461088149,[8867.462890625],-60.722503662109375
2014-01-16 02:15:00,33.4427,-64.62468204040528,0.5016683354156741,[4176.34912109375],-31.181982040405273
2014-01-16 02:20:00,33.3333,-37.076073056030275,0.5016991171043188,[1374.6351318359375],-3.7427730560302734
2014-01-16 02:25:00,33.554,-11.64134703063965,0.5017190206432397,[135.52098083496094],21.91265296936035
2014-01-16 02:30:00,33.3333,11.896100634765624,0.501730625444087,[141.51716613769531],45.229400634765625
2014-01-16 02:35:00,33.4447,32.78826356201172,0.5017362482343181,[1075.0703125],66.23296356201172
2014-01-16 02:40:00,33.4447,51.10483002929688,0.5017375775802307,[2611.703857421875],84.54953002929688
2014-01-16 02:45:00,33.446,66.84510717773438,0.5017357128380516,[4468.2685546875],100.29110717773438
2014-01-16 02:50:00,33.4427,79.75828876953125,0.5017314529189041,[6361.38427734375],113.20098876953125
2014-01-16 02:55:00,33.3333,90.13204729003905,0.5017244627993291,[8123.7861328125],123.46534729003906
2014-01-16 03:00:00,33.5587,97.29441889648437,0.5017154955604387,[9466.2041015625],130.85311889648438
2014-01-16 03:05:00,35.222,100.48597729492187,0.5017043832061082,[10097.431640625],135.70797729492188
2014-01-16 03:10:00,33.3333,104.89071428222655,0.5016901587735816,[11002.0625],138.22401428222656
2014-01-16 03:15:00,33.3333,106.38339006347655,0.5016729795162402,[11317.42578125],139.71669006347656
2014-01-16 03:20:00,33.5553,104.63659453125,0.501652586362193,[10948.8173828125],138.19189453125
2014-01-16 03:25:00,33.3333,101.72021257324218,0.5016288350436864,[10347.001953125],135.0535125732422
2014-01-16 03:30:00,35.2507,94.36764716796876,0.5016014730762112,[8905.2529296875],129.61834716796875
2014-01-16 03:35:00,33.3333,90.4789329711914,0.5015703801164063,[8186.4365234375],123.8122329711914
2014-01-16 03:40:00,33.4447,83.91148591308594,0.5015356362905334,[7041.13720703125],117.35618591308594
2014-01-16 03:45:00,33.4447,76.24064851074219,0.5014971778110484,[5812.63623046875],109.68534851074219
2014-01-16 03:50:00,33.4447,68.35240388183594,0.5014555679402406,[4672.05078125],101.79710388183594
2014-01-16 03:55:00,33.4447,59.757959606933596,0.5014119049474919,[3571.013916015625],93.2026596069336
2014-01-16 04:00:00,33.554,51.7010048828125,0.5013644397122665,[2672.993896484375],85.2550048828125
2014-01-16 04:05:00,33.3333,43.348508471679686,0.5013139671009104,[1879.093017578125],76.68180847167969
2014-01-16 04:10:00,33.4427,35.19066181640625,0.5012617998800277,[1238.3826904296875],68.63336181640625
2014-01-16 04:15:00,33.4447,27.69030213623047,0.5012082541554734,[766.7529296875],61.13500213623047
2014-01-16 04:20:00,33.5573,20.65381297607422,0.5011559671995418,[426.5799560546875],54.21111297607422
2014-01-16 04:25:00,33.3333,14.576886767578124,0.5011026306341115,[212.48558044433594],47.910186767578125
2014-01-16 04:30:00,33.4427,8.500010876464842,0.5010497956693593,[72.250198364257812],41.942710876464844
2014-01-16 04:35:00,33.4447,2.978655102539065,0.5009983101797486,[8.8723964691162109],36.42335510253906
2014-01-16 04:40:00,33.4427,-1.9951120330810568,0.5009485087871155,[3.9804697036743164],31.447587966918945
2014-01-16 04:45:00,33.446,-6.3475140533447245,0.5009012090988219,[40.290924072265625],27.098485946655273
2014-01-16 04:50:00,33.3333,-10.087135678100587,0.5008563963389399,[101.75033569335938],23.246164321899414
2014-01-16 04:55:00,33.4427,-13.474001498413088,0.500814584663179,[181.5487060546875],19.968698501586914
2014-01-16 05:00:00,33.4427,-16.3579889251709,0.500776048417293,[267.58377075195312],17.0847110748291
2014-01-16 05:05:00,33.5573,-18.732930569458006,0.5007407357946512,[350.92269897460938],14.824369430541992
2014-01-16 05:10:00,33.3333,-20.32310522155762,0.5007089288325592,[413.02865600585938],13.010194778442383
2014-01-16 05:15:00,33.446,-21.742873092651365,0.5006801496887552,[472.75250244140625],11.703126907348633
2014-01-16 05:20:00,33.446,-22.74390687561035,0.5006548434837474,[517.2852783203125],10.702093124389648
2014-01-16 05:25:00,33.4447,-23.36663031311035,0.5006329880809506,[545.99932861328125],10.078069686889648
2014-01-16 05:30:00,33.446,-23.56943406677246,0.5006145918308024,[555.5181884765625],9.876565933227539
2014-01-16 05:35:00,33.3333,-23.41728246765137,0.5005995504861984,[548.36920166015625],9.916017532348633
2014-01-16 05:40:00,33.554,-23.261304000854494,0.5005875062279286,[541.08831787109375],10.292695999145508
2014-01-16 05:45:00,33.3333,-22.5302051361084,0.5005787159548922,[507.61019897460938],10.803094863891602
2014-01-16 05:50:00,33.5553,-21.84062981872559,0.5005728580390407,[477.01318359375],11.714670181274414
2014-01-16 05:55:00,33.3333,-20.628181820678712,0.5005699992470076,[425.52194213867188],12.705118179321289
2014-01-16 06:00:00,33.554,-19.629910568237307,0.5005693830603158,[385.33343505859375],13.924089431762695
2014-01-16 06:05:00,33.3333,-18.128921871948243,0.5005713437681061,[328.65786743164062],15.204378128051758
2014-01-16 06:10:00,33.5553,-16.937393429565432,0.5005753485509614,[286.8753662109375],16.61790657043457
2014-01-16 06:15:00,33.3333,-15.217281704711915,0.5005815396562867,[231.56570434570312],18.116018295288086
2014-01-16 06:20:00,33.3333,-13.719883328247072,0.5005894097088724,[188.23524475097656],19.61341667175293
2014-01-16 06:25:00,33.5553,-12.368057492065432,0.500598546198386,[152.96888732910156],21.18724250793457
2014-01-16 06:30:00,33.3333,-10.722145443725587,0.5006092399026332,[114.96443939208984],22.611154556274414
2014-01-16 06:35:00,33.4447,-9.180850741577146,0.5006208627552959,[84.287986755371094],24.26384925842285
2014-01-16 06:40:00,33.4427,-7.7416864349365255,0.5006333994373757,[59.933700561523438],25.701013565063477
2014-01-16 06:45:00,33.4447,-6.223926303100583,0.5006463915844502,[38.737236022949219],27.220773696899414
2014-01-16 06:50:00,33.446,-4.851126571655271,0.5006599493991851,[23.533420562744141],28.594873428344727
2014-01-16 06:55:00,33.3333,-3.3536304290771497,0.5006736517623849,[11.246847152709961],29.97966957092285
2014-01-16 07:00:00,33.556,-2.3221724090576146,0.5006874086509658,[5.3924837112426758],31.233827590942383
2014-01-16 07:05:00,33.446,-1.1295556030273417,0.5007007740863212,[1.2758939266204834],32.316444396972656
2014-01-16 07:10:00,33.4447,-0.02484678955077868,0.5007138938247762,[0.00061728013679385185],33.41985321044922
2014-01-16 07:15:00,33.3333,1.0367180053710925,0.5007268756615132,[1.074781060218811],34.370018005371094
2014-01-16 07:20:00,33.446,1.7821036376953145,0.500739062905634,[3.1758964061737061],35.22810363769531
2014-01-16 07:25:00,33.4427,2.4476121948242167,0.5007504636666842,[5.9908080101013184],35.89031219482422
2014-01-16 07:30:00,33.4447,3.05778718261719,0.5007611089227575,[9.3500728607177734],36.50248718261719
2014-01-16 07:35:00,33.446,3.606238464355471,0.5007708110893245,[13.004961967468262],37.05223846435547
2014-01-16 07:40:00,33.446,4.016333679199221,0.5007795660935692,[16.130943298339844],37.46233367919922
2014-01-16 07:45:00,33.3333,4.478726977539061,0.5007872395800342,[20.058980941772461],37.81202697753906
2014-01-16 07:50:00,33.554,4.498986145019529,0.5007939020529363,[20.240869522094727],38.05298614501953
2014-01-16 07:55:00,33.3333,4.8646598999023425,0.5007996795994031,[23.664901733398438],38.197959899902344
2014-01-16 08:00:00,33.5553,4.746923205566404,0.5008041341645036,[22.53326416015625],38.302223205566406
2014-01-16 08:05:00,33.4447,4.823404553222659,0.5008074831893249,[23.265247344970703],38.268104553222656
2014-01-16 08:10:00,33.5573,4.679936022949221,0.5008098512482484,[21.901796340942383],38.23723602294922
2014-01-16 08:15:00,33.3333,4.803372973632811,0.500811602099609,[23.072376251220703],38.13667297363281
2014-01-16 08:20:00,33.4447,4.576654675292971,0.500812394272858,[20.945783615112305],38.02135467529297
2014-01-16 08:25:00,33.4427,4.330653576660154,0.5008122541114925,[18.754566192626953],37.773353576660156
2014-01-16 08:30:00,33.3333,4.124890917968749,0.5008113797763178,[17.014713287353516],37.45819091796875
2014-01-16 08:35:00,33.556,3.623634094238284,0.5008093340174358,[13.130725860595703],37.17963409423828
2014-01-16 08:40:00,33.3333,3.4462715332031237,0.5008070554614366,[11.876776695251465],36.779571533203125
2014-01-16 08:45:00,33.446,3.0785819091796895,0.5008038389982615,[9.4776716232299805],36.52458190917969
2014-01-16 08:50:00,33.446,2.6969595947265645,0.5008003031846813,[7.2735958099365234],36.14295959472656
2014-01-16 08:55:00,33.3333,2.528798693847655,0.5007964261536118,[6.3948149681091309],35.862098693847656
2014-01-16 09:00:00,33.5573,1.9817777587890646,0.5007920404371686,[3.927440881729126],35.53907775878906
2014-01-16 09:05:00,33.446,1.7424613037109395,0.5007871336840011,[3.0361742973327637],35.18846130371094
2014-01-16 09:10:00,33.4427,1.485461621093748,0.5007821678757594,[2.2065978050231934],34.92816162109375
2014-01-16 09:15:00,33.3333,1.29024278564453,0.5007772467950122,[1.6647224426269531],34.62354278564453
2014-01-16 09:20:00,33.5587,0.8086477172851545,0.5007719460331417,[0.65391021966934204],34.367347717285156
2014-01-16 09:25:00,33.3333,0.6866432373046862,0.500767151676305,[0.47147682309150696],34.01994323730469
2014-01-16 09:30:00,33.556,0.2539822998046901,0.5007619928530438,[0.064507134258747101],33.80998229980469
2014-01-16 09:35:00,33.3333,0.21461259765624874,0.5007572618184308,[0.046057906001806259],33.54791259765625
2014-01-16 09:40:00,33.3333,0.010198229980467488,0.5007527711578783,[0.00010397240112069994],33.34349822998047
2014-01-16 09:45:00,33.5573,-0.4284547851562479,0.5007478876485574,[0.18357399106025696],33.12884521484375
2014-01-16 09:50:00,33.3333,-0.44604719238281376,0.5007437519835978,[0.19895946979522705],32.88725280761719
2014-01-16 09:55:00,33.554,-0.7227240600585958,0.5007395537985497,[0.52233129739761353],32.831275939941406
2014-01-16 10:00:00,33.3333,-0.6742881591796888,0.5007357699136994,[0.4546666145324707],32.65901184082031
2014-01-16 10:05:00,33.556,-0.9117815551757786,0.5007319141212445,[0.83134514093399048],32.64421844482422
2014-01-16 10:10:00,33.3333,-0.8294624145507825,0.5007288889157735,[0.68801045417785645],32.50383758544922
2014-01-16 10:15:00,33.554,-1.0209113159179708,0.5007257523884596,[1.0422616004943848],32.53308868408203
2014-01-16 10:20:00,33.3333,-0.8702644165039075,0.5007234930139368,[0.75736284255981445],32.463035583496094
2014-01-16 10:25:00,33.3333,-0.8834098632812513,0.5007212588203362,[0.78041571378707886],32.44989013671875
2014-01-16 10:30:00,33.5587,-1.1410669433593768,0.5007189604654195,[1.3020350933074951],32.417633056640625
2014-01-16 10:35:00,33.3333,-1.021555310058595,0.5007175389923487,[1.0435783863067627],32.311744689941406
2014-01-16 10:40:00,33.556,-1.1297075805664036,0.5007159783743858,[1.2762386798858643],32.426292419433594
2014-01-16 10:45:00,33.3333,-0.9370292480468763,0.5007151606870475,[0.87802672386169434],32.396270751953125
2014-01-16 10:50:00,33.3333,-0.79130018310547,0.5007144859529309,[0.62615841627120972],32.54199981689453
2014-01-16 10:55:00,33.672,-1.143984863281247,0.5007136775249916,[1.3087034225463867],32.52801513671875
2014-01-16 11:00:00,33.554,-0.981032470703127,0.5007129824563643,[0.96242636442184448],32.572967529296875
2014-01-16 11:05:00,33.3333,-0.5926460083007825,0.5007132263267253,[0.35123112797737122],32.74065399169922
2014-01-16 11:10:00,33.4427,-0.5635038330078146,0.500713273619153,[0.31753593683242798],32.87919616699219
2014-01-16 11:15:00,34.7767,-1.8563051025390607,0.5007113077377352,[3.4458651542663574],32.92039489746094
2014-01-16 11:20:00,34.452,-1.5278056640624982,0.5007103020423781,[2.3341891765594482],32.9241943359375
2014-01-16 11:25:00,34.2133,-0.5685474975585905,0.5007106285588916,[0.32324489951133728],33.644752502441406
2014-01-16 11:30:00,33.4427,0.8639482543945292,0.5007134948333902,[0.74640756845474243],34.30664825439453
2014-01-16 11:35:00,33.4427,1.1667436645507792,0.5007165691699018,[1.3612921237945557],34.60944366455078
2014-01-16 11:40:00,33.3333,1.0108467285156237,0.5007191835431124,[1.0218080282211304],34.344146728515625
2014-01-16 11:45:00,33.4447,0.4423620727539088,0.500721547829551,[0.19568568468093872],33.887062072753906
2014-01-16 11:50:00,33.4427,-0.020207019042970842,0.5007228846217839,[0.00040830066427588463],33.42249298095703
2014-01-16 11:55:00,33.4447,-0.5830972167968724,0.500722583220075,[0.34000042080879211],32.861602783203125
2014-01-16 12:00:00,33.552,-0.8874492187499996,0.5007217152272576,[0.7875627875328064],32.66455078125
2014-01-16 12:05:00,33.4447,-0.7530267211914037,0.5007234973056982,[0.56704676151275635],32.691673278808594
2014-01-16 12:10:00,33.3333,-0.1926521118164075,0.5007256628571676,[0.037115432322025299],33.140647888183594
2014-01-16 12:15:00,33.552,-0.14311785888671835,0.5007261329208021,[0.02048218809068203],33.40888214111328
2014-01-16 12:20:00,33.3333,0.2013603393554675,0.5007244853883988,[0.04054536297917366],33.53466033935547
2014-01-16 12:25:00,33.5573,0.019306750488283342,0.5007219217600896,[0.0003727286821231246],33.57660675048828
2014-01-16 12:30:00,33.3333,0.22091447753906124,0.5007199953375938,[0.04880252480506897],33.55421447753906
2014-01-16 12:35:00,33.3333,0.26182329101562374,0.5007192361584327,[0.068550623953342438],33.595123291015625
2014-01-16 12:40:00,33.554,0.006096740722654204,0.5007189234350726,[3.7159828934818506e-05],33.560096740722656
2014-01-16 12:45:00,33.3333,0.18969499511718624,0.5007200628747773,[0.035983607172966003],33.52299499511719
2014-01-16 12:50:00,33.554,0.054963012695310454,0.5007215853320741,[0.0030208388343453407],33.60896301269531
2014-01-16 12:55:00,33.3333,0.25240861816406124,0.5007232322866736,[0.063709333539009094],33.58570861816406
2014-01-16 13:00:00,33.552,0.12287335205078165,0.5007235401641148,[0.015098318457603455],33.67487335205078
2014-01-16 13:05:00,33.3333,0.281362170410155,0.5007240571129701,[0.079163804650306702],33.614662170410156
2014-01-16 13:10:00,33.552,0.1479969482421879,0.5007236353912072,[0.021903647109866142],33.69999694824219
2014-01-16 13:15:00,33.3333,0.3311821166992175,0.5007239382215238,[0.10968057066202164],33.66448211669922
2014-01-16 13:20:00,33.4427,0.2277711914062479,0.5007236393964611,[0.051879975944757462],33.67047119140625
2014-01-16 13:25:00,33.4447,0.19081330566406507,0.5007231889098172,[0.03641035407781601],33.63551330566406
2014-01-16 13:30:00,33.446,0.11836157226562705,0.5007231352048971,[0.014009663835167885],33.564361572265625
2014-01-16 13:35:00,33.4427,0.1605714843749979,0.5007227845048203,[0.025783384218811989],33.603271484375
2014-01-16 13:40:00,33.3333,0.22349321289062374,0.5007228458133102,[0.049948524683713913],33.556793212890625
2014-01-16 13:45:00,33.4447,0.15327668457031507,0.5007223561502916,[0.023494252935051918],33.59797668457031
2014-01-16 13:50:00,33.446,0.050253967285158296,0.5007219403713623,[0.0025255470536649227],33.496253967285156
2014-01-16 13:55:00,33.4427,0.07694569091796666,0.5007212383384938,[0.0059207268059253693],33.51964569091797
2014-01-16 14:00:00,33.4447,0.05473542480469007,0.5007207791229573,[0.0029961492400616407],33.49943542480469
2014-01-16 14:05:00,33.4447,0.07190156250000257,0.5007199564260556,[0.0051700742915272713],33.5166015625
2014-01-16 14:10:00,33.4427,0.06256428222656041,0.5007193384033604,[0.0039143604226410389],33.50526428222656
2014-01-16 14:15:00,33.8887,-0.38310002441406255,0.5007178855418215,[0.14676453173160553],33.50559997558594
2014-01-16 14:20:00,33.8833,-0.35686414794921717,0.500716636233378,[0.12735258042812347],33.52643585205078
2014-01-16 14:25:00,33.3333,0.3853203002929675,0.5007168277509684,[0.14847055077552795],33.71862030029297
2014-01-16 14:30:00,33.5573,0.3907133056640646,0.5007168984177739,[0.15265645086765289],33.94801330566406
2014-01-16 14:35:00,33.3333,0.5210395996093737,0.5007174096828702,[0.27148064970970154],33.854339599609375
2014-01-16 14:40:00,33.4447,0.29736542968750257,0.5007176935929434,[0.088427193462848663],33.7420654296875
2014-01-16 14:45:00,33.446,0.0913306274414083,0.5007174867450651,[0.0083414399996399879],33.537330627441406
2014-01-16 14:50:00,33.446,-0.060746093749997954,0.5007170080621328,[0.0036899840924888849],33.38525390625
2014-01-16 14:55:00,33.446,-0.2226494750976542,0.5007161402749136,[0.049572408199310303],33.223350524902344
2014-01-16 15:00:00,33.4427,-0.28799876708984584,0.5007151475381351,[0.082942962646484375],33.154701232910156
2014-01-16 15:05:00,33.4427,-0.19600352783203334,0.500715390042265,[0.038417160511016846],33.24669647216797
2014-01-16 15:10:00,33.446,-0.1335381469726542,0.5007157157425863,[0.017832208424806595],33.312461853027344
2014-01-16 15:15:00,33.3333,0.07838212890624874,0.5007147663363187,[0.0061435159295797348],33.41168212890625
2014-01-16 15:20:00,33.4447,-0.05601286621093493,0.5007135001913292,[0.0031372546218335629],33.38868713378906
2014-01-16 15:25:00,33.4427,-0.09355601806640834,0.5007118302733202,[0.0087526226416230202],33.349143981933594
2014-01-16 15:30:00,33.446,-0.1243065795898417,0.5007106145712555,[0.015451913699507713],33.321693420410156
2014-01-16 15:35:00,33.446,-0.1085442504882792,0.5007099231316225,[0.011781669221818447],33.33745574951172
2014-01-16 15:40:00,33.3333,0.029233569335936238,0.5007099112209595,[0.00085451127961277962],33.36253356933594
2014-01-16 15:45:00,33.5573,-0.1705049560546854,0.5007098417159989,[0.02907213382422924],33.38679504394531
2014-01-16 15:50:00,33.3333,0.020131701660154988,0.5007103747039447,[0.00040522322524338961],33.353431701660156
2014-01-16 15:55:00,33.446,-0.020188232421872954,0.5007105980832045,[0.00040753022767603397],33.425811767578125
2014-01-16 16:00:00,33.446,-0.052460571289060454,0.5007105985451703,[0.002752021886408329],33.39353942871094
2014-01-16 16:05:00,33.446,-0.057877441406247954,0.5007100632562876,[0.0033496993128210306],33.38812255859375
2014-01-16 16:10:00,33.4427,-0.05379924316406459,0.5007098725177715,[0.0028942974749952555],33.38890075683594
2014-01-16 16:15:00,33.446,-0.039315124511716704,0.5007098127078676,[0.0015456117689609528],33.40668487548828
2014-01-16 16:20:00,33.4447,0.0007803466796900693,0.5007099295522912,[6.1154423747211695e-07],33.44548034667969
2014-01-16 16:25:00,33.3333,0.09156572265624874,0.5007102288329611,[0.0083839986473321915],33.42486572265625
2014-01-16 16:30:00,33.5587,-0.0996469604492205,0.5007097238403748,[0.0099296290427446365],33.45905303955078
2014-01-16 16:35:00,33.3333,0.05705797119140499,0.50071010893187,[0.0032554359640926123],33.390357971191406
2014-01-16 16:40:00,33.4447,0.0015509155273463193,0.5007098754104088,[2.4105102056637406e-06],33.446250915527344
2014-01-16 16:45:00,33.4427,-0.03784617919922084,0.5007096516431011,[0.0014322903007268906],33.40485382080078
2014-01-16 16:50:00,33.3333,0.07031785888671749,0.5007097791246546,[0.0049443840980529785],33.40361785888672
2014-01-16 16:55:00,33.552,-0.1345653076171871,0.5007094199666648,[0.018107321113348007],33.41743469238281
2014-01-16 17:00:00,33.4447,-0.06249022216796618,0.5007092289047714,[0.0039048197213560343],33.38220977783203
2014-01-16 17:05:00,33.4427,0.016703991699216658,0.5007091988106299,[0.00027904228772968054],33.45940399169922
2014-01-16 17:10:00,33.3333,0.12850725097656124,0.5007093459371722,[0.01651371642947197],33.46180725097656
2014-01-16 17:15:00,33.5573,-0.05681171874999791,0.5007087887155386,[0.0032276359852403402],33.50048828125
2014-01-16 17:20:00,33.3333,0.09747850341796749,0.5007091331614981,[0.0095017580315470695],33.43077850341797
2014-01-16 17:25:00,33.556,-0.07810235595702864,0.5007086150446127,[0.0060999398119747639],33.47789764404297
2014-01-16 17:30:00,33.3333,0.11789476318359249,0.5007087471730698,[0.013898811303079128],33.451194763183594
2014-01-16 17:35:00,33.3333,0.1273246948242175,0.5007090154380611,[0.016211185604333878],33.46062469482422
2014-01-16 17:40:00,33.668,-0.23306347656249926,0.5007080621627671,[0.054318241775035858],33.4349365234375
2014-01-16 17:45:00,33.3333,0.028684252929686238,0.5007083454663506,[0.00082269776612520218],33.36198425292969
2014-01-16 17:50:00,33.5553,-0.05527711181640882,0.5007082164989172,[0.0030557434074580669],33.500022888183594
2014-01-16 17:55:00,33.3333,0.1274467651367175,0.5007083494121752,[0.016242284327745438],33.46074676513672
2014-01-16 18:00:00,33.552,-0.021398498535155852,0.5007077829118995,[0.00045781605876982212],33.530601501464844
2014-01-16 18:05:00,33.3333,0.11387407226562374,0.5007080909880651,[0.012966952286660671],33.447174072265625
2014-01-16 18:10:00,33.556,-0.044159179687497385,0.500707550563259,[0.0019500115886330605],33.5118408203125
2014-01-16 18:15:00,33.3333,0.13209306640624874,0.5007079753227407,[0.017448170110583305],33.46539306640625
2014-01-16 18:20:00,33.556,-0.10741448974609114,0.5007072071331927,[0.011537820100784302],33.448585510253906
2014-01-16 18:25:00,33.3333,0.09952318115234249,0.500706966931925,[0.0099045559763908386],33.432823181152344
2014-01-16 18:30:00,33.4447,-0.01722502441405993,0.5007074416474401,[0.00029664405155926943],33.42747497558594
2014-01-16 18:35:00,33.4427,0.011516003417966658,0.5007072494510947,[0.00013263140863273293],33.45421600341797
2014-01-16 18:40:00,9.09091,24.301538425292968,0.5007736999224028,[590.56475830078125],33.39244842529297
2014-01-16 18:45:00,28.8093,4.287410205078125,0.5007852970590696,[18.381891250610352],33.096710205078125
2014-01-16 18:50:00,33.3333,-11.899204617309572,0.5007526618063181,[141.59111022949219],21.43409538269043
2014-01-16 18:55:00,33.4427,-16.310797305297854,0.5007070276617887,[266.04208374023438],17.13190269470215
2014-01-16 19:00:00,35.3187,-19.333331271362304,0.50065295331469,[373.77764892578125],15.985368728637695
2014-01-16 19:05:00,34.3413,-9.212986935424802,0.5006263102993418,[84.879142761230469],25.128313064575195
2014-01-16 19:10:00,35.1113,-6.413628109741211,0.5006080348977239,[41.1346435546875],28.69767189025879
2014-01-16 19:15:00,33.446,2.6446143188476583,0.5006146501585855,[6.9939894676208496],36.090614318847656
2014-01-16 19:20:00,33.446,8.32602606201172,0.5006378330120098,[69.322723388671875],41.77202606201172
2014-01-16 19:25:00,33.3333,9.232762927246092,0.5006637262776188,[85.243881225585938],42.566062927246094
2014-01-16 19:30:00,33.5553,6.651723620605466,0.500609243363785,[44.245403289794922],40.20702362060547
2014-01-16 19:35:00,33.3333,1.9848304931640612,0.5006014478614953,[3.9395458698272705],35.31813049316406
2014-01-16 19:40:00,33.4427,0.2447084472656229,0.5006377564922557,[0.059882503002882004],33.687408447265625
2014-01-16 19:45:00,33.4447,-0.12494444580077868,0.5006867690548225,[0.015610698610544205],33.31975555419922
2014-01-16 19:50:00,33.4427,-0.4201780273437521,0.5007446014495763,[0.17654909193515778],33.02252197265625
2014-01-16 19:55:00,33.4447,0.03029084472656507,0.5007730903898204,[0.00091763620730489492],33.47499084472656
2014-01-16 20:00:00,33.552,0.12723736572265665,0.5007934505786955,[0.016189821064472198],33.679237365722656
2014-01-16 20:05:00,33.3333,0.604726428222655,0.5007872770914272,[0.36569219827651978],33.938026428222656
2014-01-16 20:10:00,33.4447,0.47474885253906507,0.5007629596640764,[0.2253880500793457],33.91944885253906
2014-01-16 20:15:00,33.4447,0.4190466430664088,0.5007354382807776,[0.17560148239135742],33.863746643066406
2014-01-16 20:20:00,33.446,0.3257208862304708,0.500715522513874,[0.10609465092420578],33.77172088623047
2014-01-16 20:25:00,34.2313,-0.5012356079101536,0.5007076801470839,[0.25123748183250427],33.730064392089844
2014-01-16 20:30:00,33.5553,0.12334990234374743,0.5007071761327093,[0.015214787796139717],33.67864990234375
2014-01-16 20:35:00,33.3333,0.675954455566405,0.5007095237846153,[0.4569123387336731],34.009254455566406
2014-01-16 20:40:00,33.4447,0.6336767700195338,0.5007127070030883,[0.4015483558177948],34.07837677001953
2014-01-16 20:45:00,33.4427,0.48546925048827916,0.5007140201117607,[0.23568093776702881],33.92816925048828
2014-01-16 20:50:00,33.4447,0.26552033691406507,0.5007143575001698,[0.070501931011676788],33.71022033691406
2014-01-16 20:55:00,33.4447,0.08220887451172132,0.5007125900903453,[0.0067585729993879795],33.52690887451172
2014-01-16 21:00:00,33.4447,-0.06703734130859118,0.5007107691722641,[0.0044937818311154842],33.377662658691406
2014-01-16 21:05:00,33.4447,-0.2922570678710912,0.5007084153737462,[0.085413217544555664],33.152442932128906
2014-01-16 21:10:00,33.4427,-0.2677579833984396,0.5007064260235619,[0.071694031357765198],33.17494201660156
2014-01-16 21:15:00,33.4427,-0.2099576904296896,0.5007073190978204,[0.044081993401050568],33.23274230957031
2014-01-16 21:20:00,33.3333,0.001851672363279988,0.5007068294978454,[3.4229742595925927e-06],33.33515167236328
2014-01-16 21:25:00,33.4427,-0.11290416259765834,0.5007041457149282,[0.012747221626341343],33.329795837402344
2014-01-16 21:30:00,33.4427,-0.19411143798828334,0.5007013248379502,[0.037679031491279602],33.24858856201172
2014-01-16 21:35:00,33.4427,-0.21379527587890834,0.5006989149610532,[0.045708175748586655],33.228904724121094
2014-01-16 21:40:00,33.4447,-0.20704436035155993,0.5006972459119372,[0.042866677045822144],33.23765563964844
2014-01-16 21:45:00,33.3333,-0.07739484863281376,0.5006965987365614,[0.0059902016073465347],33.25590515136719
2014-01-16 21:50:00,33.554,-0.2771674194335958,0.5006958063994185,[0.076822251081466675],33.276832580566406
2014-01-16 21:55:00,33.3333,-0.08951795654297001,0.5006963807510827,[0.0080137411132454872],33.24378204345703
2014-01-16 22:00:00,33.5573,-0.2414278076171854,0.5006963831809137,[0.058287661522626877],33.31587219238281
2014-01-16 22:05:00,33.3333,-0.04449689941406376,0.5006968336681382,[0.0019801114685833454],33.28880310058594
2014-01-16 22:10:00,33.5553,-0.21832490234375257,0.500695993261115,[0.047666490077972412],33.33697509765625
2014-01-16 22:15:00,33.3333,-0.029001599121095012,0.5006961662882478,[0.00084118230734020472],33.304298400878906
2014-01-16 22:20:00,33.4427,-0.09163341064453334,0.5006964152821569,[0.0083965780213475227],33.35106658935547
2014-01-16 22:25:00,33.4427,-0.09286174316406459,0.5006967317679815,[0.0086231976747512817],33.34983825683594
2014-01-16 22:30:00,33.3333,-0.023592358398438762,0.5006972595727139,[0.0005566722247749567],33.30970764160156
2014-01-16 22:35:00,33.5573,-0.2064699218749979,0.5006967284572486,[0.042630061507225037],33.350830078125
2014-01-16 22:40:00,33.446,-0.1704796752929667,0.5006970152586165,[0.029063029214739799],33.27552032470703
2014-01-16 22:45:00,33.4447,-0.05919432373046618,0.5006970212726668,[0.0035037708003073931],33.38550567626953
2014-01-16 22:50:00,33.446,-0.057732482910154204,0.5006975696267695,[0.003332940861582756],33.388267517089844
2014-01-16 22:55:00,33.3333,0.12186204833984249,0.5006980364737674,[0.014849982224404812],33.455162048339844
2014-01-16 23:00:00,33.5587,-0.11459294433593925,0.5006983194256971,[0.013131671585142612],33.44410705566406
2014-01-16 23:05:00,33.4447,-0.03748869628905993,0.5006981945756523,[0.0014052774058654904],33.40721130371094
2014-01-16 23:10:00,33.4447,0.00992799072265882,0.5006984573301738,[9.8598087788559496e-05],33.454627990722656
2014-01-16 23:15:00,33.4427,0.007029919433591658,0.5006987177984599,[4.9427748308517039e-05],33.449729919433594
2014-01-16 23:20:00,33.446,0.019049743652345796,0.5006987734365049,[0.00036292528966441751],33.465049743652344
2014-01-16 23:25:00,33.3333,0.12518083496093624,0.5006998612866631,[0.015669854357838631],33.45848083496094
2014-01-16 23:30:00,33.554,-0.08157263183593955,0.5007001064249847,[0.0066542336717247963],33.47242736816406
2014-01-16 23:35:00,33.3333,0.10893022460937374,0.5007006160696748,[0.011865457519888878],33.442230224609375
2014-01-16 23:40:00,35.6707,-2.224090502929684,0.5006929251792832,[4.9465789794921875],33.44660949707031
2014-01-16 23:45:00,33.4427,0.016566662597654158,0.5006924245870885,[0.00027447310276329517],33.459266662597656
2014-01-16 23:50:00,33.4447,1.0399115112304713,0.5006964151225032,[1.0814194679260254],34.48461151123047
2014-01-16 23:55:00,33.446,1.2914649047851583,0.5007010446893064,[1.6678837537765503],34.737464904785156
2014-01-17 00:00:00,33.552,0.9050236206054691,0.5007041554614757,[0.81907111406326294],34.45702362060547
2014-01-17 00:05:00,33.3333,0.73976671142578,0.5007067093293749,[0.54725247621536255],34.07306671142578
2014-01-17 00:10:00,33.554,0.1180046997070292,0.5007070048959477,[0.013924907892942429],33.67200469970703
2014-01-17 00:15:00,33.3333,0.05281602783202999,0.5007066710916382,[0.0027893697842955589],33.38611602783203
2014-01-17 00:20:00,33.4447,-0.6315972778320287,0.5007046373717914,[0.39891302585601807],32.81310272216797
2014-01-17 00:25:00,33.446,-0.49095239257812295,0.5007023821028732,[0.24103341996669769],32.955047607421875
2014-01-17 00:30:00,33.3333,-0.3023628051757825,0.5007096285666011,[0.09142419695854187],33.03093719482422
2014-01-17 00:35:00,33.556,-0.17068505859374739,0.5007088976444274,[0.029133304953575134],33.38531494140625
2014-01-17 00:40:00,33.3333,-0.010134106445313762,0.5007048522595884,[0.00010273141379002482],33.32316589355469
2014-01-17 00:45:00,33.5573,-0.14763966064452916,0.500699312438891,[0.021797636523842812],33.40966033935547
2014-01-17 00:50:00,33.3333,0.03636705322265499,0.5006958984333467,[0.0013224502326920629],33.369667053222656
2014-01-17 00:55:00,33.3333,0.13325273437499874,0.5006934579359572,[0.017755879089236259],33.466552734375
2014-01-17 01:00:00,33.5573,-0.1368440673828104,0.5006923985338347,[0.018726455047726631],33.42045593261719
2014-01-17 01:05:00,33.554,-0.1828223266601583,0.5006914140171717,[0.033424314111471176],33.371177673339844
2014-01-17 01:10:00,33.3333,0.09540330810546749,0.5006941269247513,[0.009101497009396553],33.42870330810547
2014-01-17 01:15:00,33.5553,-0.07358002929687757,0.5006956752367606,[0.0054142661392688751],33.481719970703125
2014-01-17 01:20:00,33.3333,0.1561027709960925,0.500697363224254,[0.024367593228816986],33.489402770996094
2014-01-17 01:25:00,33.3333,0.1463981811523425,0.5006985098273888,[0.021431975066661835],33.479698181152344
2014-01-17 01:30:00,33.554,-0.07975683593750205,0.5006981738033236,[0.0063612889498472214],33.4742431640625
2014-01-17 01:35:00,33.3333,0.06070482177734249,0.5006989151414671,[0.003684887895360589],33.394004821777344
2014-01-17 01:40:00,34.124,-0.7150034179687523,0.5006959666081551,[0.51123064756393433],33.40899658203125
2014-01-17 01:45:00,37.664,-4.29955145263672,0.500678856153258,[18.486154556274414],33.36444854736328
2014-01-17 01:50:00,37.8887,-4.115148059082031,0.5006634186175924,[16.934431076049805],33.77355194091797
2014-01-17 01:55:00,37.6533,-1.7608744628906265,0.5006571602978196,[3.1006832122802734],35.892425537109375
2014-01-17 02:00:00,34.3427,4.078381542968749,0.5006723745638586,[16.633188247680664],38.42108154296875
2014-01-17 02:05:00,33.3333,6.836660021972655,0.5006990889872476,[46.739898681640625],40.169960021972656
2014-01-17 02:10:00,33.556,5.907371276855471,0.5007214271946936,[34.897037506103516],39.46337127685547
2014-01-17 02:15:00,33.3333,3.8716484252929675,0.5007359894788548,[14.989649772644043],37.20494842529297
2014-01-17 02:20:00,37.6687,-2.942015429687501,0.5007248193038042,[8.655461311340332],34.7266845703125
2014-01-17 02:25:00,38.5593,-6.366627270507813,0.5006995039184154,[40.533935546875],32.19267272949219
2014-01-17 02:30:00,38.328,-5.5804871826171905,0.5006803048724618,[31.141826629638672],32.74751281738281
2014-01-17 02:35:00,33.6647,1.4733233764648404,0.5007036762815145,[2.1706831455230713],35.138023376464844
2014-01-17 02:40:00,33.3333,5.067060107421874,0.5007407254841596,[25.675083160400391],38.400360107421875
2014-01-17 02:45:00,33.4427,5.108439831542967,0.5007684464914453,[26.096162796020508],38.55113983154297
2014-01-17 02:50:00,33.446,3.3479834594726583,0.5007651041289944,[11.208998680114746],36.793983459472656
2014-01-17 02:55:00,33.4447,1.0631506469726588,0.5007411073827881,[1.1302928924560547],34.507850646972656
2014-01-17 03:00:00,33.4447,-1.6333806488037084,0.5007099731786303,[2.6679267883300781],31.81131935119629
2014-01-17 03:05:00,35.588,-5.343277633666993,0.5006721554389197,[28.550628662109375],30.244722366333008
2014-01-17 03:10:00,33.3333,-3.666321163940431,0.5006694876379547,[13.441922187805176],29.66697883605957
2014-01-17 03:15:00,33.554,-1.5455847778320333,0.5006898436499833,[2.3888349533081055],32.00841522216797
2014-01-17 03:20:00,33.3333,0.010373706054686238,0.5007133565722326,[0.00010758174175862223],33.34367370605469
2014-01-17 03:25:00,35.3333,-1.4004997070312513,0.500701371587108,[1.9614037275314331],33.93280029296875
2014-01-17 03:30:00,33.5553,0.06685423583984118,0.5006800775502809,[0.0044692661613225937],33.622154235839844
2014-01-17 03:35:00,33.3333,0.7986732666015612,0.5006614942990721,[0.63787651062011719],34.13197326660156
2014-01-17 03:40:00,33.554,0.6256493530273417,0.5006496074956456,[0.39143604040145874],34.179649353027344
2014-01-17 03:45:00,33.3333,0.07288133544921749,0.5006451507994591,[0.0053114639595150948],33.40618133544922
2014-01-17 03:50:00,33.556,-0.21891046142577864,0.5006510456933734,[0.047921683639287949],33.33708953857422
2014-01-17 03:55:00,33.4447,-0.3703210327148412,0.5006723392853056,[0.13713642954826355],33.074378967285156
2014-01-17 04:00:00,33.5573,-0.26792469482421666,0.5006869386394645,[0.071783944964408875],33.28937530517578
2014-01-17 04:05:00,33.3333,-0.48938215332031376,0.5006914990396091,[0.23949640989303589],32.84391784667969
2014-01-17 04:10:00,33.446,-0.3742302856445292,0.5006898038839747,[0.14004766941070557],33.07176971435547
2014-01-17 04:15:00,33.446,-0.2661370239257792,0.500694710660563,[0.070828460156917572],33.17986297607422
2014-01-17 04:20:00,33.3333,0.11910020751952999,0.5006948585416244,[0.014184491708874702],33.45240020751953
2014-01-17 04:25:00,33.4447,0.06955933837890882,0.5006915862615783,[0.0048387334682047367],33.514259338378906
2014-01-17 04:30:00,33.446,-0.0035180053710917036,0.5006887456700998,[1.2370350304991007e-05],33.442481994628906
2014-01-17 04:35:00,33.4447,0.03913331298828382,0.5006885114606652,[0.0015315465861931443],33.48383331298828
2014-01-17 04:40:00,33.4447,0.04831910400390882,0.5006896078215759,[0.0023348969407379627],33.493019104003906
2014-01-17 04:45:00,33.446,0.13983068847656455,0.5006917771344587,[0.019552860409021378],33.58583068847656
2014-01-17 04:50:00,33.3333,0.28323137207031124,0.5006941224891563,[0.08021913468837738],33.61653137207031
2014-01-17 04:55:00,33.4447,0.20492768554687757,0.5006971325004308,[0.04199603945016861],33.649627685546875
2014-01-17 05:00:00,33.554,0.060181518554685454,0.5006990170075698,[0.003621712327003479],33.61418151855469
2014-01-17 05:05:00,33.446,0.15200720214843955,0.5007008271677809,[0.023106448352336884],33.59800720214844
2014-01-17 05:10:00,33.3333,0.32298051757812374,0.5007016595750141,[0.10431541502475739],33.656280517578125
2014-01-17 05:15:00,33.446,0.21939001464843955,0.5007022678802928,[0.048132352530956268],33.66539001464844
2014-01-17 05:20:00,33.4427,0.1711000488281229,0.5007029993776639,[0.029275421053171158],33.613800048828125
2014-01-17 05:25:00,33.4447,0.14303040771484632,0.5007034183650003,[0.020458174869418144],33.587730407714844
2014-01-17 05:30:00,33.446,0.15316687011718955,0.5007038432723276,[0.023460350930690765],33.59916687011719
2014-01-17 05:35:00,33.3333,0.252370471191405,0.5007042925292984,[0.063690073788166046],33.585670471191406
2014-01-17 05:40:00,33.554,0.004906555175779204,0.500702988930547,[2.4065899197012186e-05],33.55890655517578
2014-01-17 05:45:00,33.3333,0.166371936035155,0.5007027574757077,[0.027679108083248138],33.499671936035156
2014-01-17 05:50:00,33.4427,0.11584034423827916,0.5007029663879955,[0.013419116847217083],33.55854034423828
2014-01-17 05:55:00,33.4447,0.08112550048828382,0.5007025973249717,[0.0065816170535981655],33.52582550048828
2014-01-17 06:00:00,33.5573,-0.05658283691406041,0.5007008159791673,[0.0032016816549003124],33.50071716308594
2014-01-17 06:05:00,33.3333,0.1521354858398425,0.5007004469022078,[0.023144736886024475],33.485435485839844
2014-01-17 06:10:00,33.4427,0.09368458251952916,0.5007000371971828,[0.0087769078090786934],33.53638458251953
2014-01-17 06:15:00,33.4447,0.07391572265625257,0.5006996673228462,[0.0054637803696095943],33.51861572265625
2014-01-17 06:20:00,33.3333,0.12302171630859249,0.5006994716749229,[0.015133962966501713],33.456321716308594
2014-01-17 06:25:00,33.556,-0.08806634521484114,0.5006978475460858,[0.007755638100206852],33.467933654785156
2014-01-17 06:30:00,33.3333,0.05303728027343624,0.5006980252962119,[0.0028127892874181271],33.38633728027344
2014-01-17 06:35:00,33.4447,-0.01031279296874743,0.5006971517257193,[0.00010631933400873095],33.43438720703125
2014-01-17 06:40:00,33.4447,-0.07815336914062243,0.5006962013422449,[0.006107688881456852],33.366546630859375
2014-01-17 06:45:00,33.3333,0.05814134521484249,0.5006960393031866,[0.0033802364487200975],33.391441345214844
2014-01-17 06:50:00,33.556,-0.16033197021484114,0.5006955227223571,[0.02570626325905323],33.395668029785156
2014-01-17 06:55:00,33.3333,0.03157579345702999,0.5006948969096071,[0.00099693320225924253],33.36487579345703
2014-01-17 07:00:00,33.554,-0.1360541381835958,0.5006937689022822,[0.018510961905121803],33.417945861816406
2014-01-17 07:05:00,33.3333,0.03227006835937374,0.5006935146771734,[0.001041257637552917],33.365570068359375
2014-01-17 07:10:00,33.554,-0.1150580444335958,0.5006923347613872,[0.013238550163805485],33.438941955566406
2014-01-17 07:15:00,33.3333,0.05880510253906124,0.5006929823475077,[0.0034578584600239992],33.39210510253906
2014-01-17 07:20:00,33.4427,-0.002857775878908342,0.5006926615399641,[8.1636389950290322e-06],33.439842224121094
2014-01-17 07:25:00,33.446,-0.034897705078122954,0.5006924958712278,[0.0012177901808172464],33.411102294921875
2014-01-17 07:30:00,33.3333,0.027967089843748738,0.5006929568389715,[0.0007820717291906476],33.36126708984375
2014-01-17 07:35:00,33.5573,-0.16288319091796666,0.5006918518616565,[0.026531118899583817],33.39441680908203
2014-01-17 07:40:00,33.4427,-0.13159617919922084,0.5006919582945608,[0.017317404970526695],33.31110382080078
2014-01-17 07:45:00,33.556,-0.14443231201171614,0.500691063786771,[0.020860621705651283],33.41156768798828
2014-01-17 07:50:00,33.3333,0.07226335449218624,0.5006920240428319,[0.0052217692136764526],33.40556335449219
2014-01-17 07:55:00,33.3333,0.1796318237304675,0.5006926746768894,[0.032267037779092789],33.51293182373047
2014-01-17 08:00:00,33.5573,-0.10428181152343541,0.500692693753589,[0.010874814353883266],33.45301818847656
2014-01-17 08:05:00,33.556,-0.17269921874999739,0.5006915226247621,[0.029824934899806976],33.38330078125
2014-01-17 08:10:00,33.3333,0.08765947265624874,0.5006919091431578,[0.0076839122921228409],33.42095947265625
2014-01-17 08:15:00,33.554,-0.09207067871093955,0.5006915876539901,[0.0084771672263741493],33.46192932128906
2014-01-17 08:20:00,33.3333,0.10951005859374874,0.5006919295969321,[0.011992114596068859],33.44281005859375
2014-01-17 08:25:00,33.3333,0.10926591796874874,0.5006932279071101,[0.011938703246414661],33.44256591796875
2014-01-17 08:30:00,33.554,-0.11021337890625205,0.5006933054285225,[0.012147177010774612],33.44378662109375
2014-01-17 08:35:00,33.3333,0.04883348388671749,0.5006942264843257,[0.0023845583200454712],33.38213348388672
2014-01-17 08:40:00,33.5553,-0.15683198242187757,0.5006930508900632,[0.024596793577075005],33.398468017578125
2014-01-17 08:45:00,33.3333,0.013517016601561238,0.5006921645930942,[0.00018266799452248961],33.34681701660156
2014-01-17 08:50:00,33.4427,-0.014462084960939592,0.5006925755313658,[0.00020913548360113055],33.42823791503906
2014-01-17 08:55:00,33.4427,-0.03757915039062709,0.5006932224182963,[0.0014121498679742217],33.405120849609375
2014-01-17 09:00:00,33.4447,-0.0012109252929661807,0.5006927267488201,[1.4623074093833566e-06],33.44348907470703
2014-01-17 09:05:00,33.446,0.007895568847658296,0.5006931923208704,[6.2353501562029123e-05],33.453895568847656
2014-01-17 09:10:00,33.4447,-0.0012795898437474307,0.5006925827226169,[1.6330886865034699e-06],33.44342041015625
2014-01-17 09:15:00,33.446,0.021254638671877046,0.5006920843265438,[0.00045179598964750767],33.467254638671875
2014-01-17 09:20:00,33.446,-0.012261291503904204,0.50069254555771,[0.00015031831571832299],33.433738708496094
2014-01-17 09:25:00,33.3333,0.1509147827148425,0.5006930083436242,[0.022774806246161461],33.484214782714844
2014-01-17 09:30:00,33.446,0.017630676269533296,0.5006938667065662,[0.00031087087700143456],33.46363067626953
2014-01-17 09:35:00,33.4427,-0.019291491699220842,0.5006936601509087,[0.00037213973701000214],33.42340850830078
2014-01-17 09:40:00,33.4447,-0.05016874999999743,0.5006934421497902,[0.002516736276447773],33.39453125
2014-01-17 09:45:00,33.4447,-0.03770994873046618,0.500693407099813,[0.0014219145523384213],33.40699005126953
2014-01-17 09:50:00,33.4447,-0.01802611083984118,0.5006932823922823,[0.00032488058786839247],33.426673889160156
2014-01-17 09:55:00,33.4427,0.004344372558591658,0.5006932238363542,[1.8878505215980113e-05],33.447044372558594
2014-01-17 10:00:00,33.4447,0.01557374267578382,0.5006932709591179,[0.00024259336350951344],33.46027374267578
2014-01-17 10:05:00,33.4427,0.04506245117187291,0.500693351258163,[0.0020306757651269436],33.487762451171875
2014-01-17 10:10:00,33.4447,0.03331208496094007,0.500693548803546,[0.0011098060058429837],33.47801208496094
2014-01-17 10:15:00,33.4427,0.028560070800779158,0.5006928603987697,[0.00081571005284786224],33.47126007080078
2014-01-17 10:20:00,33.3333,0.11931383056640499,0.5006933441245964,[0.014235422015190125],33.452613830566406
2014-01-17 10:25:00,33.4427,0.006839184570310408,0.5006934446822144,[4.6782210119999945e-05],33.44953918457031
2014-01-17 10:30:00,33.4447,-0.04823088378905993,0.5006934248171959,[0.0023260575253516436],33.39646911621094
2014-01-17 10:35:00,33.4447,-0.06014799804687243,0.5006932766829496,[0.0036175812128931284],33.384552001953125
2014-01-17 10:40:00,33.4447,-0.04610991210937243,0.5006930960170846,[0.0021259703207761049],33.398590087890625
2014-01-17 10:45:00,33.4447,-0.02507567138671618,0.5006929047606046,[0.00062870571855455637],33.41962432861328
2014-01-17 10:50:00,33.4427,-0.002590747070314592,0.5006927703791155,[6.7090295488014817e-06],33.44010925292969
2014-01-17 10:55:00,33.3333,0.12048875732421749,0.5006931233302074,[0.014517168514430523],33.45378875732422
2014-01-17 11:00:00,33.5573,-0.07854786376952916,0.5006924937397639,[0.0061698560602962971],33.47875213623047
2014-01-17 11:05:00,33.4447,-0.02564024658202868,0.5006921665002522,[0.00065733678638935089],33.41905975341797
2014-01-17 11:10:00,33.446,0.007674316406252046,0.5006915216262013,[5.8908248320221901e-05],33.45367431640625
2014-01-17 11:15:00,33.3333,0.12813341064453,0.5006921251784925,[0.016417775303125381],33.46143341064453
2014-01-17 11:20:00,33.4447,0.02093720703125257,0.5006924624050635,[0.00043843640014529228],33.46563720703125
2014-01-17 11:25:00,33.4447,-0.03141569824218493,0.5006925876800192,[0.00098684139084070921],33.41328430175781
2014-01-17 11:30:00,33.4427,-0.04840526123047084,0.5006925461503913,[0.0023430143482983112],33.39429473876953
2014-01-17 11:35:00,33.446,-0.023171325683591704,0.5006925243480888,[0.00053687073523178697],33.422828674316406
2014-01-17 11:40:00,33.3333,0.07098924560546749,0.5006928845284204,[0.0050392537377774715],33.40428924560547
2014-01-17 11:45:00,33.556,-0.12969995117187239,0.5006914873421591,[0.016822014003992081],33.426300048828125
2014-01-17 11:50:00,33.3333,0.04471361083984249,0.5006921259421184,[0.0019991688895970583],33.378013610839844
2014-01-17 11:55:00,33.556,-0.09223199462890364,0.5006917339320394,[0.0085066957399249077],33.463768005371094
2014-01-17 12:00:00,33.4447,-0.01421141357421618,0.5006915781530691,[0.0002019169187406078],33.43048858642578
2014-01-17 12:05:00,33.4447,0.02710175781250257,0.5006909754248521,[0.00073459558188915253],33.4718017578125
2014-01-17 12:10:00,33.446,0.034430603027345796,0.5006910087175995,[0.0011855252087116241],33.480430603027344
2014-01-17 12:15:00,33.4427,0.03583851318359166,0.5006913431991273,[0.001284439698792994],33.478538513183594
2014-01-17 12:20:00,33.3333,0.16084062499999874,0.5006924589111269,[0.025869209319353104],33.494140625
2014-01-17 12:25:00,33.4427,0.003444104003904158,0.5006925749768428,[1.1865762644447386e-05],33.446144104003906
2014-01-17 12:30:00,33.4427,-0.031208605957033342,0.5006919707837664,[0.00097394164185971022],33.41149139404297
2014-01-17 12:35:00,33.4427,-0.09255656738281459,0.500692159492385,[0.0085666133090853691],33.35014343261719
2014-01-17 12:40:00,33.4427,-0.05839213867187709,0.5006915507383394,[0.0034095756709575653],33.384307861328125
2014-01-17 12:45:00,33.3333,0.05972825927734249,0.5006923704396701,[0.0035672804806381464],33.393028259277344
2014-01-17 12:50:00,33.552,-0.1223277587890621,0.500691740237498,[0.014963624998927116],33.42967224121094
2014-01-17 12:55:00,33.3333,0.06142198486327999,0.5006918940427165,[0.0037724706344306469],33.39472198486328
2014-01-17 13:00:00,33.5553,-0.09311890869140882,0.5006911454233987,[0.0086714411154389381],33.462181091308594
2014-01-17 13:05:00,33.4427,-0.012486071777345842,0.5006908362051672,[0.00015588781388942152],33.430213928222656
2014-01-17 13:10:00,33.3333,0.13912736816406124,0.5006906578476615,[0.019355995580554008],33.47242736816406
2014-01-17 13:15:00,33.5553,-0.07598328857422132,0.5006901766202634,[0.0057737133465707302],33.47931671142578
2014-01-17 13:20:00,33.3333,0.09509050292968624,0.5006908558102836,[0.0090419100597500801],33.42839050292969
2014-01-17 13:25:00,35.6633,-2.180580578613281,0.5006790575913029,[4.7549295425415039],33.48271942138672
2014-01-17 13:30:00,33.4447,0.0026876953125025693,0.5006793501486605,[7.2326656663790345e-06],33.4473876953125
2014-01-17 13:35:00,33.4427,1.0537370727539042,0.5006849135461444,[1.1103630065917969],34.496437072753906
2014-01-17 13:40:00,33.446,1.234725097656252,0.5006925888266558,[1.5245481729507446],34.68072509765625
2014-01-17 13:45:00,33.4447,0.9729254272460963,0.5006977384363229,[0.94658714532852173],34.417625427246094
2014-01-17 13:50:00,33.3333,0.6865211669921862,0.5007021807006131,[0.47130918502807617],34.01982116699219
2014-01-17 13:55:00,33.4447,0.14022279052734632,0.5007030482719861,[0.019662898033857346],33.584922790527344
2014-01-17 14:00:00,33.556,-0.2696993408203099,0.5007006818356237,[0.072737604379653931],33.28630065917969
2014-01-17 14:05:00,33.446,-0.7643059692382792,0.5006967292795338,[0.58416229486465454],32.68169403076172
2014-01-17 14:10:00,33.3333,-0.397531872558595,0.500693862169419,[0.15803281962871552],32.935768127441406
2014-01-17 14:15:00,33.4447,-0.37531828613280993,0.500704548198958,[0.14086256921291351],33.06938171386719
2014-01-17 14:20:00,33.4447,-0.06717467041015368,0.5007041422489835,[0.0045122127048671246],33.377525329589844
2014-01-17 14:25:00,33.446,-0.0822533569335917,0.5006974139258425,[0.0067654740996658802],33.363746643066406
2014-01-17 14:30:00,33.4447,-0.05403685302734118,0.5006897446812171,[0.0029198015108704567],33.390663146972656
2014-01-17 14:35:00,33.3333,0.06154405517577999,0.5006842744588802,[0.0037874807603657246],33.39484405517578
2014-01-17 14:40:00,33.5573,-0.17231312255859166,0.5006791264926707,[0.029692007228732109],33.384986877441406
2014-01-17 14:45:00,33.3333,0.011296862792967488,0.5006782978718309,[0.00012758422235492617],33.34459686279297
2014-01-17 14:50:00,33.4447,-0.02040648193359118,0.5006797377711463,[0.00041635648813098669],33.424293518066406
2014-01-17 14:55:00,33.4447,-0.03268980712890368,0.5006840835624888,[0.0010685145389288664],33.412010192871094
2014-01-17 15:00:00,33.554,-0.1477881469726583,0.5006855628275275,[0.021841589361429214],33.406211853027344
2014-01-17 15:05:00,33.3333,0.07625352783202999,0.5006882358250246,[0.0058143651112914085],33.40955352783203
2014-01-17 15:10:00,33.4427,0.03392353515624791,0.5006888072652589,[0.0011508447350934148],33.47662353515625
2014-01-17 15:15:00,33.4427,0.03274860839843541,0.500689465842335,[0.0010725085157901049],33.47544860839844
2014-01-17 15:20:00,33.4427,-0.014111132812502092,0.5006896780303045,[0.00019910804985556751],33.4285888671875
2014-01-17 15:25:00,33.4427,0.013636975097654158,0.5006893531402469,[0.0001859825715655461],33.456336975097656
2014-01-17 15:30:00,33.4447,-0.006902453613278681,0.5006903307012978,[4.7620866098441184e-05],33.43779754638672
2014-01-17 15:35:00,33.5553,-0.09623933105469007,0.5006896569466963,[0.0092623298987746239],33.45906066894531
2014-01-17 15:40:00,33.3333,0.09809648437499874,0.5006903382139491,[0.0096226176247000694],33.431396484375
2014-01-17 15:45:00,33.4447,0.07658601074219007,0.5006909689672197,[0.0058656721375882626],33.52128601074219
2014-01-17 15:50:00,33.4447,0.03491425781250257,0.5006920598462032,[0.0012191217392683029],33.4796142578125
2014-01-17 15:55:00,33.446,0.020781616210939546,0.5006916898406781,[0.00043191108852624893],33.46678161621094
2014-01-17 16:00:00,33.4427,0.0009721801757791582,0.5006914602924329,[9.4623828772455454e-07],33.44367218017578
2014-01-17 16:05:00,33.556,-0.11208367919921614,0.5006905531224062,[0.012562696821987629],33.44391632080078
2014-01-17 16:10:00,33.3333,0.11810075683593624,0.5006913288425242,[0.013947424478828907],33.45140075683594
2014-01-17 16:15:00,33.556,-0.07051873779296614,0.5006907893796138,[0.0049728578887879848],33.48548126220703
2014-01-17 16:20:00,33.3333,0.1492363159179675,0.500691714098536,[0.022271016612648964],33.48253631591797
2014-01-17 16:25:00,33.3333,0.16979753417968624,0.5006933258238828,[0.028830679133534431],33.50309753417969
2014-01-17 16:30:00,33.5573,-0.09274616699218541,0.500692123840229,[0.0086019570007920265],33.46455383300781
2014-01-17 16:35:00,33.3333,0.03599321289062374,0.5006918408407963,[0.0012954002013429999],33.369293212890625
2014-01-17 16:40:00,33.5573,-0.1477388427734354,0.5006906900950088,[0.021826934069395065],33.40956115722656
2014-01-17 16:45:00,33.3333,0.03538286132812374,0.5006907507002236,[0.0012518375879153609],33.368682861328125
2014-01-17 16:50:00,33.4427,0.015765576171872908,0.5006908156775952,[0.00024857127573341131],33.458465576171875
2014-01-17 16:55:00,33.4447,-0.03173613281249743,0.5006913016698369,[0.0010070763528347015],33.4129638671875
2014-01-17 17:00:00,33.5573,-0.10991993408202916,0.5006898487640928,[0.012082517147064209],33.44738006591797
2014-01-17 17:05:00,33.3333,0.12364732666015499,0.5006910358553402,[0.015288279391825199],33.456947326660156
2014-01-17 17:10:00,33.4427,0.05125751953124791,0.5006903813621588,[0.0026273916009813547],33.49395751953125
2014-01-17 17:15:00,33.4447,0.02893281250000257,0.5006894544140031,[0.00083720404654741287],33.4736328125
2014-01-17 17:20:00,33.4447,-0.03451323242187243,0.5006898029349081,[0.0011910481844097376],33.410186767578125
2014-01-17 17:25:00,33.4447,0.007379772949221319,0.5006895921244905,[5.4485644795931876e-05],33.45207977294922
2014-01-17 17:30:00,33.4447,-0.01382231445312243,0.5006904247820455,[0.00019101031648460776],33.430877685546875
2014-01-17 17:35:00,33.3333,0.11601030273437374,0.500690901277766,[0.013458032160997391],33.449310302734375
2014-01-17 17:40:00,33.446,-0.032013793945310454,0.5006905741616272,[0.0010248282924294472],33.41398620605469
2014-01-17 17:45:00,33.4427,-0.04393443603515834,0.5006904768576306,[0.0019301847787573934],33.398765563964844
2014-01-17 17:50:00,33.4447,-0.05930113525390368,0.5006907870874073,[0.0035164270084351301],33.385398864746094
2014-01-17 17:55:00,33.446,-0.035469909667966704,0.5006897383770901,[0.0012580538168549538],33.41053009033203
2014-01-17 18:00:00,33.4447,-0.03154539794921618,0.5006891799250577,[0.00099500699434429407],33.41315460205078
2014-01-17 18:05:00,33.4447,-0.01028227539062243,0.5006888997201662,[0.00010569092410150915],33.434417724609375
2014-01-17 18:10:00,33.446,0.0022650756835957964,0.5006891115594863,[5.1344395615160465e-06],33.448265075683594
2014-01-17 18:15:00,33.5573,-0.08039417724609166,0.5006885233387093,[0.0064633148722350597],33.476905822753906
2014-01-17 18:20:00,33.4427,0.027301220703122908,0.5006887606719681,[0.00074538763146847486],33.470001220703125
2014-01-17 18:25:00,33.3333,0.18363725585937374,0.5006891514776437,[0.033722072839736938],33.516937255859375
2014-01-17 18:30:00,33.446,0.060988525390627046,0.5006897272565983,[0.0037197044584900141],33.506988525390625
2014-01-17 18:35:00,33.4447,-0.005666491699216181,0.5006899547840755,[3.2090247259475291e-05],33.43903350830078
2014-01-17 18:40:00,33.4447,-0.03779387207030993,0.5006900773649043,[0.0014282508054748178],33.40690612792969
2014-01-17 18:45:00,33.3333,0.06708299560546749,0.5006907211993895,[0.0044999211095273495],33.40038299560547
2014-01-17 18:50:00,33.5553,-0.14959168701172132,0.5006899385630497,[0.022378170862793922],33.40570831298828
2014-01-17 18:55:00,33.3333,0.014478320312498738,0.5006900768099498,[0.00020957704691682011],33.3477783203125
2014-01-17 19:00:00,33.556,-0.14612603759765364,0.5006890882392103,[0.021352747455239296],33.409873962402344
2014-01-17 19:05:00,33.3333,0.08698808593749874,0.5006901644087356,[0.0075666583143174648],33.4202880859375
2014-01-17 19:10:00,33.554,-0.0793372192382833,0.5006894416198375,[0.0062945298850536346],33.47466278076172
2014-01-17 19:15:00,36.6713,-3.2265444458007835,0.5006670847346668,[10.410582542419434],33.44475555419922
2014-01-17 19:20:00,34.778,-1.25865948486328,0.5006583592575071,[1.5842233896255493],33.51934051513672
2014-01-17 19:25:00,33.3333,1.757802600097655,0.5006698546735415,[3.0898644924163818],35.091102600097656
2014-01-17 19:30:00,33.5553,2.4376809570312474,0.5006860835234848,[5.9422802925109863],35.99298095703125
2014-01-17 19:35:00,33.3333,2.3282600585937487,0.500700948853767,[5.4207878112792969],35.66156005859375
2014-01-17 19:40:00,33.5587,1.2898717773437482,0.5007104751028746,[1.6637676954269409],34.84857177734375
2014-01-17 19:45:00,33.3333,0.64754259033203,0.5007146800160616,[0.41930940747261047],33.98084259033203
2014-01-17 19:50:00,33.4427,-0.1291624023437521,0.5007148381900632,[0.016682779416441917],33.31353759765625
2014-01-17 19:55:00,33.4447,-1.1427895996093724,0.5007066824730493,[1.3059642314910889],32.301910400390625
2014-01-17 20:00:00,33.5553,-1.36979890136719,0.500698113551657,[1.8763536214828491],32.18550109863281
2014-01-17 20:05:00,33.3333,-0.8187278564453138,0.5007146028768943,[0.67031782865524292],32.51457214355469
2014-01-17 20:10:00,33.3333,-0.20497358398437626,0.5007218392664303,[0.042014803737401962],33.128326416015625
2014-01-17 20:15:00,33.556,-0.21045709228515364,0.5007084622302226,[0.044292084872722626],33.345542907714844
2014-01-17 20:20:00,33.3333,-0.08827436523437626,0.5006912015805858,[0.0077926362864673138],33.245025634765625
2014-01-17 20:25:00,33.556,-0.21614099121093489,0.500673766865185,[0.046716824173927307],33.33985900878906
2014-01-17 20:30:00,33.3333,-0.025293713378907512,0.5006646846844666,[0.00063985004089772701],33.308006286621094
2014-01-17 20:35:00,33.4447,-0.05903410644530993,0.500659761598339,[0.0034848290961235762],33.38566589355469
2014-01-17 20:40:00,33.446,-0.10609521484374795,0.5006598575309712,[0.011256013065576553],33.33990478515625
2014-01-17 20:45:00,33.4447,-0.06744932861327868,0.5006672176644498,[0.0045491871424019337],33.37725067138672
2014-01-17 20:50:00,33.446,-0.029038330078122954,0.5006764371934976,[0.00084317498840391636],33.416961669921875
2014-01-17 20:55:00,33.3333,0.08266221923827999,0.5006826298563093,[0.0068327873013913631],33.41596221923828
2014-01-17 21:00:00,33.5553,-0.10874390869140882,0.5006832788419785,[0.011825599707663059],33.446556091308594
2014-01-17 21:05:00,33.446,-0.07554711914062295,0.5006841950767833,[0.0057072378695011139],33.370452880859375
2014-01-17 21:10:00,33.4427,0.025927929687497908,0.5006849567685625,[0.00067228695843368769],33.4686279296875
2014-01-17 21:15:00,33.3333,0.148549670410155,0.5006874545051843,[0.022066546604037285],33.481849670410156
2014-01-17 21:20:00,33.446,0.057311157226564546,0.5006880001075068,[0.0032846666872501373],33.50331115722656
2014-01-17 21:25:00,33.446,-0.006836791992185454,0.5006883434211225,[4.673004150390625e-05],33.43916320800781
2014-01-17 21:30:00,33.446,-0.020287414550779204,0.5006889260372098,[0.00041154451901093125],33.42571258544922
2014-01-17 21:35:00,33.4447,0.01563477783203382,0.5006894869201948,[0.00024449836928397417],33.46033477783203
2014-01-17 21:40:00,33.446,0.0015631713867207964,0.5006896819699642,[2.4461769498884678e-06],33.44756317138672
2014-01-17 21:45:00,33.3333,0.13999711914062374,0.5006900479585445,[0.019598761573433876],33.473297119140625
2014-01-17 21:50:00,33.4427,0.03236713867187291,0.500691022757589,[0.0010476683964952826],33.475067138671875
2014-01-17 21:55:00,33.4447,0.02398133544922132,0.5006917076769823,[0.00057518435642123222],33.46868133544922
2014-01-17 22:00:00,33.556,-0.10946679687499739,0.5006907451966449,[0.011982926167547703],33.446533203125
2014-01-17 22:05:00,33.3333,0.12154924316406124,0.5006905191384546,[0.014773842878639698],33.45484924316406
2014-01-17 22:10:00,33.4447,0.06191468505859632,0.5006905257458905,[0.0038336345460265875],33.506614685058594
2014-01-17 22:15:00,33.446,0.039092163085939546,0.5006908306613966,[0.0015282640233635902],33.48509216308594
2014-01-17 22:20:00,33.4427,0.027964978027341658,0.5006911549576027,[0.0007820717291906476],33.470664978027344
2014-01-17 22:25:00,33.4447,0.04649567871094007,0.5006913534628401,[0.0021620031911879778],33.49119567871094
2014-01-17 22:30:00,33.3333,0.1452995483398425,0.5006923496675684,[0.021111510694026947],33.478599548339844
2014-01-17 22:35:00,34.8907,-1.4163576538085962,0.5006813355635042,[2.0060727596282959],33.474342346191406
2014-01-17 22:40:00,35.5727,-2.16262004394531,0.5006657810242048,[4.6769275665283203],33.41007995605469
2014-01-17 22:45:00,33.446,0.6986990966796895,0.5006704936008889,[0.48818162083625793],34.14469909667969
2014-01-17 22:50:00,33.3333,1.9584404174804675,0.5006851243283448,[3.8354828357696533],35.29174041748047
2014-01-17 22:55:00,33.4447,1.8916113403320338,0.5006976600983424,[3.5781998634338379],35.33631134033203
2014-01-17 23:00:00,33.5573,1.1666303588867208,0.5007055128105373,[1.3610250949859619],34.72393035888672
2014-01-17 23:05:00,33.4447,0.5938208129882838,0.5007094745371112,[0.35262513160705566],34.03852081298828
2014-01-17 23:10:00,33.4447,0.09218049316406507,0.5007099473530889,[0.0084975501522421837],33.53688049316406
2014-01-17 23:15:00,33.3333,-0.42069471435547,0.5007066154896096,[0.17698533833026886],32.91260528564453
2014-01-17 23:20:00,33.4447,-0.9755609008789037,0.5006985706262028,[0.95171582698822021],32.469139099121094
2014-01-17 23:25:00,33.4447,-0.8092553588867162,0.5007031214793698,[0.65489155054092407],32.63544464111328
2014-01-17 23:30:00,33.4447,-0.46891569824218493,0.500715609013229,[0.2198803722858429],32.97578430175781
2014-01-17 23:35:00,33.446,-0.13636865234374795,0.5007095221593567,[0.01859617605805397],33.30963134765625
2014-01-17 23:40:00,33.4447,-0.14165281982421618,0.5006941070452612,[0.020065048709511757],33.30304718017578
2014-01-17 23:45:00,33.3333,-0.008737927246095012,0.5006800922556183,[7.6378360972739756e-05],33.324562072753906
2014-01-17 23:50:00,33.4447,-0.09312224121093493,0.5006707697684152,[0.0086714411154389381],33.35157775878906
2014-01-17 23:55:00,33.4427,-0.08742961425781459,0.5006656928874575,[0.0076438384130597115],33.35527038574219
2014-01-18 00:00:00,33.556,-0.21117425537109114,0.5006634150594724,[0.044594462960958481],33.344825744628906
2014-01-18 00:05:00,33.3333,0.030820483398436238,0.5006666994839344,[0.00094980699941515923],33.36412048339844
2014-01-18 00:10:00,33.556,-0.12902093505859114,0.5006729540392837,[0.016646338626742363],33.426979064941406
2014-01-18 00:15:00,33.3333,0.08502733154296749,0.5006795571640171,[0.0072293845005333424],33.41832733154297
2014-01-18 00:20:00,33.446,0.019751647949220796,0.5006831660630617,[0.00039016135269775987],33.46575164794922
2014-01-18 00:25:00,33.446,0.009947875976564546,0.5006842304131593,[9.8977237939834595e-05],33.45594787597656
2014-01-18 00:30:00,33.3333,0.09644090576171749,0.5006859739966409,[0.0093005504459142685],33.42974090576172
2014-01-18 00:35:00,33.5573,-0.12610950927734166,0.5006850881089189,[0.01590375229716301],33.431190490722656
2014-01-18 00:40:00,33.3333,0.020864123535154988,0.5006859174065138,[0.0004352472024038434],33.354164123535156
2014-01-18 00:45:00,33.554,-0.1101752319335958,0.5006857384796767,[0.012138769961893559],33.443824768066406
2014-01-18 00:50:00,33.3333,0.07237016601562374,0.5006878431400719,[0.0052372175268828869],33.405670166015625
2014-01-18 00:55:00,33.3333,0.16950761718749874,0.5006888483209626,[0.028732309117913246],33.5028076171875
2014-01-18 01:00:00,33.554,-0.0972662963867208,0.5006890843170715,[0.0094608990475535393],33.45673370361328
2014-01-18 01:05:00,33.5573,-0.1492189453124979,0.5006873129111578,[0.022266462445259094],33.4080810546875
2014-01-18 01:10:00,33.3333,0.13129960937499874,0.5006881220117714,[0.017239181324839592],33.464599609375
2014-01-18 01:15:00,33.4447,0.07377076416015882,0.5006885789969816,[0.005442371591925621],33.518470764160156
2014-01-18 01:20:00,33.4447,0.07927155761719007,0.5006884202106672,[0.006284243892878294],33.52397155761719
2014-01-18 01:25:00,33.4447,0.01873994140625257,0.500689505021048,[0.00035124784335494041],33.46343994140625
2014-01-18 01:30:00,33.7833,-0.2851463134765595,0.5006871897348703,[0.081307560205459595],33.49815368652344
2014-01-18 01:35:00,33.5587,-0.062125598144533,0.5006875463688912,[0.0038596596568822861],33.49657440185547
2014-01-18 01:40:00,33.3333,0.30335771484374874,0.500689257510704,[0.092024967074394226],33.63665771484375
2014-01-18 01:45:00,33.4447,0.24447083740234632,0.5006897844733256,[0.059766806662082672],33.689170837402344
2014-01-18 01:50:00,33.4447,0.18163514404297132,0.5006918905676221,[0.032991930842399597],33.62633514404297
2014-01-18 01:55:00,33.3333,0.21394884033203,0.5006946487925118,[0.045773446559906006],33.54724884033203
2014-01-18 02:00:00,33.5573,-0.07525196533202916,0.5006930584963356,[0.0056629437021911144],33.48204803466797
2014-01-18 02:05:00,33.5573,-0.18931141357421666,0.5006910412852112,[0.035839024931192398],33.36798858642578
2014-01-18 02:10:00,33.3333,-0.005388623046876262,0.5006903741972356,[2.9053902835585177e-05],33.327911376953125
2014-01-18 02:15:00,33.3333,0.07970964355468624,0.5006908230715786,[0.0063533810898661613],33.41300964355469
2014-01-18 02:20:00,33.554,-0.12423620605468955,0.5006920774620536,[0.015434847213327885],33.42976379394531
2014-01-18 02:25:00,33.3333,0.06906663818359249,0.5006930787761421,[0.0047699874266982079],33.402366638183594
2014-01-18 02:30:00,33.5587,-0.1218637573242205,0.5006897721000384,[0.014850912615656853],33.43683624267578
2014-01-18 02:35:00,33.3333,0.07434617919921749,0.5006884198493516,[0.0055271247401833534],33.40764617919922
2014-01-18 02:40:00,33.446,-0.023102661132810454,0.5006868057033703,[0.00053369347006082535],33.42289733886719
2014-01-18 02:45:00,33.4447,-0.06022429199218493,0.5006846474314874,[0.003626764751970768],33.38447570800781
2014-01-18 02:50:00,33.4427,-0.04430827636718959,0.500684874033845,[0.0019631730392575264],33.39839172363281
2014-01-18 02:55:00,33.554,-0.1110602416992208,0.5006854822561788,[0.012334567494690418],33.44293975830078
2014-01-18 03:00:00,33.554,-0.12245092773437705,0.5006845565845011,[0.014994438737630844],33.431549072265625
2014-01-18 03:05:00,35.1113,-1.6061043823242187,0.5006714574753182,[2.579575777053833],33.50519561767578
2014-01-18 03:10:00,33.4447,0.11499238281250257,0.5006732876679212,[0.013223631307482719],33.5596923828125
2014-01-18 03:15:00,33.4447,0.9408133056640651,0.5006800164527567,[0.88513278961181641],34.38551330566406
2014-01-18 03:20:00,33.3333,1.1612526123046862,0.5006899973319296,[1.3485040664672852],34.49455261230469
2014-01-18 03:25:00,35.1947,-0.9548318359374974,0.5006819449757406,[0.91170066595077515],34.2398681640625
2014-01-18 03:30:00,33.4427,0.4050020263671854,0.500685267622119,[0.16402709484100342],33.84770202636719
2014-01-18 03:35:00,33.4427,0.8490938232421854,0.5006923728720754,[0.72096127271652222],34.29179382324219
2014-01-18 03:40:00,33.3333,0.9146782104492175,0.5006998887521001,[0.83663338422775269],34.24797821044922
2014-01-18 03:45:00,33.4427,0.1696657226562479,0.5007021120391741,[0.02878664992749691],33.61236572265625
2014-01-18 03:50:00,33.4427,-0.04098186035156459,0.5007027767961916,[0.0016794663388282061],33.40171813964844
2014-01-18 03:55:00,33.4447,-0.2714135620117162,0.500713517077815,[0.07366441935300827],33.17328643798828
2014-01-18 04:00:00,33.5573,-0.2938112304687479,0.5007103012368046,[0.086325369775295258],33.26348876953125
2014-01-18 04:05:00,34.5553,-1.726579907226565,0.5006891099342758,[2.981083869934082],32.82872009277344
2014-01-18 04:10:00,35.328,-2.2665223388671905,0.5006617990874742,[5.1371192932128906],33.06147766113281
2014-01-18 04:15:00,34.774,-1.0507868041992197,0.5006611082564617,[1.1041492223739624],33.72321319580078
2014-01-18 04:20:00,34.6613,0.37639683837890914,0.5006607677351793,[0.14167408645153046],35.037696838378906
2014-01-18 04:25:00,33.556,2.143356079101565,0.5006708911935218,[4.5939764976501465],35.69935607910156
2014-01-18 04:30:00,33.3333,2.5869728271484362,0.5006840510151849,[6.692420482635498],35.92027282714844
2014-01-18 04:35:00,33.3333,1.9803138916015612,0.5006984585192029,[3.9216370582580566],35.31361389160156
2014-01-18 04:40:00,33.67,0.6547070312499983,0.5007040280176279,[0.42864370346069336],34.32470703125
2014-01-18 04:45:00,33.3333,-0.08526075439453251,0.50070556648953,[0.0072696595452725887],33.24803924560547
2014-01-18 04:50:00,33.4447,-0.9042336914062474,0.5007007239192367,[0.81763553619384766],32.54046630859375
2014-01-18 04:55:00,33.4447,-1.18470549316406,0.5007053145468116,[1.4035232067108154],32.25999450683594
2014-01-18 05:00:00,33.554,-1.2308569946289083,0.500713964777387,[1.5150110721588135],32.323143005371094
2014-01-18 05:05:00,33.3333,-0.5498374755859388,0.500718169437983,[0.30232295393943787],32.78346252441406
2014-01-18 05:10:00,33.4447,-0.28968596191405993,0.5007127752869047,[0.083916991949081421],33.15501403808594
2014-01-18 05:15:00,33.4447,-0.09908079833984118,0.5006943823721137,[0.0098166745156049728],33.345619201660156
2014-01-18 05:20:00,33.3333,-0.03431928710937626,0.5006728044428927,[0.001177919446490705],33.298980712890625
2014-01-18 05:25:00,33.554,-0.21903906250000205,0.5006546626665725,[0.047978486865758896],33.3349609375
2014-01-18 05:30:00,33.3333,-0.04284132080078251,0.5006488420544992,[0.0018355110660195351],33.29045867919922
2014-01-18 05:35:00,33.446,-0.060547729492185454,0.5006489793587408,[0.003665924072265625],33.38545227050781
2014-01-18 05:40:00,33.446,-0.10063256835937295,0.5006555745008565,[0.010126741603016853],33.345367431640625
2014-01-18 05:45:00,33.4447,-0.04865812988280993,0.50066494143518,[0.0023674515541642904],33.39604187011719
2014-01-18 05:50:00,33.4447,-0.01960539550780993,0.5006749586177797,[0.00038430618587881327],33.42509460449219
2014-01-18 05:55:00,33.3333,0.13133012695312374,0.500680575445204,[0.017247196286916733],33.464630126953125
2014-01-18 06:00:00,33.552,-0.05832476806640585,0.5006824862469138,[0.0034015614073723555],33.493675231933594
2014-01-18 06:05:00,33.4427,-0.012272448730470842,0.500683190199597,[0.00015059906581882387],33.43042755126953
2014-01-18 06:10:00,33.446,0.0635596313476583,0.5006839788177704,[0.0040399353019893169],33.509559631347656
2014-01-18 06:15:00,33.3333,0.18691789550781124,0.5006873330893015,[0.034937720745801926],33.52021789550781
2014-01-18 06:20:00,33.4447,0.09727692871094007,0.500688480503085,[0.0094631249085068703],33.54197692871094
2014-01-18 06:25:00,33.4447,0.03269410400390882,0.5006892465146193,[0.0010690133785828948],33.477394104003906
2014-01-18 06:30:00,33.4447,0.01758027343750257,0.5006902270519744,[0.00030912458896636963],33.4622802734375
2014-01-18 06:35:00,33.446,0.047507385253908296,0.5006910209197946,[0.002257032785564661],33.493507385253906
2014-01-18 06:40:00,33.446,0.031615356445314546,0.5006914402131464,[0.00099958479404449463],33.47761535644531
2014-01-18 06:45:00,33.3333,0.16740190429687374,0.500691714642032,[0.028022879734635353],33.500701904296875
2014-01-18 06:50:00,33.446,0.052405456542970796,0.5006926373290741,[0.0027464213781058788],33.49840545654297
2014-01-18 06:55:00,33.4447,0.04363465576172132,0.5006930993965556,[0.001904128585010767],33.48833465576172
2014-01-18 07:00:00,33.5573,-0.09309711914062291,0.5006917768173392,[0.0086671793833374977],33.464202880859375
2014-01-18 07:05:00,33.4427,0.027316479492185408,0.5006904090782764,[0.00074622104875743389],33.47001647949219
2014-01-18 07:10:00,33.3333,0.1869865600585925,0.5006911386912416,[0.034963395446538925],33.520286560058594
2014-01-18 07:15:00,33.4427,0.10081806640624791,0.5006916981396359,[0.010164396837353706],33.54351806640625
2014-01-18 07:20:00,33.4447,0.03885102539062757,0.5006918675460577,[0.0015095316339284182],33.483551025390625
2014-01-18 07:25:00,33.446,0.027136901855470796,0.5006916829449304,[0.00073645781958475709],33.47313690185547
2014-01-18 07:30:00,33.3333,0.11834489746093624,0.5006924030753623,[0.014005149714648724],33.45164489746094
2014-01-18 07:35:00,33.5573,-0.11091938476562291,0.500690024426532,[0.012303235940635204],33.446380615234375
2014-01-18 07:40:00,33.3333,0.03257524414062374,0.5006898403621429,[0.0010610459139570594],33.365875244140625
2014-01-18 07:45:00,33.4447,-0.02079558105468493,0.5006892792113382,[0.00043238687794655561],33.42390441894531
2014-01-18 07:50:00,33.4447,-0.01723265380859118,0.500689924972826,[0.00029690691735595465],33.427467346191406
2014-01-18 07:55:00,33.3333,0.09394609374999874,0.5006904781324816,[0.0088255787268280983],33.42724609375
2014-01-18 08:00:00,33.5553,-0.12571168212890882,0.5006877838228185,[0.015803845599293709],33.429588317871094
2014-01-18 08:05:00,33.4447,-0.07354521484374743,0.5006862719774683,[0.0054086535237729549],33.37115478515625
2014-01-18 08:10:00,33.446,-0.0012673339843729536,0.5006859097854424,[1.6039703041315079e-06],33.444732666015625
2014-01-18 08:15:00,33.4447,-0.0006844970703099307,0.5006856532874232,[4.662579158321023e-07],33.44401550292969
2014-01-18 08:20:00,33.4447,0.03607392578125257,0.5006849177692143,[0.0013014483265578747],33.48077392578125
2014-01-18 08:25:00,33.3333,0.1258293334960925,0.500686946055758,[0.015832632780075073],33.459129333496094
2014-01-18 08:30:00,33.554,-0.09405432128906455,0.5006858410876429,[0.0088463760912418365],33.45994567871094
2014-01-18 08:35:00,33.3333,0.07243120117187374,0.5006866306926835,[0.0052460553124547005],33.405731201171875
2014-01-18 08:40:00,33.446,-0.040642639160154204,0.5006864177496031,[0.0016517546027898788],33.405357360839844
2014-01-18 08:45:00,33.4427,-0.06158885498047084,0.5006850497606925,[0.0037931171245872974],33.38111114501953
2014-01-18 08:50:00,33.3333,0.03182756347656124,0.5006864115650089,[0.0010128954891115427],33.36512756347656
2014-01-18 08:55:00,33.5573,-0.16150989990234166,0.5006856466403603,[0.026085631921887398],33.395790100097656
2014-01-18 09:00:00,33.4447,-0.08466124267577868,0.5006849094227195,[0.0071672438643872738],33.36003875732422
2014-01-18 09:05:00,33.4447,-0.005193469238278681,0.500684854481673,[2.6954818167723715e-05],33.43950653076172
2014-01-18 09:10:00,33.3333,0.11037980957031124,0.500685479407955,[0.012183361686766148],33.44367980957031
2014-01-18 09:15:00,33.552,-0.07123370361328085,0.5006837327196586,[0.0050739753060042858],33.48076629638672
2014-01-18 09:20:00,33.3333,0.07781755371093624,0.500685225786933,[0.0060553313232958317],33.41111755371094
2014-01-18 09:25:00,33.4427,0.011111645507810408,0.5006846657184474,[0.00012348128075245768],33.45381164550781
2014-01-18 09:30:00,33.4427,-0.017254443359377092,0.5006848596701223,[0.00029769621323794127],33.425445556640625
2014-01-18 09:35:00,33.3333,0.05029069824218624,0.5006858317051521,[0.002528999000787735],33.38359069824219
2014-01-18 09:40:00,33.5553,-0.15518403320312757,0.5006841738605688,[0.024082601070404053],33.400115966796875
2014-01-18 09:45:00,33.3333,0.020742053222654988,0.5006857790935781,[0.0004301687004044652],33.354042053222656
2014-01-18 09:50:00,33.6647,-0.21542784423828465,0.5006846265604521,[0.046408962458372116],33.44927215576172
2014-01-18 09:55:00,33.4427,-0.03652629394531459,0.5006843356290843,[0.0013341286685317755],33.40617370605469
2014-01-18 10:00:00,33.554,-0.016425231933595796,0.500683186580767,[0.00026981631526723504],33.537574768066406
2014-01-18 10:05:00,33.3333,0.2233635131835925,0.5006857800183514,[0.049890570342540741],33.556663513183594
2014-01-18 10:10:00,33.446,0.15606604003906455,0.5006864477730522,[0.024356875568628311],33.60206604003906
2014-01-18 10:15:00,33.4427,0.09524860839843541,0.5006871786563507,[0.0090724052861332893],33.53794860839844
2014-01-18 10:20:00,33.3333,0.11362230224609249,0.5006883300992793,[0.012909676879644394],33.446922302246094
2014-01-18 10:25:00,33.552,-0.1099833984374996,0.5006868897694841,[0.012095938436686993],33.4420166015625
2014-01-18 10:30:00,33.3333,-0.019358044433595012,0.5006881067482813,[0.00037479365710169077],33.313941955566406
2014-01-18 10:35:00,33.4447,-0.05667662353515368,0.5006874041030192,[0.0032120507676154375],33.388023376464844
2014-01-18 10:40:00,33.446,-0.1050042114257792,0.5006884068358846,[0.011025705374777317],33.34099578857422
2014-01-18 10:45:00,33.3333,0.07589494628906124,0.5006894063759735,[0.0057598087005317211],33.40919494628906
2014-01-18 10:50:00,33.554,-0.13337622070312705,0.500688354000988,[0.017789443954825401],33.420623779296875
2014-01-18 10:55:00,33.3333,0.06381761474609249,0.5006868849660625,[0.0040724910795688629],33.397117614746094
2014-01-18 11:00:00,33.5573,-0.10283222656249791,0.5006845294118866,[0.010574583895504475],33.4544677734375
2014-01-18 11:05:00,33.3333,0.07406389160156124,0.500684311327302,[0.0054852315224707127],33.40736389160156
2014-01-18 11:10:00,33.5587,-0.0742258178710955,0.5006825905890782,[0.0055095553398132324],33.484474182128906
2014-01-18 11:15:00,33.3333,0.10689317626952999,0.5006845419835697,[0.011425821110606194],33.44019317626953
2014-01-18 11:20:00,33.4427,0.04743519287109166,0.500685132525904,[0.0022501514758914709],33.490135192871094
2014-01-18 11:25:00,33.4427,0.018817333984372908,0.5006858084369153,[0.00035411340650171041],33.461517333984375
2014-01-18 11:30:00,33.4447,-0.03443693847655993,0.5006864481971436,[0.0011857879580929875],33.41026306152344
2014-01-18 11:35:00,33.4427,-0.0018201782226583418,0.5006857218098202,[3.3109827199950814e-06],33.440879821777344
2014-01-18 11:40:00,33.3333,0.07062303466796749,0.500687578115512,[0.0049873949028551579],33.40392303466797
2014-01-18 11:45:00,33.4447,0.01260590820312757,0.5006870939115867,[0.00015895093383733183],33.457305908203125
2014-01-18 11:50:00,33.4447,-0.07542967529296618,0.500687346173212,[0.0056893844157457352],33.36927032470703
2014-01-18 11:55:00,33.4427,-0.03433665771484584,0.500686337822752,[0.0011789670679718256],33.408363342285156
2014-01-18 12:00:00,33.4427,-0.03902110595703334,0.5006866572061763,[0.0015226023970171809],33.40367889404297
2014-01-18 12:05:00,33.4447,-0.00842833251952868,0.50068557755465,[7.1008704253472388e-05],33.43627166748047
2014-01-18 12:10:00,33.4427,-0.004101367187502092,0.5006850867174366,[1.6816557035781443e-05],33.4385986328125
2014-01-18 12:15:00,33.4447,0.007555249023440069,0.5006849675497627,[5.7106968597508967e-05],33.45225524902344
2014-01-18 12:20:00,33.4427,0.03720417480468541,0.5006856161598874,[0.0013841928448528051],33.47990417480469
2014-01-18 12:25:00,33.3333,0.13775407714843624,0.5006868866811958,[0.018975760787725449],33.47105407714844
2014-01-18 12:30:00,33.552,-0.08987994384765585,0.500685389198807,[0.0080780694261193275],33.462120056152344
2014-01-18 12:35:00,33.3333,0.06120073242187374,0.5006858226287925,[0.0037453407421708107],33.394500732421875
2014-01-18 12:40:00,33.446,-0.013939758300779204,0.5006863881178201,[0.00019429303938522935],33.43206024169922
2014-01-18 12:45:00,33.446,-0.040833374023435454,0.5006863213516324,[0.0016672946512699127],33.40516662597656
2014-01-18 12:50:00,33.446,-0.044480224609372954,0.5006862646803775,[0.0019784143660217524],33.401519775390625
2014-01-18 12:55:00,33.446,-0.028458496093747954,0.5006860687664739,[0.00080983736552298069],33.41754150390625
2014-01-18 13:00:00,33.4427,-0.010044665527345842,0.5006860025382854,[0.00010088390263263136],33.432655334472656
2014-01-18 13:05:00,33.4447,0.02433991699219007,0.5006861458732461,[0.00059251266065984964],33.46903991699219
2014-01-18 13:10:00,33.4447,-0.00021910400390368068,0.5006857811980295,[4.7279172576963902e-08],33.444480895996094
2014-01-18 13:15:00,33.4447,0.02945161132812757,0.500684741582941,[0.00086749554611742496],33.474151611328125
2014-01-18 13:20:00,33.446,0.006415466308595796,0.5006856390699479,[4.1169172618538141e-05],33.452415466308594
2014-01-18 13:25:00,33.3333,0.12942277832031124,0.5006862565361418,[0.016749855130910873],33.46272277832031
2014-01-18 13:30:00,33.4427,0.0006135986328104082,0.5006863835606321,[3.7720019463449717e-07],33.44331359863281
2014-01-18 13:35:00,33.4447,-0.05371641845702868,0.5006862574620035,[0.0028852745890617371],33.39098358154297
2014-01-18 13:40:00,33.4427,-0.06341990966797084,0.500686074712704,[0.0040220129303634167],33.37928009033203
2014-01-18 13:45:00,33.4447,-0.05119871826171618,0.5006858536560185,[0.0026211382355540991],33.39350128173828
2014-01-18 13:50:00,33.3333,0.08039628906249874,0.5006866946246388,[0.0064633148722350597],33.4136962890625
2014-01-18 13:55:00,33.4427,-0.010006518554689592,0.5006863575101814,[0.0001001190539682284],33.43269348144531
2014-01-18 14:00:00,33.5573,-0.1625856445312479,0.5006848148486382,[0.026434276252985001],33.39471435546875
2014-01-18 14:05:00,33.4447,-0.03036284179687243,0.5006842330634198,[0.00092180096544325352],33.414337158203125
2014-01-18 14:10:00,33.4447,0.02936768798828382,0.5006844359395959,[0.00086255895439535379],33.47406768798828
2014-01-18 14:15:00,33.4427,0.05826130371093541,0.5006837313649969,[0.0033944456372410059],33.50096130371094
2014-01-18 14:20:00,33.4447,0.04564118652344007,0.5006841444824204,[0.0020832701120525599],33.49034118652344
2014-01-18 14:25:00,33.446,0.035590270996095796,0.5006849866900338,[0.0012667281553149223],33.481590270996094
2014-01-18 14:30:00,33.446,0.042365173339845796,0.5006859892774522,[0.0017948802560567856],33.488365173339844
2014-01-18 14:35:00,33.4447,0.02137971191406507,0.5006866766671976,[0.0004571633180603385],33.46607971191406
2014-01-18 14:40:00,33.446,-0.014618774414060454,0.5006857497884358,[0.00021368358284235001],33.43138122558594
2014-01-18 14:45:00,33.3333,0.08904039306640499,0.5006866861378805,[0.007927916944026947],33.422340393066406
2014-01-18 14:50:00,33.556,-0.13001275634765364,0.5006870096253453,[0.016903253272175789],33.425987243652344
2014-01-18 14:55:00,33.446,-0.052567382812497954,0.5006867917351513,[0.0027632398996502161],33.3934326171875
2014-01-18 15:00:00,33.5573,-0.12374439697265416,0.5006853099161346,[0.015312816016376019],33.433555603027344
2014-01-18 15:05:00,33.4447,0.01653504638672132,0.5006848899772119,[0.00027346285060048103],33.46123504638672
2014-01-18 15:10:00,33.3333,0.186330432128905,0.5006862247528862,[0.034718453884124756],33.519630432128906
2014-01-18 15:15:00,33.554,-0.025214294433595796,0.5006856243973938,[0.00063580373534932733],33.528785705566406
2014-01-18 15:20:00,33.3333,0.12219011230468624,0.5006863774930246,[0.014930046163499355],33.45549011230469
2014-01-18 15:25:00,33.4427,0.04425373535156041,0.5006865856427972,[0.0019584433175623417],33.48695373535156
2014-01-18 15:30:00,33.4447,-0.04397368164062243,0.5006862942957095,[0.0019335381221026182],33.400726318359375
2014-01-18 15:35:00,33.446,-0.062325378417966704,0.5006848073189758,[0.0038843462243676186],33.38367462158203
2014-01-18 15:40:00,33.4447,-0.08651518554687243,0.5006852344901778,[0.0074845892377197742],33.358184814453125
2014-01-18 15:45:00,33.3333,0.06647264404296749,0.5006863856971326,[0.0044184071011841297],33.39977264404297
2014-01-18 15:50:00,33.4447,-0.0032784912109349307,0.5006875633390583,[1.0737581760622561e-05],33.44142150878906
2014-01-18 15:55:00,33.446,-0.061501403808591704,0.5006867936602848,[0.0037823175080120564],33.384498596191406
2014-01-18 16:00:00,33.5553,-0.14975190429687757,0.5006834848401637,[0.02242613211274147],33.405548095703125
2014-01-18 16:05:00,33.3333,0.07003557128906124,0.5006844042679574,[0.0049047651700675488],33.40333557128906
2014-01-18 16:10:00,33.4427,0.04335346679687291,0.5006836056676394,[0.0018795722862705588],33.486053466796875
2014-01-18 16:15:00,33.4447,0.0037786987304713193,0.500683190748178,[1.4291159459389746e-05],33.44847869873047
2014-01-18 16:20:00,37.214,-3.7784836425781236,0.5006465962171845,[14.276944160461426],33.435516357421875
2014-01-18 16:25:00,33.446,0.0821448364257833,0.5006479600745646,[0.0067479144781827927],33.52814483642578
2014-01-18 16:30:00,33.4447,1.844621899414065,0.5006668786275883,[3.4026360511779785],35.28932189941406
2014-01-18 16:35:00,33.4447,2.2203619506835963,0.50068801647258,[4.9300146102905273],35.665061950683594
2014-01-18 16:40:00,33.3333,1.7933784667968737,0.5007057012498974,[3.2162008285522461],35.126678466796875
2014-01-18 16:45:00,33.5553,0.8795373413085912,0.5007150039813439,[0.77358299493789673],34.434837341308594
2014-01-18 16:50:00,33.3333,0.31197893066406124,0.5007196107108998,[0.097329892218112946],33.64527893066406
2014-01-18 16:55:00,33.4447,-0.23295378417968493,0.5007166402901109,[0.054266687482595444],33.21174621582031
2014-01-18 17:00:00,33.446,-1.2642754516601542,0.5007037207684172,[1.5983902215957642],32.181724548339844
2014-01-18 17:05:00,33.554,-1.0831061401367208,0.5006929607930457,[1.1731207370758057],32.47089385986328
2014-01-18 17:10:00,33.3333,-0.640756970214845,0.5007246038613945,[0.41057148575782776],32.692543029785156
2014-01-18 17:15:00,33.4447,-0.08543181152343493,0.5007229675907434,[0.0072983098216354847],33.35926818847656
2014-01-18 17:20:00,33.4447,-0.07942747802734118,0.5007036150038533,[0.0063084596768021584],33.365272521972656
2014-01-18 17:25:00,33.4427,-0.11540660400390834,0.50068006090434,[0.013318553566932678],33.327293395996094
2014-01-18 17:30:00,33.4447,-0.07961058349609118,0.5006611202746165,[0.0063375798054039478],33.365089416503906
2014-01-18 17:35:00,33.4447,-0.08855986328124743,0.5006512919914268,[0.0078425547108054161],33.35614013671875
2014-01-18 17:40:00,33.3333,0.05435716552734249,0.5006486203983662,[0.0029545335564762354],33.387657165527344
2014-01-18 17:45:00,33.446,-0.0794915161132792,0.5006501315672283,[0.0063187652267515659],33.36650848388672
2014-01-18 17:50:00,33.4447,-0.08034300537109118,0.5006621169988257,[0.0064547308720648289],33.364356994628906
2014-01-18 17:55:00,33.4447,-0.08143400878905993,0.5006722788421477,[0.0066312262788414955],33.36326599121094
2014-01-18 18:00:00,33.5553,-0.15439057617187757,0.5006772271208997,[0.02383696474134922],33.400909423828125
2014-01-18 18:05:00,33.3333,0.08389818115234249,0.5006789227247254,[0.0070386459119617939],33.417198181152344
2014-01-18 18:10:00,33.446,0.051406005859377046,0.5006802339065993,[0.0026426652912050486],33.497406005859375
2014-01-18 18:15:00,33.4447,0.03325867919922132,0.5006817332222846,[0.0011062505654990673],33.47795867919922
2014-01-18 18:20:00,33.4447,0.04342103271484632,0.5006829726039549,[0.0018855307716876268],33.488121032714844
2014-01-18 18:25:00,33.4447,0.03405976562500257,0.50068421219822,[0.0011601811274886131],33.478759765625
2014-01-18 18:30:00,33.446,0.031203369140627046,0.500683959213474,[0.00097370357252657413],33.477203369140625
2014-01-18 18:35:00,33.3333,0.1371513549804675,0.500686155781862,[0.018810071051120758],33.47045135498047
2014-01-18 18:40:00,33.4447,0.01182770996094007,0.5006870939127135,[0.00013993414177093655],33.45652770996094
2014-01-18 18:45:00,33.4427,0.00038471679687290816,0.5006879293156068,[1.4844408724457026e-07],33.443084716796875
2014-01-18 18:50:00,33.4427,-0.013615222167970842,0.5006893768412687,[0.00018535881827119738],33.42908477783203
2014-01-18 18:55:00,33.446,0.008040527343752046,0.5006885878019116,[6.4663821831345558e-05],33.45404052734375
2014-01-18 19:00:00,33.4447,0.01071381835937757,0.5006881601130899,[0.00011482161062303931],33.455413818359375
2014-01-18 19:05:00,33.4427,0.03324451904296666,0.5006881495633662,[0.0011052357731387019],33.47594451904297
2014-01-18 19:10:00,33.4447,0.04342103271484632,0.5006881378313199,[0.0018855307716876268],33.488121032714844
2014-01-18 19:15:00,33.4447,0.06926942138672132,0.5006884881322948,[0.004798483569175005],33.51396942138672
2014-01-18 19:20:00,33.4447,0.05756593017578382,0.5006887489819745,[0.0033140282612293959],33.50226593017578
2014-01-18 19:25:00,33.4447,0.04895997314453382,0.5006878197594895,[0.002397242235019803],33.49365997314453
2014-01-18 19:30:00,33.3333,0.13938676757812374,0.5006891238941211,[0.01942824013531208],33.472686767578125
2014-01-18 19:35:00,33.4447,0.02153229980469007,0.5006893370794793,[0.00046371167991310358],33.46623229980469
2014-01-18 19:40:00,33.4447,-0.03500914306640368,0.500689114073082,[0.0012255234178155661],33.409690856933594
2014-01-18 19:45:00,33.4447,-0.04991697998046618,0.5006885102022579,[0.0024915386456996202],33.39478302001953
2014-01-18 19:50:00,33.4447,-0.03885435791015368,0.5006879912225899,[0.0015095316339284182],33.405845642089844
2014-01-18 19:55:00,33.3333,0.09009324951171749,0.5006885693079863,[0.0081165153533220291],33.42339324951172
2014-01-18 20:00:00,33.5573,-0.11821308593749791,0.5006868836247989,[0.013974468223750591],33.4390869140625
2014-01-18 20:05:00,33.4447,-0.04477476806640368,0.5006856841073151,[0.0020046306308358908],33.399925231933594
2014-01-18 20:10:00,33.4447,0.02315736083984632,0.500685310463986,[0.00053634052164852619],33.467857360839844
2014-01-18 20:15:00,33.3333,0.14945756835937374,0.500686340193234,[0.022337103262543678],33.482757568359375
2014-01-18 20:20:00,33.5573,-0.07876148681640416,0.50068404233266,[0.0062034614384174347],33.478538513183594
2014-01-18 20:25:00,33.3333,0.07545244140624874,0.5006845912049236,[0.0056928377598524094],33.40875244140625
2014-01-18 20:30:00,33.4427,-0.003811450195314592,0.5006849118029324,[1.4522825949825346e-05],33.43888854980469
2014-01-18 20:35:00,33.446,-0.020089050292966704,0.5006852208913801,[0.00040353561053052545],33.42591094970703
2014-01-18 20:40:00,33.4447,-0.06383299560546618,0.5006849557565408,[0.0040744384750723839],33.38086700439453
2014-01-18 20:45:00,33.4447,-0.04646086425780993,0.5006835038072701,[0.0021584571804851294],33.39823913574219
2014-01-18 20:50:00,33.3333,0.06673204345702999,0.5006854487664208,[0.0044529596343636513],33.40003204345703
2014-01-18 20:55:00,33.4447,0.007280590820315069,0.5006859929464532,[5.3031268180347979e-05],33.45198059082031
2014-01-18 21:00:00,33.4447,-0.06879210205077868,0.5006850150608015,[0.0047321240417659283],33.37590789794922
2014-01-18 21:05:00,33.554,-0.1570654907226583,0.5006817587592022,[0.024669837206602097],33.396934509277344
2014-01-18 21:10:00,28.5714,4.822948144531249,0.5007334237983819,[23.260831832885742],33.39434814453125
2014-01-18 21:15:00,33.4447,-0.05889677734374743,0.500732045940555,[0.003468634095042944],33.38580322265625
2014-01-18 21:20:00,33.4447,-2.3300359222412084,0.5007075115377617,[5.4290595054626465],31.11466407775879
2014-01-18 21:25:00,33.3333,-2.702858334350587,0.5006791462279226,[7.3054513931274414],30.630441665649414
2014-01-18 21:30:00,33.5587,-2.2616743194580096,0.5006558548216731,[5.11517333984375],31.297025680541992
2014-01-18 21:35:00,33.3333,-1.182505017089845,0.5006437670477559,[1.3983217477798462],32.150794982910156
2014-01-18 21:40:00,33.556,-0.43457818603515364,0.5006383757419124,[0.18885798752307892],33.121421813964844
2014-01-18 21:45:00,33.3333,0.33910905761718624,0.5006418376466901,[0.11499390751123428],33.67240905761719
2014-01-18 21:50:00,33.3333,1.6631294433593737,0.5006602217082129,[2.7659943103790283],34.996429443359375
2014-01-18 21:55:00,33.5573,1.0390058471679708,0.5006729512112459,[1.0795320272445679],34.59630584716797
2014-01-18 22:00:00,33.556,0.7314069213867214,0.5006286283195179,[0.53495645523071289],34.28740692138672
2014-01-18 22:05:00,33.3333,0.24950944824218624,0.5006318552183009,[0.062254194170236588],33.58280944824219
2014-01-18 22:10:00,33.3333,0.28785478515624874,0.500660094538852,[0.08285948634147644],33.62115478515625
2014-01-18 22:15:00,33.5553,0.05318236083984118,0.5006899301403858,[0.0028281863778829575],33.608482360839844
2014-01-18 22:20:00,33.3333,0.1483513061523425,0.5007160680542011,[0.022007651627063751],33.481651306152344
2014-01-18 22:25:00,33.554,-0.014174560546877046,0.5007287952794598,[0.0002009423915296793],33.539825439453125
2014-01-18 22:30:00,33.3333,0.16007768554687374,0.500735287529505,[0.025624370202422142],33.493377685546875
2014-01-18 22:35:00,33.446,0.057036499023439546,0.5007322582995408,[0.0032532596960663795],33.50303649902344
2014-01-18 22:40:00,33.4447,-0.01281523437499743,0.5007140292794424,[0.00016418752784375101],33.431884765625
2014-01-18 22:45:00,33.3333,0.09862291259765499,0.500703774009964,[0.0097261741757392883],33.431922912597656
2014-01-18 22:50:00,33.5573,-0.09556904296874791,0.5006947601336376,[0.009133550338447094],33.46173095703125
2014-01-18 22:55:00,33.3333,0.05389177246093624,0.5006926152328497,[0.0029041566886007786],33.38719177246094
2014-01-18 23:00:00,33.556,-0.11895776367187239,0.5006881740770779,[0.014150891453027725],33.437042236328125
2014-01-18 23:05:00,33.3333,0.03460466308593624,0.5006879612194666,[0.0011973758228123188],33.36790466308594
2014-01-18 23:10:00,34.344,-0.8907071533203137,0.5006766622429943,[0.79336237907409668],33.45329284667969
2014-01-18 23:15:00,36.2207,-2.804318164062501,0.5006463332988355,[7.8641963005065918],33.4163818359375
2014-01-18 23:20:00,36.1113,-2.2256417358398437,0.5006203084026699,[4.9534873962402344],33.885658264160156
2014-01-18 23:25:00,33.4447,1.8946020629882838,0.5006402258518976,[3.5895233154296875],35.33930206298828
2014-01-18 23:30:00,33.4447,3.276323559570315,0.5006760231485837,[10.734307289123535],36.72102355957031
2014-01-18 23:35:00,33.6633,2.811202563476563,0.5007055968351232,[7.902862548828125],36.47450256347656
2014-01-18 23:40:00,38.1267,-2.7585588256835933,0.5006765241144597,[7.609654426574707],35.368141174316406
2014-01-18 23:45:00,33.9913,0.44675694580077874,0.5006807971844157,[0.1995929479598999],34.43805694580078
2014-01-18 23:50:00,33.3333,2.2033516113281237,0.5007062359474854,[4.8547515869140625],35.536651611328125
2014-01-18 23:55:00,33.4447,1.7922766235351588,0.500725522208605,[3.212261438369751],35.236976623535156
2014-01-19 00:00:00,33.556,0.5529630126953151,0.500741529808973,[0.30576837062835693],34.10896301269531
2014-01-19 00:05:00,33.4447,0.13588929443359632,0.5007742781303215,[0.018466353416442871],33.580589294433594
2014-01-19 00:10:00,33.3333,-0.14772260742187626,0.5007975362726986,[0.021822424605488777],33.185577392578125
2014-01-19 00:15:00,33.4447,-0.5502068969726537,0.5007704722935438,[0.30272579193115234],32.894493103027344
2014-01-19 00:20:00,33.556,-1.9634764251708958,0.5007123315706357,[3.855238676071167],31.5925235748291
2014-01-19 00:25:00,33.5573,-1.716599850463865,0.5006619800833546,[2.9467170238494873],31.840700149536133
2014-01-19 00:30:00,33.4447,-1.1677606079101537,0.5006798998201918,[1.3636609315872192],32.276939392089844
2014-01-19 00:35:00,33.3333,-0.1831611450195325,0.5006728542281054,[0.033548571169376373],33.15013885498047
2014-01-19 00:40:00,33.5553,-0.2930090454101588,0.500644875457804,[0.085855275392532349],33.262290954589844
2014-01-19 00:45:00,35.756,-2.5294375000000002,0.5005966328936555,[6.3980565071105957],33.2265625
2014-01-19 00:50:00,39.91,-6.560001525878903,0.5005174290308119,[43.033618927001953],33.349998474121094
2014-01-19 00:55:00,35.5487,-0.9423004638671841,0.5005052189706307,[0.88792717456817627],34.60639953613281
2014-01-19 01:00:00,33.6667,4.253084545898439,0.500554020117427,[18.088741302490234],37.91978454589844
2014-01-19 01:05:00,33.554,5.696205993652342,0.5006235543456373,[32.446754455566406],39.250205993652344
2014-01-19 01:10:00,33.3333,4.95882188720703,0.5007009757917997,[24.589899063110352],38.29212188720703
2014-01-19 01:15:00,33.3333,3.1040168945312487,0.5007550644664446,[9.6349115371704102],36.43731689453125
2014-01-19 01:20:00,33.554,0.8322380981445292,0.5007776603156923,[0.69261884689331055],34.38623809814453
2014-01-19 01:25:00,33.3333,-0.9032615478515638,0.500769720909257,[0.81588423252105713],32.43003845214844
2014-01-19 01:30:00,33.4427,-2.8082986785888693,0.5007416524746094,[7.8865385055541992],30.634401321411133
2014-01-19 01:35:00,33.4427,-2.7526422454834005,0.5007395392083953,[7.5770363807678223],30.6900577545166
2014-01-19 01:40:00,33.4427,-1.910128207397463,0.5007927081917418,[3.648587703704834],31.53257179260254
2014-01-19 01:45:00,33.4447,-0.7252786132812474,0.5007953889628829,[0.52602666616439819],32.71942138671875
2014-01-19 01:50:00,33.3333,-0.17762983398437626,0.5007450456942342,[0.031552907079458237],33.155670166015625
2014-01-19 01:55:00,33.4427,-0.1767087890625021,0.5006781371154287,[0.031225794926285744],33.2659912109375
2014-01-19 02:00:00,33.5573,-0.3117403076171854,0.5006179740564491,[0.097182370722293854],33.24555969238281
2014-01-19 02:05:00,33.4447,-0.15238737792968493,0.5005806816299718,[0.023221405223011971],33.29231262207031
2014-01-19 02:10:00,33.3333,0.04707109374999874,0.5005715638895829,[0.0022155425976961851],33.38037109375
2014-01-19 02:15:00,33.4427,0.017283825683591658,0.5005819747457643,[0.00029875023756176233],33.459983825683594
2014-01-19 02:20:00,33.4447,-0.01338743896484118,0.5006139147867458,[0.00017917891091201454],33.431312561035156
2014-01-19 02:25:00,33.4447,-0.0023019287109349307,0.5006454133926452,[5.2912073442712426e-06],33.44239807128906
2014-01-19 02:30:00,33.4447,0.04661011962890882,0.500667852197015,[0.0021726586855947971],33.491310119628906
2014-01-19 02:35:00,33.446,0.0674658813476583,0.5006769411348362,[0.0045517603866755962],33.513465881347656
2014-01-19 02:40:00,33.3333,0.18618547363281124,0.5006810922932052,[0.03466445580124855],33.51948547363281
2014-01-19 02:45:00,33.4447,0.09431672363281507,0.5006841946198493,[0.00889595877379179],33.53901672363281
2014-01-19 02:50:00,33.4427,0.09069385986327916,0.500688821977834,[0.0082254791632294655],33.53339385986328
2014-01-19 02:55:00,33.4447,0.09519410400390882,0.5006916688063778,[0.0090622343122959137],33.539894104003906
2014-01-19 03:00:00,33.446,0.1062079467773458,0.5006923394721121,[0.011280309408903122],33.552207946777344
2014-01-19 03:05:00,35.1113,-1.554445751953125,0.5006743343254001,[2.4163060188293457],33.556854248046875
2014-01-19 03:10:00,33.446,0.1642981567382833,0.5006763545581103,[0.026994165033102036],33.61029815673828
2014-01-19 03:15:00,33.4447,0.9593679931640651,0.5006873780288325,[0.92039012908935547],34.40406799316406
2014-01-19 03:20:00,33.4447,1.1484320190429713,0.5007000303542934,[1.3188999891281128],34.59313201904297
2014-01-19 03:25:00,35.2227,-0.8711756469726595,0.5006892311175881,[0.75894391536712646],34.351524353027344
2014-01-19 03:30:00,33.4447,0.6046621826171901,0.5006940243724463,[0.36561837792396545],34.04936218261719
2014-01-19 03:35:00,33.4447,1.0852072265625026,0.5007054411713056,[1.1776783466339111],34.5299072265625
2014-01-19 03:40:00,33.4447,1.032732250976565,0.5007163199216844,[1.0665392875671387],34.47743225097656
2014-01-19 03:45:00,33.3333,0.45375596923828,0.5007204791725173,[0.20589308440685272],33.78705596923828
2014-01-19 03:50:00,33.4447,0.11049104003906507,0.5007205472603069,[0.012208637781441212],33.55519104003906
2014-01-19 03:55:00,33.4447,-0.21409392089843493,0.500736311126257,[0.045835494995117188],33.23060607910156
2014-01-19 04:00:00,33.554,-0.31004248046875205,0.500730838976796,[0.096126869320869446],33.24395751953125
2014-01-19 04:05:00,33.3333,-0.5448173339843763,0.500713294132799,[0.29682761430740356],32.788482666015625
2014-01-19 04:10:00,33.4447,-0.45423674316405993,0.5006945409852405,[0.20632950961589813],32.99046325683594
2014-01-19 04:15:00,33.446,-0.3837212524414042,0.5007003315813967,[0.14724133908748627],33.062278747558594
2014-01-19 04:20:00,33.3333,-0.001566296386720012,0.5006932007699585,[2.458124072290957e-06],33.33173370361328
2014-01-19 04:25:00,33.556,-0.19930291748046614,0.5006780818263922,[0.039721556007862091],33.35669708251953
2014-01-19 04:30:00,33.3333,-0.030123120117188762,0.5006655242036868,[0.00090749538503587246],33.30317687988281
2014-01-19 04:35:00,33.5573,-0.20708790283202916,0.5006577137969347,[0.042885635048151016],33.35021209716797
2014-01-19 04:40:00,33.3333,-0.03176343994140751,0.5006559987666599,[0.0010090142022818327],33.301536560058594
2014-01-19 04:45:00,33.3333,0.05965959472656124,0.5006591952358839,[0.003559082979336381],33.39295959472656
2014-01-19 04:50:00,33.5573,-0.1863130615234354,0.500660652479199,[0.034712769091129303],33.37098693847656
2014-01-19 04:55:00,33.3333,-0.004679089355470012,0.5006670315892457,[2.1908330381847918e-05],33.32862091064453
2014-01-19 05:00:00,33.554,-0.16387854003906455,0.5006704776177813,[0.026856455951929092],33.39012145996094
2014-01-19 05:05:00,33.446,-0.09459008789062295,0.5006739073671258,[0.0089471228420734406],33.351409912109375
2014-01-19 05:10:00,33.4447,0.0014898803710963193,0.5006739251526147,[2.2247113520279527e-06],33.446189880371094
2014-01-19 05:15:00,33.3333,0.11259233398437374,0.5006776100746859,[0.01267668604850769],33.445892333984375
2014-01-19 05:20:00,33.554,-0.054083923339845796,0.5006773169539849,[0.002925163134932518],33.499916076660156
2014-01-19 05:25:00,33.3333,0.11868822021484249,0.5006811786574759,[0.014086526818573475],33.451988220214844
2014-01-19 05:30:00,33.4427,0.020198254394529158,0.5006817870208563,[0.0004079923965036869],33.46289825439453
2014-01-19 05:35:00,33.446,-0.004052062988279204,0.5006810150256423,[1.6412290278822184e-05],33.44194793701172
2014-01-19 05:40:00,33.3333,0.05889665527343624,0.50068393566619,[0.003468634095042944],33.39219665527344
2014-01-19 05:45:00,33.5573,-0.1275972412109354,0.500682470366822,[0.01628120057284832],33.42970275878906
2014-01-19 05:50:00,33.3333,0.05224382324218624,0.5006850504230189,[0.0027292557060718536],33.38554382324219
2014-01-19 05:55:00,33.4427,0.03881397705077916,0.5006866432154644,[0.0015065688639879227],33.48151397705078
2014-01-19 06:00:00,33.4447,-0.01046538085937243,0.5006864962908766,[0.00010948932322207838],33.434234619140625
2014-01-19 06:05:00,33.5573,-0.09670582275390416,0.5006839825374247,[0.0093521261587738991],33.460594177246094
2014-01-19 06:10:00,33.3333,0.12435686035156124,0.5006861113315193,[0.015464244410395622],33.45765686035156
2014-01-19 06:15:00,33.4447,0.08763337402344007,0.5006857198165394,[0.0076799001544713974],33.53233337402344
2014-01-19 06:20:00,33.446,0.0629645385742208,0.5006862231656832,[0.0039646406657993793],33.50896453857422
2014-01-19 06:25:00,33.3333,0.12385332031249874,0.5006877498586906,[0.015339262783527374],33.4571533203125
2014-01-19 06:30:00,33.5573,-0.07857075195312291,0.5006860918946623,[0.0061734523624181747],33.478729248046875
2014-01-19 06:35:00,33.3333,0.07242357177734249,0.5006885031378148,[0.0052449502982199192],33.405723571777344
2014-01-19 06:40:00,33.554,-0.0930396118164083,0.5006867495022469,[0.0086565287783741951],33.460960388183594
2014-01-19 06:45:00,33.3333,0.06743394775390499,0.5006870843021852,[0.0045471289195120335],33.400733947753906
2014-01-19 06:50:00,33.3333,0.14547502441406124,0.5006889584442638,[0.021162534132599831],33.47877502441406
2014-01-19 06:55:00,33.5573,-0.11319294433593541,0.5006887709562629,[0.012812770903110504],33.44410705566406
2014-01-19 07:00:00,33.554,-0.16397009277343955,0.5006852757003082,[0.0268864706158638],33.39002990722656
2014-01-19 07:05:00,33.3333,0.11064683837890499,0.500685536345113,[0.01224238146096468],33.443946838378906
2014-01-19 07:10:00,33.4427,0.04991474609374791,0.5006853650518329,[0.0024915386456996202],33.49261474609375
2014-01-19 07:15:00,33.4447,0.04950166015625257,0.5006844437807603,[0.0024505793116986752],33.49420166015625
2014-01-19 07:20:00,33.3333,0.09699785156249874,0.5006865740257498,[0.0094082839787006378],33.4302978515625
2014-01-19 07:25:00,35.1113,-1.6503548706054687,0.5006656739959164,[2.7236759662628174],33.46094512939453
2014-01-19 07:30:00,36.9867,-3.5518397705078115,0.5006236801525294,[12.61555290222168],33.43486022949219
2014-01-19 07:35:00,37.114,-2.854806579589841,0.5005880952688448,[8.1499118804931641],34.259193420410156
2014-01-19 07:40:00,33.556,2.596137756347659,0.5006177722191525,[6.7399325370788574],36.152137756347656
2014-01-19 07:45:00,33.3333,4.723783129882811,0.5006765949769987,[22.314111709594727],38.05708312988281
2014-01-19 07:50:00,33.4427,4.263202099609373,0.5007305527680515,[18.174896240234375],37.705902099609375
2014-01-19 07:55:00,33.4447,2.7286627319335963,0.5007625177175756,[7.4456095695495605],36.173362731933594
2014-01-19 08:00:00,33.554,0.969559570312498,0.5007738180492907,[0.940044105052948],34.5235595703125
2014-01-19 08:05:00,33.3333,-0.45194471435547,0.5007677691331773,[0.20425541698932648],32.88135528564453
2014-01-19 08:10:00,33.446,-1.8031643829345683,0.5007445825261039,[3.2513988018035889],31.64283561706543
2014-01-19 08:15:00,33.446,-2.4568814239501933,0.5007349759215496,[6.036262035369873],30.989118576049805
2014-01-19 08:20:00,33.3333,-1.6408351715087903,0.5007589292943951,[2.692345142364502],31.69246482849121
2014-01-19 08:25:00,33.556,-1.0605013427734349,0.5007814073103203,[1.1246626377105713],32.49549865722656
2014-01-19 08:30:00,23.0769,9.973576074218752,0.5008717928454014,[99.472213745117188],33.05047607421875
2014-01-19 08:35:00,33.556,-0.6239092407226536,0.500805569744128,[0.38926243782043457],32.932090759277344
2014-01-19 08:40:00,33.3333,-5.225860958862306,0.5006882626531497,[27.309638977050781],28.107439041137695
2014-01-19 08:45:00,33.4447,-6.244754550170896,0.5005772664626101,[38.996936798095703],27.1999454498291
2014-01-19 08:50:00,33.4447,-5.611930606079099,0.5004957905811713,[31.493745803833008],27.8327693939209
2014-01-19 08:55:00,33.3333,-2.7163852508544934,0.5004676708797959,[7.3787569999694824],30.616914749145508
2014-01-19 09:00:00,33.5573,-1.4611467407226542,0.5004719070310267,[2.1349513530731201],32.096153259277344
2014-01-19 09:05:00,33.4427,0.5190462158203104,0.5005088474938483,[0.26940956711769104],33.96174621582031
2014-01-19 09:10:00,33.446,2.926673034667971,0.5005654798139916,[8.5654201507568359],36.37267303466797
2014-01-19 09:15:00,33.3333,2.6933342163085925,0.5006120578208308,[7.2540407180786133],36.026634216308594
2014-01-19 09:20:00,33.5573,2.0117765380859396,0.5005117887257177,[4.0472426414489746],35.56907653808594
2014-01-19 09:25:00,33.3333,0.5747734252929675,0.5005265889179568,[0.3303627073764801],33.90807342529297
2014-01-19 09:30:00,33.446,0.5058890380859395,0.5005984361026918,[0.25592458248138428],33.95188903808594
2014-01-19 09:35:00,33.4447,0.4676458862304713,0.500682780550848,[0.21869423985481262],33.91234588623047
2014-01-19 09:40:00,33.3333,0.5181556884765612,0.500759952563925,[0.2684837281703949],33.85145568847656
2014-01-19 09:45:00,33.554,0.28616418457031045,0.5007978609332011,[0.081889450550079346],33.84016418457031
2014-01-19 09:50:00,33.3333,0.42567979736328,0.5008217394681405,[0.18120197951793671],33.75897979736328
2014-01-19 09:55:00,33.4447,0.36795258789062757,0.5008199147938637,[0.13539032638072968],33.812652587890625
2014-01-19 10:00:00,33.554,0.16677941894531045,0.5007851041692246,[0.027815088629722595],33.72077941894531
2014-01-19 10:05:00,33.554,0.15225305175781045,0.5007529959681762,[0.023180730640888214],33.70625305175781
2014-01-19 10:10:00,33.3333,0.37673723144531124,0.5007322800508287,[0.14192977547645569],33.71003723144531
2014-01-19 10:15:00,33.4427,0.30799427490234166,0.5007288964082777,[0.094860821962356567],33.750694274902344
2014-01-19 10:20:00,33.4447,0.22387147216797132,0.5007253234768039,[0.050119183957576752],33.66857147216797
2014-01-19 10:25:00,33.446,0.1085730590820333,0.5007207786560908,[0.011788294650614262],33.55457305908203
2014-01-19 10:30:00,33.446,0.07110510253906455,0.500715109623584,[0.0050560571253299713],33.51710510253906
2014-01-19 10:35:00,33.3333,0.11181413574218624,0.500712898698399,[0.012502055615186691],33.44511413574219
2014-01-19 10:40:00,33.4447,-0.04558348388671618,0.5007069167948038,[0.0020777022000402212],33.39911651611328
2014-01-19 10:45:00,33.446,-0.1537713012695292,0.5007002927733939,[0.023645350709557533],33.29222869873047
2014-01-19 10:50:00,33.4427,-0.1458402587890646,0.5006963269375846,[0.021269215270876884],33.29685974121094
2014-01-19 10:55:00,33.5553,-0.25100922851562757,0.5006912072554859,[0.063006468117237091],33.304290771484375
2014-01-19 11:00:00,33.5587,-0.239249621582033,0.5006833512610849,[0.057240650057792664],33.31945037841797
2014-01-19 11:05:00,33.3333,0.029584521484373738,0.50067977166021,[0.00087515253107994795],33.362884521484375
2014-01-19 11:10:00,33.4427,-0.013950915527345842,0.5006767115166814,[0.00019461220654193312],33.428749084472656
2014-01-19 11:15:00,33.4447,-0.04882597656249743,0.5006746829711354,[0.0023838132619857788],33.3958740234375
2014-01-19 11:20:00,33.3333,0.003049487304686238,0.5006737923670669,[9.2899572337046266e-06],33.33634948730469
2014-01-19 11:25:00,33.5553,-0.2550604370117213,0.5006690878732949,[0.065056674182415009],33.30023956298828
2014-01-19 11:30:00,28.5714,4.650500939941406,0.5007289526874649,[21.627161026000977],33.221900939941406
2014-01-19 11:35:00,33.4427,-0.29683360595703334,0.500727186607177,[0.088109850883483887],33.14586639404297
2014-01-19 11:40:00,33.4447,-2.5584981414794896,0.5006964143852259,[6.5459041595458984],30.886201858520508
2014-01-19 11:45:00,33.5573,-3.097539334106443,0.5006600433910597,[9.5947532653808594],30.459760665893555
2014-01-19 11:50:00,33.3333,-2.1762355621337903,0.5006352437041753,[4.7360081672668457],31.15706443786621
2014-01-19 11:55:00,33.3333,-1.17569959716797,0.5006197371794999,[1.3822731971740723],32.15760040283203
2014-01-19 12:00:00,33.556,-0.47524285888671614,0.500613750688213,[0.22585554420948029],33.08075714111328
2014-01-19 12:05:00,33.554,0.050270935058591704,0.5006149537650805,[0.0025270809419453144],33.604270935058594
2014-01-19 12:10:00,34.0033,0.9270054809570283,0.5006267561964224,[0.85933971405029297],34.93030548095703
2014-01-19 12:15:00,33.446,1.2045813598632833,0.5006455094656654,[1.4510183334350586],34.65058135986328
2014-01-19 12:20:00,33.4427,1.2607683227539042,0.5006011890347732,[1.5895382165908813],34.703468322753906
2014-01-19 12:25:00,33.3333,0.6326271240234362,0.5006131247242762,[0.40021511912345886],33.96592712402344
2014-01-19 12:30:00,33.5573,0.3336606933593771,0.5006507142116333,[0.11132907867431641],33.890960693359375
2014-01-19 12:35:00,33.3333,0.38281022949218624,0.5006960481085335,[0.14654248952865601],33.71611022949219
2014-01-19 12:40:00,33.4427,0.15386524658202916,0.5007264747385848,[0.02367468923330307],33.59656524658203
2014-01-19 12:45:00,33.4447,-0.0015161010742161807,0.5007418659570977,[2.2935128072276711e-06],33.44318389892578
2014-01-19 12:50:00,33.4427,-0.16748485107422084,0.5007459679858939,[0.028050985187292099],33.27521514892578
2014-01-19 12:55:00,33.4447,-0.10236906738280993,0.5007440368909588,[0.010479085147380829],33.34233093261719
2014-01-19 13:00:00,33.4447,-0.05494475097655993,0.50073121876655,[0.0030187426600605249],33.38975524902344
2014-01-19 13:05:00,33.4447,0.05689454345703382,0.5007161847636237,[0.0032371787820011377],33.50159454345703
2014-01-19 13:10:00,33.4447,0.02237916259765882,0.5006999338845978,[0.00050090148579329252],33.467079162597656
2014-01-19 13:15:00,33.446,0.041991333007814546,0.5006921691980748,[0.0017633438110351562],33.48799133300781
2014-01-19 13:20:00,33.3333,0.1252189819335925,0.5006894106771705,[0.015679406002163887],33.458518981933594
2014-01-19 13:25:00,33.5573,-0.09820118408202916,0.5006830838949944,[0.0096435844898223877],33.45909881591797
2014-01-19 13:30:00,38.0187,-4.635132189941409,0.500620504576939,[21.484447479248047],33.383567810058594
2014-01-19 13:35:00,37.3347,-3.8210357543945292,0.500570497804777,[14.600325584411621],33.51366424560547
2014-01-19 13:40:00,37.222,-1.4542082519531263,0.500553563116758,[2.1147220134735107],35.767791748046875
2014-01-19 13:45:00,38.1107,0.027308117675779897,0.5005551418502452,[0.00074580428190529346],38.13800811767578
2014-01-19 13:50:00,37.8893,1.8997167236328139,0.500580647488631,[3.6089186668395996],39.78901672363281
2014-01-19 13:55:00,38.222,2.8194352416992174,0.5006167910307664,[7.9492144584655762],41.04143524169922
2014-01-19 14:00:00,34.1093,7.4516436035156275,0.5007143076484252,[55.527011871337891],41.560943603515625
2014-01-19 14:05:00,37.444,4.035362487792966,0.5007668346414393,[16.284149169921875],41.47936248779297
2014-01-19 14:10:00,33.8893,4.47025047607422,0.5008240789203073,[19.983127593994141],38.35955047607422
2014-01-19 14:15:00,33.4447,3.2045538452148463,0.5008677334957917,[10.269176483154297],36.649253845214844
2014-01-19 14:20:00,33.4447,0.8217184570312526,0.5009404832666344,[0.6752239465713501],34.26641845703125
2014-01-19 14:25:00,33.3333,-1.2708305175781263,0.50097489729726,[1.6150140762329102],32.062469482421875
2014-01-19 14:30:00,36.5713,-6.073255032348634,0.500914325315557,[36.884433746337891],30.498044967651367
2014-01-19 14:35:00,37.116,-7.598206344604492,0.5008136672754542,[57.732757568359375],29.517793655395508
2014-01-19 14:40:00,36.1007,-4.3852439910888705,0.5007303218705865,[19.230367660522461],31.715456008911133
2014-01-19 14:45:00,35.8967,-2.071237658691409,0.500665173518462,[4.2900328636169434],33.825462341308594
2014-01-19 14:50:00,36.5493,-0.36108283691406484,0.5005605260457102,[0.13038164377212524],36.18821716308594
2014-01-19 14:55:00,36.3373,0.7410309936523447,0.5005161259489999,[0.54912787675857544],37.078330993652344
2014-01-19 15:00:00,35.6673,2.3051121093750027,0.5004865926044084,[5.3135366439819336],37.972412109375
2014-01-19 15:05:00,35.7787,2.1870363891601556,0.5004724389467321,[4.7831201553344727],37.965736389160156
2014-01-19 15:10:00,36.1113,0.6606955444335938,0.5004699789825755,[0.43651673197746277],36.771995544433594
2014-01-19 15:15:00,35.44,0.2975564575195335,0.5004908430127077,[0.088540665805339813],35.73755645751953
2014-01-19 15:20:00,33.5573,1.787304492187502,0.5005963332921315,[3.1944553852081299],35.3446044921875
2014-01-19 15:25:00,33.3333,1.8749824707031237,0.5007237620495081,[3.5155534744262695],35.208282470703125
2014-01-19 15:30:00,33.5553,0.49465727539062243,0.5007896077507665,[0.24468417465686798],34.049957275390625
2014-01-19 15:35:00,33.3333,-0.7011359985351575,0.5008083102242369,[0.4915938675403595],32.632164001464844
2014-01-19 15:40:00,33.446,-1.6796139678955058,0.5007908115349102,[2.8211002349853516],31.766386032104492
2014-01-19 15:45:00,33.4447,-2.1259839508056615,0.5007523731592417,[4.5198006629943848],31.318716049194336
2014-01-19 15:50:00,33.3333,-2.106445675659181,0.5006929272406774,[4.4371199607849121],31.22685432434082
2014-01-19 15:55:00,33.554,-2.037938217163088,0.5006358891494087,[4.153195858001709],31.516061782836914
2014-01-19 16:00:00,33.4427,-1.1997343017578146,0.5006107361933121,[1.4393609762191772],32.24296569824219
2014-01-19 16:05:00,33.4447,-0.4643304321289037,0.5006003680938828,[0.21560120582580566],32.980369567871094
2014-01-19 16:10:00,33.3333,0.08786546630859249,0.5005771541913051,[0.0077200690284371376],33.421165466308594
2014-01-19 16:15:00,33.5553,0.02815794677734118,0.5005518976823531,[0.00079277611803263426],33.583457946777344
2014-01-19 16:20:00,33.3333,0.27752458496093624,0.5005487715707398,[0.077019035816192627],33.61082458496094
2014-01-19 16:25:00,33.5573,0.1797452880859396,0.5005606314089823,[0.032308164983987808],33.73704528808594
2014-01-19 16:30:00,33.3333,0.446523303222655,0.5005894820206888,[0.19938167929649353],33.779823303222656
2014-01-19 16:35:00,33.4447,0.39914155273437757,0.5006238465431996,[0.15931530296802521],33.843841552734375
2014-01-19 16:40:00,33.4447,0.41639924316406507,0.5006582424301069,[0.17338971793651581],33.86109924316406
2014-01-19 16:45:00,33.3333,0.5310646240234362,0.5006933199808686,[0.28202798962593079],33.86436462402344
2014-01-19 16:50:00,33.5573,0.36531505126953334,0.5007147254425086,[0.13345466554164886],33.92261505126953
2014-01-19 16:55:00,33.3333,0.5185981933593737,0.5007281649546635,[0.26894247531890869],33.851898193359375
2014-01-19 17:00:00,33.5573,0.3639951660156271,0.5007319447979639,[0.1324920654296875],33.921295166015625
2014-01-19 17:05:00,33.3333,0.5121513549804675,0.5007385690834796,[0.26229742169380188],33.84545135498047
2014-01-19 17:10:00,33.554,0.35998620605468545,0.5007397020203015,[0.12958945333957672],33.91398620605469
2014-01-19 17:15:00,33.3333,0.5047355834960925,0.5007441575459692,[0.25475645065307617],33.838035583496094
2014-01-19 17:20:00,33.4427,0.4057191894531229,0.5007435928664115,[0.16460852324962616],33.848419189453125
2014-01-19 17:25:00,33.4427,0.3342622802734354,0.5007427044695807,[0.11173164844512939],33.77696228027344
2014-01-19 17:30:00,33.446,0.2354041137695333,0.5007402241059151,[0.055415499955415726],33.68140411376953
2014-01-19 17:35:00,33.4447,0.22180390625000257,0.5007359681043408,[0.049197711050510406],33.66650390625
2014-01-19 17:40:00,33.3333,0.25231706542968624,0.5007344152644706,[0.063663125038146973],33.58561706542969
2014-01-19 17:45:00,33.4427,0.15186634521484166,0.5007293593523975,[0.023063559085130692],33.594566345214844
2014-01-19 17:50:00,33.446,0.018111328125002046,0.5007246006347195,[0.00032805115915834904],33.464111328125
2014-01-19 17:55:00,33.446,0.013236145019533296,0.5007177107190584,[0.00017521815607324243],33.45923614501953
2014-01-19 18:00:00,33.4447,-0.02843260498046618,0.5007123477874444,[0.00080831826198846102],33.41626739501953
2014-01-19 18:05:00,33.554,-0.1394568481445333,0.5007034346684378,[0.019448451697826385],33.41454315185547
2014-01-19 18:10:00,33.3333,0.05613481445312374,0.5006985775734842,[0.0031509441323578358],33.389434814453125
2014-01-19 18:15:00,33.4447,-0.01980375976562243,0.5006936591127055,[0.0003921228926628828],33.424896240234375
2014-01-19 18:20:00,33.4447,-0.05551695556640368,0.5006896163162937,[0.0030819473322480917],33.389183044433594
2014-01-19 18:25:00,33.4447,-0.10829710693359118,0.5006850264494442,[0.011727902106940746],33.336402893066406
2014-01-19 18:30:00,33.4427,-0.1326719238281271,0.5006796649275453,[0.017601689323782921],33.310028076171875
2014-01-19 18:35:00,33.3333,-0.05129468994140751,0.5006768239403926,[0.002631303621456027],33.282005310058594
2014-01-19 18:40:00,33.4447,-0.16430449218749743,0.5006742828186884,[0.026995418593287468],33.2803955078125
2014-01-19 18:45:00,37.7947,-4.583144519042968,0.5006105130213295,[21.005218505859375],33.21155548095703
2014-01-19 18:50:00,38.556,-5.221817260742185,0.5005383401938519,[27.267372131347656],33.33418273925781
2014-01-19 18:55:00,36.9907,-1.4823229248046843,0.5005195584909337,[2.1972806453704834],35.50837707519531
2014-01-19 19:00:00,33.5573,4.910420031738283,0.5005869064917553,[24.112218856811523],38.46772003173828
2014-01-19 19:05:00,33.3333,6.740872973632811,0.5006809194767814,[45.439346313476562],40.07417297363281
2014-01-19 19:10:00,36.2333,2.7252647583007814,0.5007196628413273,[7.4270720481872559],38.95856475830078
2014-01-19 19:15:00,38.8913,-2.2117193115234386,0.5006903705244938,[4.8917031288146973],36.67958068847656
2014-01-19 19:20:00,38.1007,-2.275832751464847,0.5006604722433924,[5.1794166564941406],35.824867248535156
2014-01-19 19:25:00,33.446,2.819678405761721,0.5007005637181633,[7.9505910873413086],36.26567840576172
2014-01-19 19:30:00,33.4447,3.6824972656250026,0.5007543877425077,[13.560798645019531],37.127197265625
2014-01-19 19:35:00,33.4447,2.5524923828125026,0.5008549272628058,[6.515225887298584],35.9971923828125
2014-01-19 19:40:00,33.4447,1.521806958007815,0.5009502425174729,[2.315901517868042],34.96650695800781
2014-01-19 19:45:00,33.3333,0.35085069580078,0.5009763822217774,[0.12309512495994568],33.68415069580078
2014-01-19 19:50:00,33.4447,-1.5247304412841771,0.5008856777773679,[2.3247978687286377],31.91996955871582
2014-01-19 19:55:00,33.446,-3.321497817993162,0.5007436074162835,[11.032341957092285],30.124502182006836
2014-01-19 20:00:00,33.6653,-4.156486141967775,0.5006465280494767,[17.276363372802734],29.508813858032227
2014-01-19 20:05:00,33.3333,-2.627453213500978,0.5006409284221954,[6.9035186767578125],30.705846786499023
2014-01-19 20:10:00,33.4427,-1.4067121459960958,0.5006534278005812,[1.9788374900817871],32.035987854003906
2014-01-19 20:15:00,33.4447,-0.5688760253906224,0.5006052447454359,[0.32361802458763123],32.875823974609375
2014-01-19 20:20:00,33.4447,-0.47768950195312243,0.5005459706979831,[0.22818566858768463],32.967010498046875
2014-01-19 20:25:00,33.446,-0.3575982055664042,0.500504397249881,[0.12787586450576782],33.088401794433594
2014-01-19 20:30:00,33.3333,-0.15934217529297,0.5004802605827093,[0.025390420109033585],33.17395782470703
2014-01-19 20:35:00,33.4427,-0.17204722900390834,0.500472626104773,[0.029600054025650024],33.270652770996094
2014-01-19 20:40:00,33.4427,-0.1812864257812521,0.5004916611061594,[0.032864563167095184],33.26141357421875
2014-01-19 20:45:00,33.4447,-0.05521177978515368,0.500538228311521,[0.0030481566209346056],33.389488220214844
2014-01-19 20:50:00,33.4447,0.04738831787109632,0.5005982941367426,[0.0022458105813711882],33.492088317871094
2014-01-19 20:55:00,33.3333,0.28225480957031124,0.5006398854613643,[0.079666905105113983],33.61555480957031
2014-01-19 21:00:00,33.5573,0.12312755126953334,0.5006617746252701,[0.015160254202783108],33.68042755126953
2014-01-19 21:05:00,33.4427,0.2532228515624979,0.5006735224555302,[0.064122103154659271],33.6959228515625
2014-01-19 21:10:00,33.5587,0.2480398071289045,0.5006839069438946,[0.061523467302322388],33.806739807128906
2014-01-19 21:15:00,33.3333,0.5219169799804675,0.5006964863439163,[0.27239573001861572],33.85521697998047
2014-01-19 21:20:00,33.5553,0.36865019531249743,0.5007040469761153,[0.13590173423290253],33.9239501953125
2014-01-19 21:25:00,33.3333,0.5413871948242175,0.5007142709345149,[0.29309841990470886],33.87468719482422
2014-01-19 21:30:00,33.4447,0.4426672485351588,0.5007232355181277,[0.19595576822757721],33.887367248535156
2014-01-19 21:35:00,33.446,0.3963233032226583,0.5007297329546745,[0.15707284212112427],33.842323303222656
2014-01-19 21:40:00,33.3333,0.4262748901367175,0.5007351882438302,[0.18170896172523499],33.75957489013672
2014-01-19 21:45:00,33.5573,0.1791959716796896,0.5007337154220977,[0.032110992819070816],33.73649597167969
2014-01-19 21:50:00,33.3333,0.2966667358398425,0.5007362285027219,[0.088010236620903015],33.629966735839844
2014-01-19 21:55:00,33.554,0.1439141235351542,0.5007346680600055,[0.020711028948426247],33.697914123535156
2014-01-19 22:00:00,33.3333,0.28793107910156124,0.5007352494729735,[0.082903414964675903],33.62123107910156
2014-01-19 22:05:00,33.5573,0.11910686035156459,0.5007294285755577,[0.014186308719217777],33.67640686035156
2014-01-19 22:10:00,33.3333,0.26137315673828,0.5007278719029916,[0.068315118551254272],33.59467315673828
2014-01-19 22:15:00,33.5553,0.05074858398437243,0.5007207660833957,[0.0025752496439963579],33.606048583984375
2014-01-19 22:20:00,33.3333,0.21046220703124874,0.5007173876187168,[0.044293690472841263],33.54376220703125
2014-01-19 22:25:00,33.3333,0.17495500488281124,0.500714165727757,[0.030608713626861572],33.50825500488281
2014-01-19 22:30:00,23.3354,10.12938271484375,0.5008542808311747,[102.60440063476562],33.46478271484375
2014-01-19 22:35:00,33.3333,-0.23672712402343876,0.500848391023222,[0.056040462106466293],33.09657287597656
2014-01-19 22:40:00,33.554,-5.179211715698244,0.5007692422270846,[26.824243545532227],28.374788284301758
2014-01-19 22:45:00,33.3333,-6.071308499145509,0.5006792599810113,[36.860805511474609],27.261991500854492
2014-01-19 22:50:00,33.4427,-5.399958224487307,0.5005967447032855,[29.159542083740234],28.042741775512695
2014-01-19 22:55:00,33.4447,-2.807700869750974,0.500554174920231,[7.8831748962402344],30.636999130249023
2014-01-19 23:00:00,33.5587,-1.417319689941408,0.500529639735966,[2.0087966918945312],32.141380310058594
2014-01-19 23:05:00,33.3333,0.6679054443359362,0.5005384642672626,[0.44609561562538147],34.00120544433594
2014-01-19 23:10:00,33.446,2.911269287109377,0.500577598817604,[8.4754934310913086],36.357269287109375
2014-01-19 23:15:00,33.4447,2.516184094238284,0.5006115707502699,[6.3311905860900879],35.96088409423828
2014-01-19 23:20:00,33.3333,2.0312553588867175,0.5004921408394529,[4.1259922981262207],35.36455535888672
2014-01-19 23:25:00,33.5573,0.2478910400390646,0.5004990698681122,[0.061449687927961349],33.80519104003906
2014-01-19 23:30:00,33.3333,0.38145219726562374,0.5005807746851902,[0.14550459384918213],33.714752197265625
2014-01-19 23:35:00,33.446,0.2997046508789083,0.500674581566682,[0.089823387563228607],33.745704650878906
2014-01-19 23:40:00,33.4447,0.21180939941406507,0.5007573588584828,[0.044863928109407425],33.65650939941406
2014-01-19 23:45:00,33.4447,0.21072602539062757,0.5008019751813185,[0.044406160712242126],33.655426025390625
2014-01-19 23:50:00,33.3333,0.29948198242187374,0.5008274147836385,[0.089688532054424286],33.632781982421875
2014-01-19 23:55:00,33.446,0.1731482543945333,0.5008201922890856,[0.0299806147813797],33.61914825439453
2014-01-20 00:00:00,33.5573,-0.008746533203122908,0.5007770650590143,[7.6511772931553423e-05],33.548553466796875
2014-01-20 00:05:00,33.4427,0.03812733154296666,0.5007404073067255,[0.001453736680559814],33.48082733154297
2014-01-20 00:10:00,33.5553,-0.01004243164062757,0.5007101714664501,[0.00010088390263263136],33.545257568359375
2014-01-20 00:15:00,33.5573,-0.031146435546872908,0.5007060514973904,[0.00097013579215854406],33.526153564453125
2014-01-20 00:20:00,33.3333,0.2342888061523425,0.5007038491285829,[0.054890520870685577],33.567588806152344
2014-01-20 00:25:00,33.4447,0.13198304443359632,0.5007013506953102,[0.017419964075088501],33.576683044433594
2014-01-20 00:30:00,33.4447,0.05845093994140882,0.5006990714578337,[0.0034167072735726833],33.503150939941406
2014-01-20 00:35:00,33.3333,0.07797014160156124,0.500697092677485,[0.0060791024006903172],33.41127014160156
2014-01-20 00:40:00,33.556,-0.22801995849609114,0.5006892643093663,[0.051992990076541901],33.327980041503906
2014-01-20 00:45:00,33.3333,-0.09285200195312626,0.5006853074737923,[0.0086217811331152916],33.240447998046875
2014-01-20 00:50:00,33.446,-0.1929863891601542,0.500682578287671,[0.037243418395519257],33.253013610839844
2014-01-20 00:55:00,33.4427,-0.21173533935547084,0.5006788657353216,[0.044831614941358566],33.23096466064453
2014-01-20 01:00:00,33.556,-0.2898256835937474,0.5006747093114426,[0.083998784422874451],33.26617431640625
2014-01-20 01:05:00,33.3333,-0.03444898681640751,0.5006746527780451,[0.0011868390720337629],33.298851013183594
2014-01-20 01:10:00,33.552,-0.17539019775390585,0.5006685234598233,[0.030761068686842918],33.376609802246094
2014-01-20 01:15:00,33.3333,0.029386157226561238,0.5006669635366978,[0.00086345546878874302],33.36268615722656
2014-01-20 01:20:00,33.3333,0.03526842041015499,0.5006665926067978,[0.0012437525438144803],33.368568420410156
2014-01-20 01:25:00,33.552,-0.1927012939453121,0.5006625318666185,[0.037133071571588516],33.35929870605469
2014-01-20 01:30:00,33.3333,-0.05988538818359501,0.5006650466128745,[0.0035864447709172964],33.273414611816406
2014-01-20 01:35:00,33.552,-0.21607012939453085,0.5006632003582925,[0.046685498207807541],33.33592987060547
2014-01-20 01:40:00,33.3333,-0.04144514160156376,0.500665467596658,[0.0017178277485072613],33.29185485839844
2014-01-20 01:45:00,33.4447,-0.05193114013671618,0.500667864716295,[0.0026966703590005636],33.39276885986328
2014-01-20 01:50:00,33.4447,-0.08109831542968493,0.5006710081370176,[0.0065766666084527969],33.36360168457031
2014-01-20 01:55:00,33.3333,0.07945024414062374,0.5006727034501394,[0.0063120960257947445],33.412750244140625
2014-01-20 02:00:00,33.556,-0.12243676757812239,0.5006735068874313,[0.014990702271461487],33.433563232421875
2014-01-20 02:05:00,33.4447,-0.06123137207030993,0.5006721313338742,[0.0037490769755095243],33.38346862792969
2014-01-20 02:10:00,33.446,0.009955505371095796,0.50067173303344,[9.9129101727157831e-05],33.455955505371094
2014-01-20 02:15:00,33.446,0.011092285156252046,0.500674806345826,[0.00012305774725973606],33.45709228515625
2014-01-20 02:20:00,33.4427,0.07609119873046666,0.5006768476292471,[0.0057899570092558861],33.51879119873047
2014-01-20 02:25:00,33.4427,0.06322041015624791,0.5006810699005002,[0.0039968919008970261],33.50592041015625
2014-01-20 02:30:00,33.4447,0.06808686523437757,0.5006827192632386,[0.0046360483393073082],33.512786865234375
2014-01-20 02:35:00,33.3333,0.1784721557617175,0.5006861950972177,[0.031851761043071747],33.51177215576172
2014-01-20 02:40:00,33.4427,0.030719189453122908,0.5006878913622341,[0.00094370346050709486],33.473419189453125
2014-01-20 02:45:00,33.4447,-0.02037596435546618,0.5006863731774441,[0.00041511200834065676],33.42432403564453
2014-01-20 02:50:00,33.4447,-0.04408049316405993,0.5006875721667987,[0.0019429429667070508],33.40061950683594
2014-01-20 02:55:00,33.4447,-0.01244139404296618,0.5006883178616068,[0.00015474682732019573],33.43225860595703
2014-01-20 03:00:00,33.554,-0.10108862304687705,0.500686635494622,[0.010219082236289978],33.452911376953125
2014-01-20 03:05:00,33.3333,0.142446154785155,0.500688623256224,[0.020290467888116837],33.475746154785156
2014-01-20 03:10:00,33.556,-0.019760375976559885,0.5006871600269664,[0.00039046281017363071],33.53623962402344
2014-01-20 03:15:00,33.3333,0.1894890014648425,0.5006890675879001,[0.035905495285987854],33.522789001464844
2014-01-20 03:20:00,35.2227,-1.6882456542968782,0.5006623768355651,[2.8501672744750977],33.534454345703125
2014-01-20 03:25:00,33.3333,0.1846061889648425,0.5006624249471865,[0.034078873693943024],33.517906188964844
2014-01-20 03:30:00,33.4427,0.8603471801757792,0.5006750241366815,[0.74019825458526611],34.30304718017578
2014-01-20 03:35:00,33.4447,0.9804022338867213,0.5006902579510206,[0.96119183301925659],34.42510223388672
2014-01-20 03:40:00,35.2207,-1.0716063720703133,0.5006746025763458,[1.148338794708252],34.14909362792969
2014-01-20 03:45:00,33.3333,0.5696083251953112,0.5006834727222482,[0.32445189356803894],33.90290832519531
2014-01-20 03:50:00,33.5587,0.8270498168945295,0.5006976537882895,[0.68401044607162476],34.38574981689453
2014-01-20 03:55:00,33.3333,1.0151649658203112,0.5007109796260998,[1.0305567979812622],34.34846496582031
2014-01-20 04:00:00,23.3315,10.336911254882814,0.5008693671127495,[106.85175323486328],33.66841125488281
2014-01-20 04:05:00,37.5,-4.26898193359375,0.5008012480014719,[18.224206924438477],33.23101806640625
2014-01-20 04:10:00,33.5573,-5.260182766723631,0.5007468394203956,[27.669528961181641],28.297117233276367
2014-01-20 04:15:00,33.3333,-4.096775418090822,0.5006812169736748,[16.783580780029297],29.23652458190918
2014-01-20 04:20:00,33.4447,-3.5541684600830052,0.5006133527078607,[12.632102012634277],29.890531539916992
2014-01-20 04:25:00,33.4427,-1.295330615234377,0.5005782093016105,[1.6778799295425415],32.147369384765625
2014-01-20 04:30:00,33.3333,-0.45414960937500126,0.5005877493678037,[0.20625327527523041],32.879150390625
2014-01-20 04:35:00,33.554,0.7162178955078105,0.5005898462717866,[0.51296687126159668],34.27021789550781
2014-01-20 04:40:00,33.3333,2.6474586669921862,0.5006176834026907,[7.0090293884277344],35.98075866699219
2014-01-20 04:45:00,33.5553,1.09449553222656,0.500618713912987,[1.1979168653488159],34.64979553222656
2014-01-20 04:50:00,33.3333,1.0443779174804675,0.5004739849657742,[1.0907219648361206],34.37767791748047
2014-01-20 04:55:00,33.3333,-0.21949995117187626,0.5005368737620303,[0.048180907964706421],33.113800048828125
2014-01-20 05:00:00,28.81,4.9052786254882825,0.5006944715301851,[24.061763763427734],33.71527862548828
2014-01-20 05:05:00,33.556,-0.003708129882809885,0.5007582970900798,[1.3748416677117348e-05],33.55229187011719
2014-01-20 05:10:00,33.3333,-1.9655422027587903,0.5007834038259171,[3.8633623123168945],31.36775779724121
2014-01-20 05:15:00,33.3333,-2.402325039672853,0.5007665088327844,[5.7711730003356934],30.93097496032715
2014-01-20 05:20:00,33.5553,-1.9899027374267604,0.500742829527655,[3.9597194194793701],31.565397262573242
2014-01-20 05:25:00,33.4447,-1.1017816040039037,0.5007145789761234,[1.2139190435409546],32.342918395996094
2014-01-20 05:30:00,33.4427,-0.11871776123047084,0.5006713074034851,[0.014093772508203983],33.32398223876953
2014-01-20 05:35:00,33.3333,0.6022316162109362,0.5006635007706735,[0.3626810610294342],33.93553161621094
2014-01-20 05:40:00,33.5573,1.574688525390627,0.5006715895017557,[2.4796421527862549],35.131988525390625
2014-01-20 05:45:00,33.3333,1.3464332763671862,0.5006959759628374,[1.8128783702850342],34.67973327636719
2014-01-20 05:50:00,33.4447,1.0071432617187526,0.5006346191533642,[1.014340877532959],34.45184326171875
2014-01-20 05:55:00,33.4447,0.23365235595703382,0.5006382765107084,[0.05459420382976532],33.67835235595703
2014-01-20 06:00:00,33.6667,-0.06282579345702999,0.500668180678527,[0.0039468863978981972],33.60387420654297
2014-01-20 06:05:00,33.4447,0.12052369384765882,0.5007078744431244,[0.014526362530887127],33.565223693847656
2014-01-20 06:10:00,33.4447,0.18438172607422132,0.5007421315600382,[0.033997233957052231],33.62908172607422
2014-01-20 06:15:00,33.4447,0.21844697265625257,0.5007629699104077,[0.047719806432723999],33.66314697265625
2014-01-20 06:20:00,33.3333,0.236989611816405,0.5007686149569213,[0.056163344532251358],33.570289611816406
2014-01-20 06:25:00,33.446,0.0743933715820333,0.5007603326195367,[0.005534500814974308],33.52039337158203
2014-01-20 06:30:00,35.8336,-2.4611482177734345,0.5006969053932795,[6.057246208190918],33.37245178222656
2014-01-20 06:35:00,33.4447,-0.07217192382812243,0.5006744750668466,[0.0052085462957620621],33.372528076171875
2014-01-20 06:40:00,33.446,0.965987304687502,0.5006736853872478,[0.93313312530517578],34.4119873046875
2014-01-20 06:45:00,35.7143,-1.0449655883789077,0.500653546086569,[1.091949462890625],34.669334411621094
2014-01-20 06:50:00,33.4447,0.9674856689453151,0.5006697338366667,[0.9360317587852478],34.41218566894531
2014-01-20 06:55:00,33.4447,1.6135275390625026,0.5006932078379758,[2.6034765243530273],35.0582275390625
2014-01-20 07:00:00,35.9521,-1.116818627929689,0.500672686041086,[1.2472813129425049],34.83528137207031
2014-01-20 07:05:00,30.7692,3.48923048095703,0.5007242193082229,[12.174734115600586],34.25843048095703
2014-01-20 07:10:00,33.4447,0.8581869628906276,0.5007340214630949,[0.7364877462387085],34.302886962890625
2014-01-20 07:15:00,33.4427,-0.43590220947265834,0.5007259898306445,[0.19001023471355438],33.006797790527344
2014-01-20 07:20:00,35.8336,-3.6029862915039033,0.5007082923947753,[12.981503486633301],32.230613708496094
2014-01-20 07:25:00,33.4447,-1.4735867950439427,0.5006861473052051,[2.1714532375335693],31.971113204956055
2014-01-20 07:30:00,33.3333,-0.03356397705078251,0.5006701930104211,[0.0011266442015767097],33.29973602294922
2014-01-20 07:35:00,35.9543,-2.0630646484375035,0.5006541822298796,[4.2562355995178223],33.8912353515625
2014-01-20 07:40:00,30.7692,2.8731263549804673,0.5006842477899276,[8.2548589706420898],33.64232635498047
2014-01-20 07:45:00,33.4447,1.7673132446289088,0.5006864733192834,[3.1234018802642822],35.212013244628906
2014-01-20 07:50:00,33.4427,0.2805208251953104,0.5007088153682191,[0.078692249953746796],33.72322082519531
2014-01-20 07:55:00,33.6667,-0.5582710449218737,0.500644029698615,[0.31166484951972961],33.108428955078125
2014-01-20 08:00:00,33.554,-1.5357962646484395,0.5006057926671493,[2.3586728572845459],32.01820373535156
2014-01-20 08:05:00,35.7143,-3.3463495605468765,0.5005594378343697,[11.198043823242188],32.367950439453125
2014-01-20 08:10:00,30.7692,2.1236527832031236,0.5006510676243053,[4.5099039077758789],32.892852783203125
2014-01-20 08:15:00,33.4427,0.5262102172851542,0.5006831262437907,[0.27689778804779053],33.968910217285156
2014-01-20 08:20:00,33.3333,0.46571885986328,0.5006910964131376,[0.21689261496067047],33.79901885986328
2014-01-20 08:25:00,35.9557,-2.8498497802734377,0.5006787999594714,[8.12164306640625],33.10585021972656
2014-01-20 08:30:00,30.7692,2.5107377441406236,0.5006726203837413,[6.303807258605957],33.279937744140625
2014-01-20 08:35:00,33.556,0.43988775634765886,0.5006511373943714,[0.19350145757198334],33.995887756347656
2014-01-20 08:40:00,33.3333,-0.08168256835937626,0.5006452716500012,[0.006672294344753027],33.251617431640625
2014-01-20 08:45:00,35.7143,-3.2125528686523452,0.5006027716040728,[10.32048511505127],32.501747131347656
2014-01-20 08:50:00,35.9507,-2.604790881347654,0.5005857582650066,[6.7849297523498535],33.345909118652344
2014-01-20 08:55:00,33.3333,1.1073661987304675,0.5006576058354852,[1.2262564897537231],34.44066619873047
2014-01-20 09:00:00,33.5553,2.7296807739257787,0.5006670367790338,[7.4511480331420898],36.28498077392578
2014-01-20 09:05:00,35.8336,-0.382397607421872,0.5006523433535901,[0.14622724056243896],35.451202392578125
2014-01-20 09:10:00,31.0262,4.621718701171876,0.5007191189911938,[21.36029052734375],35.647918701171875
2014-01-20 09:15:00,33.3333,2.3809257690429675,0.5008037454237946,[5.6688003540039062],35.71422576904297
2014-01-20 09:20:00,33.446,0.853896240234377,0.5007768074028871,[0.72914022207260132],34.299896240234375
2014-01-20 09:25:00,33.4447,-1.1267068359374974,0.5007515546143737,[1.2694644927978516],32.3179931640625
2014-01-20 09:30:00,35.7143,-4.0373037689209,0.5006877651264934,[16.299808502197266],31.6769962310791
2014-01-20 09:35:00,33.615,-1.5887091064453145,0.5007144184132204,[2.5240020751953125],32.02629089355469
2014-01-20 09:40:00,33.3333,0.39497911376953,0.5007632784973075,[0.15600727498531342],33.72827911376953
2014-01-20 09:45:00,33.4447,0.6890966918945338,0.5007564251355833,[0.47485655546188354],34.13379669189453
2014-01-20 09:50:00,35.835,-1.235978088378907,0.5006919066868936,[1.527639627456665],34.599021911621094
2014-01-20 09:55:00,33.3333,0.8547493164062487,0.5007120086367531,[0.73059374094009399],34.18804931640625
2014-01-20 10:00:00,33.446,1.6425467529296895,0.5006631036622331,[2.697962760925293],35.08854675292969
2014-01-20 10:05:00,33.446,1.1478949584960958,0.5006427586112787,[1.3176647424697876],34.593894958496094
2014-01-20 10:10:00,35.8336,-2.1872605834960908,0.5005932102265795,[4.7841048240661621],33.646339416503906
2014-01-20 10:15:00,30.8954,2.5100641723632826,0.5006524053098692,[6.3004264831542969],33.40546417236328
2014-01-20 10:20:00,33.4447,0.7446005371093776,0.5007307070958955,[0.5544324517250061],34.189300537109375
2014-01-20 10:25:00,33.3333,-0.023210888671876262,0.5007564399407967,[0.00053881702478975058],33.310089111328125
2014-01-20 10:30:00,35.835,-3.6912545776367196,0.5006898538433162,[13.625353813171387],32.14374542236328
2014-01-20 10:35:00,33.4742,-1.2210414306640658,0.5006586142527274,[1.4909451007843018],32.25315856933594
2014-01-20 10:40:00,33.446,0.07882604980468955,0.500680212854745,[0.0062136808410286903],33.52482604980469
2014-01-20 10:45:00,33.4447,0.9371206787109401,0.500681440232643,[0.87819826602935791],34.38182067871094
2014-01-20 10:50:00,35.835,-2.0424203491210946,0.5006209819523674,[4.1714773178100586],33.792579650878906
2014-01-20 10:55:00,30.7692,3.5129655273437486,0.5006594684393779,[12.340930938720703],34.28216552734375
2014-01-20 11:00:00,33.4427,1.4083284423828104,0.5007186011531823,[1.9833905696868896],34.85102844238281
2014-01-20 11:05:00,33.4427,0.3665498779296854,0.5006831748517302,[0.13435922563076019],33.80924987792969
2014-01-20 11:10:00,35.8336,-3.6360444580078095,0.5006112378532883,[13.220812797546387],32.19755554199219
2014-01-20 11:15:00,30.7692,1.5811646850585923,0.50063751045421,[2.5000836849212646],32.350364685058594
2014-01-20 11:20:00,33.4447,0.14135194091797132,0.5007009014080195,[0.019980842247605324],33.58605194091797
2014-01-20 11:25:00,33.3333,-0.14898908691406376,0.5007186930860238,[0.022198207676410675],33.18431091308594
2014-01-20 11:30:00,35.8336,-3.501721337890622,0.5006598070840134,[12.262045860290527],32.331878662109375
2014-01-20 11:35:00,30.8954,2.2523737426757826,0.5006813134110154,[5.0731916427612305],33.14777374267578
2014-01-20 11:40:00,33.4447,0.7534506347656276,0.5007276384213308,[0.56769037246704102],34.198150634765625
2014-01-20 11:45:00,33.4447,0.2766363647460963,0.500673848922267,[0.076528601348400116],33.721336364746094
2014-01-20 11:50:00,35.7143,-3.2352274291992202,0.5005970296767119,[10.46668529510498],32.47907257080078
2014-01-20 11:55:00,30.8977,2.436909985351562,0.5006310997138361,[5.9385333061218262],33.33460998535156
2014-01-20 12:00:00,33.554,0.766007324218748,0.5007042828067513,[0.58676588535308838],34.32000732421875
2014-01-20 12:05:00,33.446,0.36302099609375205,0.5006839415952458,[0.13178487122058868],33.80902099609375
2014-01-20 12:10:00,35.9543,-3.376007153320316,0.5006256988861408,[11.39742374420166],32.57829284667969
2014-01-20 12:15:00,30.7692,2.630435314941405,0.5006717101473092,[6.9191932678222656],33.399635314941406
2014-01-20 12:20:00,33.4447,1.0247442749023463,0.5007471950650555,[1.0501042604446411],34.469444274902344
2014-01-20 12:25:00,33.4447,0.43348908691406507,0.5007167698285113,[0.18791423738002777],33.87818908691406
2014-01-20 12:30:00,35.7143,-3.1381281250000015,0.5006520790204496,[9.8478374481201172],32.576171875
2014-01-20 12:35:00,31.0277,2.2968162963867194,0.500685582023497,[5.2753629684448242],33.32451629638672
2014-01-20 12:40:00,33.3333,0.9197059814453112,0.5007550968184064,[0.84585624933242798],34.25300598144531
2014-01-20 12:45:00,33.552,0.20281414794921915,0.5007176503192989,[0.041134335100650787],33.75481414794922
2014-01-20 12:50:00,35.7143,-3.2772577636718765,0.500650232353064,[10.74040699005127],32.437042236328125
2014-01-20 12:55:00,30.7692,2.5456727416992173,0.500686534116654,[6.4804530143737793],33.31487274169922
2014-01-20 13:00:00,33.556,0.7337186279296901,0.5007555273463083,[0.53834336996078491],34.28971862792969
2014-01-20 13:05:00,33.554,0.13125695800781045,0.500713516060814,[0.017228163778781891],33.68525695800781
2014-01-20 13:10:00,35.7143,-3.2639215820312515,0.5006417538407357,[10.653172492980957],32.45037841796875
2014-01-20 13:15:00,30.7692,2.5110352905273423,0.5006763949129089,[6.3053011894226074],33.280235290527344
2014-01-20 13:20:00,33.5573,0.7386213256835958,0.500741662098473,[0.54556059837341309],34.295921325683594
2014-01-20 13:25:00,33.3333,0.3093010131835925,0.5007081230673773,[0.095666162669658661],33.642601013183594
2014-01-20 13:30:00,35.8336,-3.3972367797851533,0.5006356764120214,[11.541211128234863],32.436363220214844
2014-01-20 13:35:00,30.7692,2.427554455566405,0.5006729184431336,[5.8930234909057617],33.196754455566406
2014-01-20 13:40:00,33.4427,0.7458223388671854,0.5007408560321341,[0.55625182390213013],34.18852233886719
2014-01-20 13:45:00,33.4447,0.13685059814453382,0.5007001056163809,[0.018728543072938919],33.58155059814453
2014-01-20 13:50:00,35.7143,-3.389303051757814,0.5006307151934848,[11.487362861633301],32.32499694824219
2014-01-20 13:55:00,35.9507,-2.76730461425781,0.5005818952021115,[7.6579685211181641],33.18339538574219
2014-01-20 14:00:00,33.4725,0.8085440063476597,0.5006508004548367,[0.6537436842918396],34.281044006347656
2014-01-20 14:05:00,33.4447,2.705400708007815,0.5006537164945004,[7.3192019462585449],36.15010070800781
2014-01-20 14:10:00,35.7143,-0.30714210205078274,0.5006359629713553,[0.094335198402404785],35.40715789794922
2014-01-20 14:15:00,35.9507,-0.38844414062499766,0.500624110849089,[0.15088796615600586],35.562255859375
2014-01-20 14:20:00,33.3333,2.3387581054687487,0.5007213628762642,[5.4697823524475098],35.67205810546875
2014-01-20 14:25:00,33.446,3.0559073486328145,0.5007316860593026,[9.3385753631591797],36.50190734863281
2014-01-20 14:30:00,35.8336,-0.8040742431640595,0.5007054121436523,[0.64653390645980835],35.02952575683594
2014-01-20 14:35:00,35.8314,-2.047952734375002,0.5006684322794628,[4.1941180229187012],33.783447265625
2014-01-20 14:40:00,33.4447,0.8951208618164088,0.5007414269891335,[0.80124431848526001],34.339820861816406
2014-01-20 14:45:00,33.3333,2.08662950439453,0.500824101377616,[4.3540163040161133],35.41992950439453
2014-01-20 14:50:00,35.835,-1.015000305175782,0.500793167559785,[1.0302237272262573],34.81999969482422
2014-01-20 14:55:00,35.8336,-2.260479882812497,0.5007085951962928,[5.1097650527954102],33.5731201171875
2014-01-20 15:00:00,33.6092,0.5580286987304675,0.5007233494207373,[0.31139656901359558],34.16722869873047
2014-01-20 15:05:00,33.3333,1.9408012573242175,0.5007630259733421,[3.7667036056518555],35.27410125732422
2014-01-20 15:10:00,33.554,1.2049645385742167,0.5007434861997896,[1.4519374370574951],34.75896453857422
2014-01-20 15:15:00,35.7143,-2.189199291992189,0.5006538214491013,[4.7925858497619629],33.52510070800781
2014-01-20 15:20:00,33.4742,-0.4451320068359408,0.5006600185490937,[0.19814357161521912],33.02906799316406
2014-01-20 15:25:00,33.4447,0.44734406738281507,0.5007028177396629,[0.20011819899082184],33.89204406738281
2014-01-20 15:30:00,33.4447,0.15146851806640882,0.5006900220660777,[0.022943217307329178],33.596168518066406
2014-01-20 15:35:00,35.8314,-2.9608403076171896,0.5006035482759903,[8.7665863037109375],32.87055969238281
2014-01-20 15:40:00,33.3333,-0.5359748657226575,0.5006118060304391,[0.28727072477340698],32.797325134277344
2014-01-20 15:45:00,33.446,0.6186743774414083,0.5006612908151239,[0.38275903463363647],34.064674377441406
2014-01-20 15:50:00,33.4427,0.9330019042968729,0.5006676167352202,[0.87049359083175659],34.375701904296875
2014-01-20 15:55:00,35.835,-2.2953500366210946,0.5005947837429363,[5.2686276435852051],33.539649963378906
2014-01-20 16:00:00,33.4725,-0.09372344970702784,0.5005722945280057,[0.0087840566411614418],33.37877655029297
2014-01-20 16:05:00,33.554,0.7136620483398417,0.5006222954489371,[0.50931227207183838],34.267662048339844
2014-01-20 16:10:00,33.3333,1.3263832275390612,0.5006527189393365,[1.7592883110046387],34.65968322753906
2014-01-20 16:15:00,35.8314,-1.9923039306640646,0.5006107188130704,[3.9692821502685547],33.83909606933594
2014-01-20 16:20:00,30.8977,2.757741284179687,0.500655452455101,[7.6051406860351562],33.65544128417969
2014-01-20 16:25:00,33.3333,1.0514579956054675,0.5007248544602587,[1.1055606603622437],34.38475799560547
2014-01-20 16:30:00,33.556,-0.044052368164059885,0.500733423755471,[0.0019405896309763193],33.51194763183594
2014-01-20 16:35:00,33.3333,-1.0633109863281263,0.5007043932005393,[1.1306335926055908],32.269989013671875
2014-01-20 16:40:00,35.8314,-3.418245397949221,0.5006292441868067,[11.684413909912109],32.41315460205078
2014-01-20 16:45:00,33.4725,-0.8596612548828091,0.5006542791862324,[0.73901718854904175],32.61283874511719
2014-01-20 16:50:00,33.446,0.9183341064453145,0.500671746082457,[0.84333908557891846],34.36433410644531
2014-01-20 16:55:00,33.4427,0.9287370727539042,0.5006753583658942,[0.86255359649658203],34.371437072753906
2014-01-20 17:00:00,35.8336,-0.901196435546872,0.500636646627169,[0.8121533989906311],34.932403564453125
2014-01-20 17:05:00,30.8992,3.6073002441406246,0.5007337922909938,[13.012612342834473],34.506500244140625
2014-01-20 17:10:00,33.4427,1.8734163330078104,0.50071814644167,[3.5096909999847412],35.31611633300781
2014-01-20 17:15:00,33.4447,0.22956300048828382,0.5007037848303046,[0.05269993469119072],33.67426300048828
2014-01-20 17:20:00,35.8314,-3.3985234130859396,0.5006456091651422,[11.549973487854004],32.43287658691406
2014-01-20 17:25:00,30.7692,1.7847474487304673,0.5006951611788525,[3.1853256225585938],32.55394744873047
2014-01-20 17:30:00,33.4447,0.2900640991210963,0.5007600408469877,[0.084138147532939911],33.734764099121094
2014-01-20 17:35:00,33.4447,-0.17156004638671618,0.5007721710500492,[0.029432278126478195],33.27313995361328
2014-01-20 17:40:00,35.9486,-3.5700447021484365,0.500694018082241,[12.745224952697754],32.37855529785156
2014-01-20 17:45:00,30.7692,2.42013868408203,0.5007198680548166,[5.8570742607116699],33.18933868408203
2014-01-20 17:50:00,33.4447,0.8417913940429713,0.5007503811041432,[0.70861554145812988],34.28649139404297
2014-01-20 17:55:00,33.446,0.28378210449218955,0.5006920017286615,[0.080532766878604889],33.72978210449219
2014-01-20 18:00:00,35.9529,-3.514896459960937,0.5005977300567079,[12.354496955871582],32.43800354003906
2014-01-20 18:05:00,30.7692,2.491214123535155,0.500637129410132,[6.206151008605957],33.260414123535156
2014-01-20 18:10:00,33.446,0.8811713256835958,0.5007123299106953,[0.77646440267562866],34.327171325683594
2014-01-20 18:15:00,33.446,0.3023444213867208,0.5006861897201791,[0.091412663459777832],33.74834442138672
2014-01-20 18:20:00,35.7143,-3.3089960449218765,0.5006231600316569,[10.949442863464355],32.405303955078125
2014-01-20 18:25:00,35.8336,-2.6039628540039033,0.5005805321322682,[6.7806177139282227],33.229637145996094
2014-01-20 18:30:00,33.3333,0.981740588378905,0.500660703140906,[0.96381157636642456],34.315040588378906
2014-01-20 18:35:00,33.5587,2.5495534790039045,0.5006626355584182,[6.5002202987670898],36.108253479003906
2014-01-20 18:40:00,35.7143,-0.45356544189453274,0.5006397705307453,[0.20572002232074738],35.26073455810547
2014-01-20 18:45:00,35.7143,-0.24795325927734524,0.5006303589448831,[0.061479948461055756],35.466346740722656
2014-01-20 18:50:00,33.554,2.0912484130859355,0.500729325664502,[4.3733162879943848],35.64524841308594
2014-01-20 18:55:00,33.3333,3.0850349609374987,0.5007394737389068,[9.5174312591552734],36.4183349609375
2014-01-20 19:00:00,35.9529,-0.9129753784179684,0.5007078128140807,[0.83352392911911011],35.03992462158203
2014-01-20 19:05:00,30.8977,2.9238637207031246,0.5007539693673698,[8.5489826202392578],33.821563720703125
2014-01-20 19:10:00,36.5487,-2.233430529785153,0.5007734135102038,[4.9882049560546875],34.315269470214844
2014-01-20 19:15:00,35.7893,-2.659867321777341,0.5007728306117059,[7.0748887062072754],33.129432678222656
2014-01-20 19:20:00,33.446,0.08700476074218955,0.500756967603368,[0.0075699770823121071],33.53300476074219
2014-01-20 19:25:00,35.8336,-1.433911279296872,0.5006863032558309,[2.0560989379882812],34.399688720703125
2014-01-20 19:30:00,33.3333,1.2344947998046862,0.5007162090178567,[1.5239735841751099],34.56779479980469
2014-01-20 19:35:00,35.6667,-0.18240129394531124,0.5007174230038403,[0.033269669860601425],35.48429870605469
2014-01-20 19:40:00,33.3333,1.38747178955078,0.5007047092566472,[1.9250736236572266],34.72077178955078
2014-01-20 19:45:00,35.8336,-0.381390527343747,0.5006428946767905,[0.14545804262161255],35.45220947265625
2014-01-20 19:50:00,33.75,0.340423583984375,0.5006652090375725,[0.11588821560144424],34.090423583984375
2014-01-20 19:55:00,36.4447,-2.084066149902341,0.5005759422789082,[4.3433246612548828],34.360633850097656
2014-01-20 20:00:00,33.554,0.5574883422851542,0.5006257173635215,[0.31079229712486267],34.111488342285156
2014-01-20 20:05:00,35.7143,-0.8573435180664077,0.5006580549410953,[0.73503488302230835],34.856956481933594
2014-01-20 20:10:00,30.8977,4.232838940429687,0.5007317476852226,[17.91693115234375],35.13053894042969
2014-01-20 20:15:00,33.3333,1.4722267333984362,0.5007836866770974,[2.1674470901489258],34.80552673339844
2014-01-20 20:20:00,33.5553,-0.06864381103515882,0.5007603873121811,[0.0047122016549110413],33.486656188964844
2014-01-20 20:25:00,35.7143,-3.9824598663330093,0.5006927362051488,[15.859972953796387],31.731840133666992
2014-01-20 20:30:00,30.7692,1.0817654998779282,0.5006871065875662,[1.1702179908752441],31.85096549987793
2014-01-20 20:35:00,33.4427,-1.1244398071289083,0.5006738952341684,[1.2643636465072632],32.318260192871094
2014-01-20 20:40:00,33.3333,-1.1652168090820325,0.5006469496373825,[1.3577338457107544],32.16808319091797
2014-01-20 20:45:00,35.9507,-4.3424255401611305,0.5006068249635223,[18.856649398803711],31.608274459838867
2014-01-20 20:50:00,30.7692,2.172892895507811,0.5006355881769989,[4.721466064453125],32.94209289550781
2014-01-20 20:55:00,33.4427,0.7171129272460917,0.5006638457885668,[0.51425176858901978],34.159812927246094
2014-01-20 21:00:00,33.4447,0.21559357910156507,0.5005913177239016,[0.046481311321258545],33.66029357910156
2014-01-20 21:05:00,35.9557,-3.460910876464844,0.5005026272400511,[11.977903366088867],32.494789123535156
2014-01-20 21:10:00,30.7692,2.611941662597655,0.5005505888795656,[6.8222427368164062],33.381141662597656
2014-01-20 21:15:00,33.5573,0.9764295532226583,0.5006400289786217,[0.95341354608535767],34.533729553222656
2014-01-20 21:20:00,33.3333,0.6741462890624987,0.5006325320965337,[0.45447114109992981],34.0074462890625
2014-01-20 21:25:00,35.7143,-2.967641674804689,0.5005995051041475,[8.8068866729736328],32.74665832519531
2014-01-20 21:30:00,31.0254,2.514921350097655,0.5006657972676195,[6.3248286247253418],33.540321350097656
2014-01-20 21:35:00,33.3333,1.1513115112304675,0.5007652485408687,[1.3255146741867065],34.48461151123047
2014-01-20 21:40:00,33.4447,0.5625937011718776,0.5007360108260875,[0.3165135383605957],34.007293701171875
2014-01-20 21:45:00,35.8314,-3.1591130126953146,0.5006660713725652,[9.980006217956543],32.67228698730469
2014-01-20 21:50:00,31.5338,1.9548703491210944,0.5006974050448094,[3.8215177059173584],33.488670349121094
2014-01-20 21:55:00,33.4427,1.0695756958007792,0.5007796553759658,[1.1439933776855469],34.51227569580078
2014-01-20 22:00:00,33.4447,0.8654654052734401,0.5007478273045147,[0.74903327226638794],34.31016540527344
2014-01-20 22:05:00,35.8336,-2.7452439819335908,0.5006804581578865,[7.5363593101501465],33.088356018066406
2014-01-20 22:10:00,30.8954,2.844971704101564,0.5007196375176348,[8.0938692092895508],33.74037170410156
2014-01-20 22:15:00,33.4427,1.1839326904296854,0.5007952109947944,[1.4016979932785034],34.62663269042969
2014-01-20 22:20:00,33.3333,0.5749794189453112,0.5007598122977828,[0.33059954643249512],33.90827941894531
2014-01-20 22:25:00,35.835,-3.311448059082032,0.5006788014700401,[10.965682029724121],32.52355194091797
2014-01-20 22:30:00,30.8954,2.14829354248047,0.500707490710206,[4.6151690483093262],33.04369354248047
2014-01-20 22:35:00,33.446,0.6238394775390645,0.5007766014809496,[0.38917675614356995],34.06983947753906
2014-01-20 22:40:00,33.4447,0.11211610107422132,0.5007429292631164,[0.012570394203066826],33.55681610107422
2014-01-20 22:45:00,35.8314,-3.458932958984377,0.5006604923264786,[11.964229583740234],32.372467041015625
2014-01-20 22:50:00,30.7692,2.3992570312499986,0.5006882658762972,[5.7564373016357422],33.16845703125
2014-01-20 22:55:00,33.4447,0.7369024780273463,0.5007520262320033,[0.54302769899368286],34.181602478027344
2014-01-20 23:00:00,33.554,0.052155395507810454,0.5007008155872797,[0.0027200961485505104],33.60615539550781
2014-01-20 23:05:00,35.8314,-3.535562597656252,0.5006146191787968,[12.500215530395508],32.29583740234375
2014-01-20 23:10:00,30.7692,2.3802064331054673,0.500647430247889,[5.6653857231140137],33.14940643310547
2014-01-20 23:15:00,33.446,0.7336112060546895,0.500721692733537,[0.53818666934967041],34.17961120605469
2014-01-20 23:20:00,33.446,0.1538764038085958,0.5006849963233073,[0.023678211495280266],33.599876403808594
2014-01-20 23:25:00,35.8336,-3.5289201293945283,0.5006089821933251,[12.45327091217041],32.30467987060547
2014-01-20 23:30:00,30.8992,2.237442456054687,0.5006477996508873,[5.0061469078063965],33.13664245605469
2014-01-20 23:35:00,33.3333,0.831227893066405,0.5007267769813892,[0.69093722105026245],34.164527893066406
2014-01-20 23:40:00,33.556,0.07388281250000261,0.5006838849201671,[0.0054587060585618019],33.6298828125
2014-01-20 23:45:00,35.7143,-3.4008158081054702,0.5006079180779992,[11.565536499023438],32.31348419189453
2014-01-20 23:50:00,34.0167,-0.8212501708984377,0.5005918310682006,[0.67445307970046997],33.19544982910156
2014-01-20 23:55:00,33.8873,0.39700938720702794,0.5006644346477946,[0.15761758387088776],34.28430938720703
2014-01-21 00:00:00,33.554,1.6748131713867167,0.5006511465383193,[2.8049962520599365],35.22881317138672
2014-01-21 00:05:00,35.7143,-1.2283304565429702,0.5006149521950563,[1.508791446685791],34.48596954345703
2014-01-21 00:10:00,31.0238,3.936603442382811,0.5006844797722323,[15.496847152709961],34.96040344238281
2014-01-21 00:15:00,33.3333,1.98714219970703,0.50078650216748,[3.948728084564209],35.32044219970703
2014-01-21 00:20:00,33.446,0.6421576538085958,0.500756886152877,[0.4123675525188446],34.088157653808594
2014-01-21 00:25:00,35.835,-3.537514648437501,0.500676274483658,[12.514003753662109],32.2974853515625
2014-01-21 00:30:00,33.3333,-1.1653388793945325,0.5006533934655039,[1.3580182790756226],32.16796112060547
2014-01-21 00:35:00,33.554,-0.1808844604492208,0.500713267656034,[0.032719496637582779],33.37311553955078
2014-01-21 00:40:00,33.3333,0.8283363525390612,0.5007438722584501,[0.6861385703086853],34.16163635253906
2014-01-21 00:45:00,35.8314,-2.090921484375002,0.5006978596118439,[4.3719601631164551],33.740478515625
2014-01-21 00:50:00,33.3333,0.8845573608398425,0.5006830269109109,[0.78243899345397949],34.217857360839844
2014-01-21 00:55:00,33.3333,1.5363289062499987,0.5007343725062827,[2.3603017330169678],34.86962890625
2014-01-21 01:00:00,33.552,1.4353275756835941,0.5006875472806444,[2.0601706504821777],34.987327575683594
2014-01-21 01:05:00,35.9486,-2.3372566162109365,0.5006071105636303,[5.4627718925476074],33.61134338378906
2014-01-21 01:10:00,35.7143,-2.2391336791992202,0.5005535129555776,[5.0137119293212891],33.47516632080078
2014-01-21 01:15:00,33.3333,1.0769325439453112,0.5006395581535609,[1.1597803831100464],34.41023254394531
2014-01-21 01:20:00,33.5573,2.306919665527346,0.5007041890482147,[5.3218755722045898],35.864219665527344
2014-01-21 01:25:00,35.7143,-0.6325739257812515,0.5006958276693664,[0.40014755725860596],35.08172607421875
2014-01-21 01:30:00,31.0277,3.5774559448242194,0.5007468691468875,[12.798188209533691],34.60515594482422
2014-01-21 01:35:00,33.3333,1.49837266845703,0.5008140071773193,[2.2451159954071045],34.83167266845703
2014-01-21 01:40:00,33.4427,0.04138508300781041,0.5007982714022681,[0.0017127720639109612],33.48408508300781
2014-01-21 01:45:00,33.446,-1.5312603912353495,0.5007409585927884,[2.3447558879852295],31.91473960876465
2014-01-21 01:50:00,33.3333,-1.9440044219970716,0.5006777636611954,[3.7791593074798584],31.38929557800293
2014-01-21 01:55:00,35.9521,-4.1809875579834,0.500643640114055,[17.480648040771484],31.7711124420166
2014-01-21 02:00:00,35.835,-3.332291564941407,0.5006234795016288,[11.104161262512207],32.502708435058594
2014-01-21 02:05:00,35.835,-1.958023986816407,0.5005665568655959,[3.8338544368743896],33.876976013183594
2014-01-21 02:10:00,30.7692,5.417071667480467,0.5006243510534172,[29.344673156738281],36.18627166748047
2014-01-21 02:15:00,33.6092,3.5938944824218737,0.5007035081615426,[12.916081428527832],37.203094482421875
2014-01-21 02:20:00,33.3333,2.3153206054687487,0.5006794079729824,[5.3607025146484375],35.64862060546875
2014-01-21 02:25:00,33.4427,0.3841432617187479,0.5006583213507362,[0.14756648242473602],33.82684326171875
2014-01-21 02:30:00,33.446,-0.5132760009765605,0.5006478931967164,[0.26345136761665344],32.93272399902344
2014-01-21 02:35:00,33.4447,-1.4660375091552709,0.5006492920010208,[2.1492609977722168],31.978662490844727
2014-01-21 02:40:00,33.446,-1.6920689544677714,0.5006542535491227,[2.8630945682525635],31.753931045532227
2014-01-21 02:45:00,35.7143,-3.935344540405275,0.5006593932830284,[15.486923217773438],31.778955459594727
2014-01-21 02:50:00,35.835,-2.5687875366210946,0.5006741711418365,[6.5986647605895996],33.266212463378906
2014-01-21 02:55:00,30.8977,3.817372631835937,0.5007831229691314,[14.572339057922363],34.71507263183594
2014-01-21 03:00:00,33.6133,2.699611987304685,0.5007312937912625,[7.2879033088684082],36.31291198730469
2014-01-21 03:05:00,36.9153,-2.2553802612304708,0.500620606153273,[5.086733341217041],34.65991973876953
2014-01-21 03:10:00,33.3333,0.5162483398437487,0.5005863269477081,[0.26651075482368469],33.84954833984375
2014-01-21 03:15:00,33.446,1.5001822509765645,0.5006072730422317,[2.25054931640625],34.94618225097656
2014-01-21 03:20:00,33.446,1.5078955688476583,0.5006454597904915,[2.2737517356872559],34.953895568847656
2014-01-21 03:25:00,35.7143,-1.6822641723632827,0.5006415374316119,[2.8300068378448486],34.03203582763672
2014-01-21 03:30:00,35.9486,-2.6666862426757802,0.5006232952181833,[7.1112194061279297],33.28191375732422
2014-01-21 03:35:00,30.7692,3.9315369995117173,0.500772644690365,[15.456988334655762],34.70073699951172
2014-01-21 03:40:00,33.47,2.394501953125001,0.5008670301439175,[5.7336339950561523],35.864501953125
2014-01-21 03:45:00,33.4447,0.4506933715820338,0.5008028532619997,[0.20312601327896118],33.89539337158203
2014-01-21 03:50:00,33.4427,-0.6967206909179708,0.5007381740097271,[0.48541891574859619],32.74597930908203
2014-01-21 03:55:00,35.8314,-3.4364796508789084,0.5007160897571133,[11.809405326843262],32.394920349121094
2014-01-21 04:00:00,33.5587,-0.8377832519531268,0.5006903309006814,[0.70188170671463013],32.720916748046875
2014-01-21 04:05:00,35.8314,-2.3766651977539084,0.500616468801596,[5.6485462188720703],33.454734802246094
2014-01-21 04:10:00,35.8314,-2.144105993652346,0.5005467811842772,[4.597198486328125],33.687294006347656
2014-01-21 04:15:00,30.7692,4.815623608398436,0.5006705429661332,[23.190237045288086],35.58482360839844
2014-01-21 04:20:00,33.554,3.1668175659179667,0.5007819498078201,[10.028728485107422],36.72081756591797
2014-01-21 04:25:00,33.3333,1.8157707397460925,0.5007411878310328,[3.2970178127288818],35.149070739746094
2014-01-21 04:30:00,33.446,-0.041657348632810454,0.5006944653443648,[0.001735263504087925],33.40434265136719
2014-01-21 04:35:00,35.8336,-3.655102685546872,0.5006160771920578,[13.359768867492676],32.178497314453125
2014-01-21 04:40:00,35.835,-3.7279672241210946,0.5005582476350067,[13.897732734680176],32.107032775878906
2014-01-21 04:45:00,35.835,-2.7888803100585946,0.5005709817783376,[7.7778482437133789],33.046119689941406
2014-01-21 04:50:00,30.8954,3.8880548950195326,0.5006613564957094,[15.116977691650391],34.78345489501953
2014-01-21 04:55:00,33.4447,3.368059399414065,0.5007715433887018,[11.34383487701416],36.81275939941406
2014-01-21 05:00:00,33.4447,1.938982250976565,0.5008500401059834,[3.7596585750579834],35.38368225097656
2014-01-21 05:05:00,33.4427,0.7109026000976542,0.5007708930795192,[0.50538331270217896],34.153602600097656
2014-01-21 05:10:00,35.8336,-2.9659471069335908,0.5006529809755189,[8.7968368530273438],32.867652893066406
2014-01-21 05:15:00,35.8336,-3.7926606689453095,0.5005451430565511,[14.384267807006836],32.04093933105469
2014-01-21 05:20:00,35.7143,-2.733022534179689,0.5004933947890444,[7.4694027900695801],32.98127746582031
2014-01-21 05:25:00,30.8992,3.550240002441406,0.5006321344115054,[12.604201316833496],34.449440002441406
2014-01-21 05:30:00,33.4427,3.290980725097654,0.5007674834092806,[10.830557823181152],36.733680725097656
2014-01-21 05:35:00,33.446,1.874953369140627,0.5008575962872822,[3.5154533386230469],35.320953369140625
2014-01-21 05:40:00,33.4447,0.6346991088867213,0.5007945918157442,[0.40284508466720581],34.07939910888672
2014-01-21 05:45:00,33.4447,-0.6029717895507787,0.5007177513506392,[0.36357295513153076],32.84172821044922
2014-01-21 05:50:00,35.7143,-3.7512243621826187,0.5006078628931449,[14.071671485900879],31.963075637817383
2014-01-21 05:55:00,35.9507,-4.143683627319334,0.5005141009774394,[17.17010498046875],31.807016372680664
2014-01-21 06:00:00,30.8977,2.114156079101562,0.5006124022193299,[4.4696588516235352],33.01185607910156
2014-01-21 06:05:00,30.8992,4.819900952148437,0.50077914365647,[23.231441497802734],35.71910095214844
2014-01-21 06:10:00,33.3333,1.40285264892578,0.5008594738508411,[1.9679912328720093],34.73615264892578
2014-01-21 06:15:00,33.554,-0.810347656250002,0.5007748157593888,[0.65666472911834717],32.74365234375
2014-01-21 06:20:00,33.3333,-1.8334316070556653,0.5006753006900708,[3.3614771366119385],31.499868392944336
2014-01-21 06:25:00,33.4427,-1.824160189819338,0.5006034325977775,[3.3275582790374756],31.618539810180664
2014-01-21 06:30:00,33.4427,-1.7474466278076193,0.5005571450656605,[3.05356764793396],31.695253372192383
2014-01-21 06:35:00,35.7143,-3.6527384155273452,0.5004980129467098,[13.342485427856445],32.061561584472656
2014-01-21 06:40:00,36.07,-2.602150268554688,0.5005206684614562,[6.7711844444274902],33.46784973144531
2014-01-21 06:45:00,30.7692,4.855830517578124,0.5006957928078422,[23.579095840454102],35.625030517578125
2014-01-21 06:50:00,33.4725,3.6886709594726597,0.500726103173071,[13.606294631958008],37.161170959472656
2014-01-21 06:55:00,33.3333,1.98500596923828,0.5006703972780918,[3.9402425289154053],35.31830596923828
2014-01-21 07:00:00,33.554,0.3432244262695292,0.5006495948459065,[0.11780241876840591],33.89722442626953
2014-01-21 07:05:00,33.4447,-0.20409941406249743,0.5006614767035642,[0.041655890643596649],33.2406005859375
2014-01-21 07:10:00,35.835,-2.8628472900390634,0.5006416509030502,[8.1958894729614258],32.97215270996094
2014-01-21 07:15:00,35.7143,-3.098653637695314,0.5006170208128913,[9.6016435623168945],32.61564636230469
2014-01-21 07:20:00,35.9529,-2.337925024414062,0.5006056878405147,[5.4658932685852051],33.61497497558594
2014-01-21 07:25:00,33.47,2.51723602294922,0.5007265126522673,[6.3364710807800293],35.98723602294922
2014-01-21 07:30:00,33.3333,4.018910998535155,0.5008561615906024,[16.151632308959961],37.352210998535156
2014-01-21 07:35:00,33.556,3.548324340820315,0.5008300859856462,[12.590607643127441],37.10432434082031
2014-01-21 07:40:00,33.3333,1.9947029296874987,0.5007965766721263,[3.9788336753845215],35.3280029296875
2014-01-21 07:45:00,35.9543,-1.8658524291992222,0.5007210487633833,[3.4814050197601318],34.08844757080078
2014-01-21 07:50:00,35.7143,-3.0509394042968765,0.5006545758158596,[9.3082208633422852],32.663360595703125
2014-01-21 07:55:00,35.7143,-2.572439038085939,0.5006081838430152,[6.6174335479736328],33.14186096191406
2014-01-21 08:00:00,31.0262,3.1372826660156257,0.5007261286091305,[9.8425464630126953],34.163482666015625
2014-01-21 08:05:00,33.3333,2.3888298217773425,0.5008342012739007,[5.7065005302429199],35.722129821777344
2014-01-21 08:10:00,33.4725,1.0692861938476597,0.5009014828974572,[1.1433732509613037],34.541786193847656
2014-01-21 08:15:00,33.3333,0.04315721435546749,0.5008526999770873,[0.0018624118529260159],33.37645721435547
2014-01-21 08:20:00,33.4427,-0.8791395141601583,0.5007560152704846,[0.77288526296615601],32.563560485839844
2014-01-21 08:25:00,33.4427,-1.84544238586426,0.5006495158026711,[3.4056556224822998],31.597257614135742
2014-01-21 08:30:00,33.4427,-2.011873812866213,0.5005703803751356,[4.0476341247558594],31.43082618713379
2014-01-21 08:35:00,35.835,-4.324660263061524,0.5005221235191624,[18.702678680419922],31.510339736938477
2014-01-21 08:40:00,35.7143,-2.7357843750000015,0.5005286247078293,[7.4845066070556641],32.978515625
2014-01-21 08:45:00,30.8992,3.6882633789062496,0.5006523113316423,[13.603283882141113],34.58746337890625
2014-01-21 08:50:00,33.4725,2.6560400390625034,0.5006423827419837,[7.0545496940612793],36.1285400390625
2014-01-21 08:55:00,33.4427,1.1060289428710917,0.5006167146821972,[1.2233012914657593],34.548728942871094
2014-01-21 09:00:00,33.4447,0.12356019287109632,0.5005978459770525,[0.015267533250153065],33.568260192871094
2014-01-21 09:05:00,33.4427,-0.3713346435546896,0.5005895894735866,[0.13788899779319763],33.07136535644531
2014-01-21 09:10:00,33.4447,-0.6193139526367162,0.500594782685643,[0.38354769349098206],32.82538604736328
2014-01-21 09:15:00,35.8336,-3.3891343627929658,0.5005644042867314,[11.486225128173828],32.44446563720703
2014-01-21 09:20:00,35.7143,-3.262136303710939,0.5005398203817111,[10.641521453857422],32.45216369628906
2014-01-21 09:25:00,35.7143,-1.083944165039064,0.5006045270889035,[1.1749311685562134],34.63035583496094
2014-01-21 09:30:00,30.8977,5.451665234375,0.5007672169122455,[29.720661163330078],36.349365234375
2014-01-21 09:35:00,33.4447,4.052500012207034,0.5007740114177022,[16.422769546508789],37.49720001220703
2014-01-21 09:40:00,33.4427,1.9314989135742167,0.5007593313896334,[3.7306902408599854],35.37419891357422
2014-01-21 09:45:00,33.3333,0.5637947265624987,0.5007484593640341,[0.31786274909973145],33.8970947265625
2014-01-21 09:50:00,33.554,-0.5146781005859395,0.5007357929752212,[0.26489442586898804],33.03932189941406
2014-01-21 09:55:00,35.7143,-3.6217401855468765,0.5006711955271241,[13.116989135742188],32.092559814453125
2014-01-21 10:00:00,35.9557,-3.987176974487305,0.5006042071972235,[15.897579193115234],31.968523025512695
2014-01-21 10:05:00,30.7692,2.3877442749023423,0.5007196930847069,[5.7013258934020996],33.156944274902344
2014-01-21 10:10:00,33.4725,2.3489797973632847,0.500832004495495,[5.5177068710327148],35.82147979736328
2014-01-21 10:15:00,33.3333,1.4663673583984362,0.500883115392547,[2.15022873878479],34.79966735839844
2014-01-21 10:20:00,33.4427,0.5254625366210917,0.5007841935761878,[0.27611148357391357],33.968162536621094
2014-01-21 10:25:00,33.4447,-0.4563195678710912,0.5006936653908793,[0.20822602510452271],32.988380432128906
2014-01-21 10:30:00,33.3333,-0.6770271118164075,0.5006412805307787,[0.45836779475212097],32.656272888183594
2014-01-21 10:35:00,35.9529,-3.6740608886718746,0.5005564167870302,[13.498723030090332],32.278839111328125
2014-01-21 10:40:00,37.3814,-5.221457373046874,0.5004621969021656,[27.263628005981445],32.159942626953125
2014-01-21 10:45:00,45.6229,-11.134038916015626,0.5003120629495686,[123.96678161621094],34.488861083984375
2014-01-21 10:50:00,35.8685,1.4124524536132839,0.5004205473963296,[1.9950226545333862],37.28095245361328
2014-01-21 10:55:00,33.4447,10.040590527343753,0.5005735005078192,[100.81349182128906],43.48529052734375
2014-01-21 11:00:00,33.556,10.895850891113284,0.5007445701974109,[118.71957397460938],44.45185089111328
2014-01-21 11:05:00,33.3333,8.421681994628905,0.5008840199024898,[70.924697875976562],41.754981994628906
2014-01-21 11:10:00,33.554,4.3393563232421855,0.5009606796289655,[18.830005645751953],37.89335632324219
2014-01-21 11:15:00,35.7143,-2.6051386230468765,0.500917725252946,[6.7867379188537598],33.109161376953125
2014-01-21 11:20:00,35.7143,-4.980499111938478,0.5008314048817052,[24.805353164672852],30.733800888061523
2014-01-21 11:25:00,35.8314,-7.522827230834963,0.5007545087675085,[56.59295654296875],28.30857276916504
2014-01-21 11:30:00,30.7692,0.17059072570800637,0.5008638205817457,[0.029101410880684853],30.939790725708008
2014-01-21 11:35:00,33.556,-0.44805169677734114,0.5010807211506326,[0.20075009763240814],33.107948303222656
2014-01-21 11:40:00,33.4427,0.27451649169921666,0.5010578421914795,[0.075359612703323364],33.71721649169922
2014-01-21 11:45:00,33.5573,-0.7410387084960917,0.5008392304388449,[0.54913920164108276],32.816261291503906
2014-01-21 11:50:00,33.446,-1.300644775390623,0.5005916633270129,[1.6916745901107788],32.145355224609375
2014-01-21 11:55:00,35.7143,-4.207794033813478,0.5003353536512712,[17.705516815185547],31.506505966186523
2014-01-21 12:00:00,35.9543,-4.439100338745121,0.5001571004501197,[19.705610275268555],31.515199661254883
2014-01-21 12:05:00,35.835,-3.034035644531251,0.5001484272102197,[9.2053670883178711],32.80096435546875
2014-01-21 12:10:00,30.7692,4.980433789062499,0.5003503597950333,[24.804727554321289],35.7496337890625
2014-01-21 12:15:00,33.3333,3.8101555053710925,0.5005806627927181,[14.51727294921875],37.143455505371094
2014-01-21 12:20:00,33.5573,2.146885485839846,0.5006206259034243,[4.6091146469116211],35.704185485839844
2014-01-21 12:25:00,33.3333,0.48508989257812374,0.5006395670352182,[0.23531070351600647],33.818389892578125
2014-01-21 12:30:00,33.4427,-0.32933482666015834,0.5006272494772352,[0.10846105217933655],33.113365173339844
2014-01-21 12:35:00,35.8336,-3.5353745971679658,0.5005705691705276,[12.498867034912109],32.29822540283203
2014-01-21 12:40:00,35.8336,-3.6716966186523408,0.5005224896538957,[13.481348991394043],32.161903381347656
2014-01-21 12:45:00,35.7143,-2.2638910644531265,0.5005624556031119,[5.1251950263977051],33.450408935546875
2014-01-21 12:50:00,30.7692,5.516215649414061,0.5007654733063067,[30.428642272949219],36.28541564941406
2014-01-21 12:55:00,33.4742,4.128400097656247,0.5009117091096351,[17.043678283691406],37.60260009765625
2014-01-21 13:00:00,33.5553,2.451284167480466,0.5008596838671806,[6.0087857246398926],36.00658416748047
2014-01-21 13:05:00,33.3333,0.8052421752929675,0.5007980526381861,[0.64841246604919434],34.13854217529297
2014-01-21 13:10:00,33.4447,-0.13019346923827868,0.5007514052524931,[0.016949905082583427],33.31450653076172
2014-01-21 13:15:00,33.4427,-1.060925097656252,0.5007198347699124,[1.1255608797073364],32.38177490234375
2014-01-21 13:20:00,35.8336,-3.7628526245117158,0.5006497859988568,[14.159052848815918],32.07074737548828
2014-01-21 13:25:00,35.835,-3.690690002441407,0.5006470492292014,[13.621186256408691],32.144309997558594
2014-01-21 13:30:00,30.7692,3.8816712768554673,0.5008019309145133,[15.067377090454102],34.65087127685547
2014-01-21 13:35:00,33.47,2.7613385009765636,0.5009051016227211,[7.6249837875366211],36.23133850097656
2014-01-21 13:40:00,33.3333,1.722463244628905,0.500826857158946,[2.966874361038208],35.055763244628906
2014-01-21 13:45:00,33.4447,0.16842103271484632,0.5007452932867047,[0.028366206213831902],33.613121032714844
2014-01-21 13:50:00,33.446,-0.4492119750976542,0.5006855620694592,[0.20179063081741333],32.996788024902344
2014-01-21 13:55:00,35.7143,-3.017385327148439,0.5006070570388903,[9.1046037673950195],32.69691467285156
2014-01-21 14:00:00,35.9507,-3.617242053222654,0.50053546130355,[13.084431648254395],32.333457946777344
2014-01-21 14:05:00,35.7143,-2.3533380859375015,0.5005089654488419,[5.5381917953491211],33.3609619140625
2014-01-21 14:10:00,30.8992,4.935257397460937,0.5006880684186952,[24.356761932373047],35.83445739746094
2014-01-21 14:15:00,33.3333,3.753896350097655,0.5008416096363932,[14.091726303100586],37.087196350097656
2014-01-21 14:20:00,33.5573,2.0309720947265646,0.500803124627138,[4.1248455047607422],35.58827209472656
2014-01-21 14:25:00,33.3333,0.28854143066406124,0.500751933936283,[0.083255268633365631],33.62184143066406
2014-01-21 14:30:00,33.4427,-0.6460538818359396,0.5007029634257978,[0.41738489270210266],32.79664611816406
2014-01-21 14:35:00,35.835,-3.9650716400146493,0.5006177530080602,[15.721785545349121],31.86992835998535
2014-01-21 14:40:00,35.7143,-4.060993038940431,0.5005432762188655,[16.491649627685547],31.65330696105957
2014-01-21 14:45:00,31.0254,1.87878243408203,0.5006446244627167,[3.529822826385498],32.90418243408203
2014-01-21 14:50:00,33.3333,2.1530433837890612,0.5007642256706837,[4.6355891227722168],35.48634338378906
2014-01-21 14:55:00,33.446,1.2002173461914083,0.5008380067913845,[1.4405237436294556],34.646217346191406
2014-01-21 15:00:00,33.4447,0.3608191040039088,0.5007428791930063,[0.1301916241645813],33.805519104003906
2014-01-21 15:05:00,33.554,-0.6337348022460958,0.5006516530555273,[0.40162089467048645],32.920265197753906
2014-01-21 15:10:00,33.3333,-0.6744560058593763,0.500595362287558,[0.45489299297332764],32.658843994140625
2014-01-21 15:15:00,35.8314,-3.493326269531252,0.5005169291980456,[12.203341484069824],32.33807373046875
2014-01-21 15:20:00,35.8314,-3.539377294921877,0.5004569371309799,[12.527204513549805],32.292022705078125
2014-01-21 15:25:00,35.7143,-1.2924250000000015,0.5005127433928938,[1.6703578233718872],34.421875
2014-01-21 15:30:00,31.0238,5.218601123046874,0.5007057364865257,[27.233798980712891],36.242401123046875
2014-01-21 15:35:00,34.2153,3.1808334228515633,0.5007325383092702,[10.117691993713379],37.39613342285156
2014-01-21 15:40:00,33.5573,1.8278699829101583,0.5007255293862374,[3.341106653213501],35.385169982910156
2014-01-21 15:45:00,33.3333,0.9167534057617175,0.5007195044125237,[0.84043395519256592],34.25005340576172
2014-01-21 15:50:00,35.7143,-2.1604975097656265,0.500667026481495,[4.6677417755126953],33.553802490234375
2014-01-21 15:55:00,36.0721,-3.5202430053710927,0.5006070097000805,[12.392122268676758],32.551856994628906
2014-01-21 16:00:00,35.9557,-2.696575244140625,0.5005649292543533,[7.2715177536010742],33.259124755859375
2014-01-21 16:05:00,30.7692,3.877177563476561,0.5007189234468568,[15.032510757446289],34.64637756347656
2014-01-21 16:10:00,33.3333,3.54713975830078,0.5008671873557922,[12.582189559936523],36.88043975830078
2014-01-21 16:15:00,33.4427,1.775042919921873,0.5009314753094228,[3.1507794857025146],35.217742919921875
2014-01-21 16:20:00,33.3333,0.525685900878905,0.5008329577744209,[0.27634403109550476],33.858985900878906
2014-01-21 16:25:00,33.554,-0.8990698852539083,0.500747393455984,[0.80832821130752563],32.654930114746094
2014-01-21 16:30:00,33.3333,-1.509174710083009,0.5006774302488128,[2.2776129245758057],31.824125289916992
2014-01-21 16:35:00,35.8314,-4.246337973022463,0.5005692982186691,[18.031402587890625],31.58506202697754
2014-01-21 16:40:00,35.8336,-4.185301736450192,0.5005271235883268,[17.516742706298828],31.648298263549805
2014-01-21 16:45:00,30.7692,3.4673951538085923,0.5006738351179476,[12.022833824157715],34.236595153808594
2014-01-21 16:50:00,33.556,2.4145734252929714,0.5007812921349171,[5.8301658630371094],35.97057342529297
2014-01-21 16:55:00,33.3333,1.5828376953124987,0.5007327328109947,[2.5053703784942627],34.9161376953125
2014-01-21 17:00:00,33.556,0.014480346679690115,0.5006581757818426,[0.00020968751050531864],33.57048034667969
2014-01-21 17:05:00,33.3333,-0.34388959960937626,0.5006134407228535,[0.11826112121343613],32.989410400390625
2014-01-21 17:10:00,35.8336,-3.033764794921872,0.5005385494154548,[9.2037229537963867],32.799835205078125
2014-01-21 17:15:00,35.7143,-3.282369458007814,0.5004884757211528,[10.773938179016113],32.43193054199219
2014-01-21 17:20:00,35.8336,-2.3157853637695283,0.5004715853452872,[5.3628578186035156],33.51781463623047
2014-01-21 17:25:00,33.4725,2.423328247070316,0.5006123840416786,[5.8725204467773438],35.89582824707031
2014-01-21 17:30:00,33.446,3.800360778808596,0.500781055562524,[14.442748069763184],37.246360778808594
2014-01-21 17:35:00,35.4613,1.5549277221679674,0.5007403610110159,[2.4178004264831543],37.01622772216797
2014-01-21 17:40:00,38.2036,-2.7683583007812516,0.5006307967789174,[7.6638178825378418],35.43524169921875
2014-01-21 17:45:00,33.5593,1.8002809936523434,0.5006351445344787,[3.2410135269165039],35.359580993652344
2014-01-21 17:50:00,35.8336,0.5555220092773467,0.5006465343694332,[0.30860570073127747],36.389122009277344
2014-01-21 17:55:00,35.8314,0.1266917358398416,0.5006564965452893,[0.01605033315718174],35.958091735839844
2014-01-21 18:00:00,35.8336,-0.10234542236327826,0.5007188344593241,[0.010474399663507938],35.73125457763672
2014-01-21 18:05:00,33.4725,3.0042227172851597,0.5008522348970794,[9.025355339050293],36.476722717285156
2014-01-21 18:10:00,33.446,3.3017493286132833,0.5009715091640514,[10.901554107666016],36.74774932861328
2014-01-21 18:15:00,33.554,1.839920898437498,0.5009590112103119,[3.3853058815002441],35.3939208984375
2014-01-21 18:20:00,33.3333,-0.32684553222656376,0.5008712385435912,[0.10682900995016098],33.00645446777344
2014-01-21 18:25:00,33.5573,-1.3342546508789042,0.5008098985253598,[1.7802369594573975],32.223045349121094
2014-01-21 18:30:00,35.7143,-4.346278988647462,0.5007768600659654,[18.890125274658203],31.36802101135254
2014-01-21 18:35:00,35.835,-4.357180557250977,0.5006459807074201,[18.985013961791992],31.477819442749023
2014-01-21 18:40:00,30.8977,1.4778493164062496,0.5006654733583067,[2.1840405464172363],32.37554931640625
2014-01-21 18:45:00,33.3333,1.042104357910155,0.5006848988287981,[1.0859782695770264],34.375404357910156
2014-01-21 18:50:00,33.556,0.12638067626953386,0.5006897761525092,[0.015972137451171875],33.68238067626953
2014-01-21 18:55:00,33.3333,-0.28328168945312626,0.5006194393252237,[0.080249391496181488],33.050018310546875
2014-01-21 19:00:00,33.556,-0.8576586303710911,0.5005304162066315,[0.73557788133621216],32.698341369628906
2014-01-21 19:05:00,36.3193,-3.8440268676757796,0.5004089964310243,[14.776555061340332],32.47527313232422
2014-01-21 19:10:00,35.8336,-3.493237451171872,0.5003413765080285,[12.202701568603516],32.340362548828125
2014-01-21 19:15:00,30.8977,2.846120190429687,0.5004305060018204,[8.1004037857055664],33.74382019042969
2014-01-21 19:20:00,33.4725,2.671832885742191,0.5005806945875172,[7.1386919021606445],36.14433288574219
2014-01-21 19:25:00,33.4427,1.7586931274414042,0.500711797357829,[3.093003511428833],35.201393127441406
2014-01-21 19:30:00,35.7143,-1.3744333618164077,0.5006506769326269,[1.8890622854232788],34.339866638183594
2014-01-21 19:35:00,33.554,-0.10409460449218955,0.500626015547901,[0.010835864581167698],33.44990539550781
2014-01-21 19:40:00,33.3333,0.8227974121093737,0.5006408619244185,[0.67699301242828369],34.156097412109375
2014-01-21 19:45:00,35.7143,-1.7923868530273452,0.5006085694186468,[3.2126443386077881],33.921913146972656
2014-01-21 19:50:00,35.8314,-2.2935124267578146,0.5005778813511107,[5.2602076530456543],33.53788757324219
2014-01-21 19:55:00,35.7143,-0.491170727539064,0.5006501737462186,[0.24124696850776672],35.22312927246094
2014-01-21 20:00:00,31.0277,5.573488659667969,0.500845022961832,[31.063770294189453],36.60118865966797
2014-01-21 20:05:00,33.3333,4.114637011718749,0.5008719582381043,[16.930225372314453],37.44793701171875
2014-01-21 20:10:00,33.4427,1.3447374389648417,0.5008432296092498,[1.8083202838897705],34.787437438964844
2014-01-21 20:15:00,33.3333,0.04527818603515499,0.5008062883801787,[0.0020499743986874819],33.378578186035156
2014-01-21 20:20:00,33.552,-0.9159068603515621,0.5008163963379086,[0.8388819694519043],32.63609313964844
2014-01-21 20:25:00,33.3333,-1.3101676757812513,0.5007905493506102,[1.716543436050415],32.02313232421875
2014-01-21 20:30:00,33.4427,-1.6600137664794943,0.5007370746004578,[2.7556438446044922],31.782686233520508
2014-01-21 20:35:00,35.8336,-4.081339791870114,0.5006880483455405,[16.657327651977539],31.752260208129883
2014-01-21 20:40:00,35.7143,-2.6264932983398452,0.5006811737552335,[6.8984580039978027],33.087806701660156
2014-01-21 20:45:00,31.0254,3.6334668823242176,0.5007701536856694,[13.202080726623535],34.65886688232422
2014-01-21 20:50:00,33.3333,2.805715197753905,0.5007097705740209,[7.8720293045043945],36.139015197753906
2014-01-21 20:55:00,33.4447,1.1312506225585963,0.5006448552192242,[1.2797317504882812],34.575950622558594
2014-01-21 21:00:00,35.9543,-2.4706955688476597,0.500562253749687,[6.1043362617492676],33.483604431152344
2014-01-21 21:05:00,33.3333,-0.29258955078125126,0.5005548743962713,[0.085609547793865204],33.04071044921875
2014-01-21 21:10:00,33.3333,0.5958534423828112,0.5005876056255529,[0.35503947734832764],33.92915344238281
2014-01-21 21:15:00,33.554,0.1832665405273417,0.5006200305566451,[0.033586312085390091],33.737266540527344
2014-01-21 21:20:00,35.7143,-2.4898203247070327,0.5006022438411069,[6.1991963386535645],33.22447967529297
2014-01-21 21:25:00,35.9507,-2.128655627441404,0.500645024053628,[4.5311698913574219],33.822044372558594
2014-01-21 21:30:00,35.7143,-0.8153742187500015,0.5006845973821391,[0.66483223438262939],34.89892578125
2014-01-21 21:35:00,33.4742,2.8368275268554655,0.5006668448321259,[8.0475835800170898],36.31102752685547
2014-01-21 21:40:00,33.4427,2.8849290893554667,0.5006681855354964,[8.3228187561035156],36.32762908935547
2014-01-21 21:45:00,33.3333,2.6373039428710925,0.500700726618403,[6.9553637504577637],35.970603942871094
2014-01-21 21:50:00,33.4447,1.4316961791992213,0.5007858370925117,[2.0497586727142334],34.87639617919922
2014-01-21 21:55:00,33.4447,0.4991705444335963,0.5008031461408797,[0.24917289614677429],33.943870544433594
2014-01-21 22:00:00,35.9507,-3.4005291015624977,0.5007162130178617,[11.563590049743652],32.5501708984375
2014-01-21 22:05:00,35.7143,-3.873760067749025,0.500627909938441,[15.006003379821777],31.840539932250977
2014-01-21 22:10:00,35.8336,-2.9962434326171845,0.5006171713873808,[8.9774694442749023],32.83735656738281
2014-01-21 22:15:00,30.7692,4.139308300781249,0.5007539785180979,[17.133878707885742],34.90850830078125
2014-01-21 22:20:00,33.4447,2.9418280151367213,0.500836035932666,[8.6543617248535156],36.38652801513672
2014-01-21 22:25:00,33.4447,1.5536520507812526,0.5008077622190918,[2.4138398170471191],34.99835205078125
2014-01-21 22:30:00,33.4447,0.05968690185547132,0.5007457915035906,[0.0035627251490950584],33.50438690185547
2014-01-21 22:35:00,33.4447,-0.7424218627929662,0.5006716704884364,[0.55118775367736816],32.70227813720703
2014-01-21 22:40:00,35.7143,-3.902374111938478,0.50055490821928,[15.228509902954102],31.811925888061523
2014-01-21 22:45:00,35.835,-4.108469924926759,0.5004540135518349,[16.879518508911133],31.726530075073242
2014-01-21 22:50:00,35.7143,-2.7886789672851577,0.5004677065097802,[7.7767205238342285],32.925621032714844
2014-01-21 22:55:00,35.8336,-0.06869216308593451,0.5005513838920621,[0.004718488547950983],35.76490783691406
2014-01-21 23:00:00,30.8992,6.290832958984375,0.5007551141032371,[39.574573516845703],37.190032958984375
2014-01-21 23:05:00,33.6117,4.3637791259765635,0.5007595296886664,[19.042583465576172],37.97547912597656
2014-01-21 23:10:00,35.7143,-0.26933082275390774,0.5006887718862782,[0.072538144886493683],35.444969177246094
2014-01-21 23:15:00,33.4447,0.38049531250000257,0.5006628306190402,[0.14477795362472534],33.8251953125
2014-01-21 23:20:00,33.4427,0.04563465576171666,0.5006625021492686,[0.0020825737155973911],33.48833465576172
2014-01-21 23:25:00,33.4447,-0.49520659179687243,0.5006680173319626,[0.24522791802883148],32.949493408203125
2014-01-21 23:30:00,35.8336,-3.343609765624997,0.5006807966697469,[11.179719924926758],32.489990234375
2014-01-21 23:35:00,35.7143,-3.255910717773439,0.5007000790372348,[10.600943565368652],32.45838928222656
2014-01-21 23:40:00,30.8954,3.626313256835939,0.5008416178581869,[13.150154113769531],34.52171325683594
2014-01-21 23:45:00,33.4447,2.31804108886719,0.5008942690273206,[5.3733220100402832],35.76274108886719
2014-01-21 23:50:00,33.446,0.6978522338867208,0.5007703474777896,[0.48699894547462463],34.14385223388672
2014-01-21 23:55:00,33.4427,-0.5207563354492208,0.5006621512559875,[0.27118656039237976],32.92194366455078
2014-01-22 00:00:00,33.776,-1.201834655761722,0.5006416048533562,[1.4444088935852051],32.57416534423828
2014-01-22 00:05:00,39.0314,-6.34293869628906,0.5004931339793259,[40.232856750488281],32.68846130371094
2014-01-22 00:10:00,37.145,-4.504024047851566,0.5003925414500351,[20.286235809326172],32.64097595214844
2014-01-22 00:15:00,35.7143,-0.3646601074218765,0.5003953210920676,[0.13297571241855621],35.349639892578125
2014-01-22 00:20:00,30.8977,7.762135815429687,0.5006411128834632,[60.250762939453125],38.65983581542969
2014-01-22 00:25:00,33.47,6.064492492675782,0.5008476760852376,[36.778053283691406],39.53449249267578
2014-01-22 00:30:00,33.4447,3.697771313476565,0.5008488744774446,[13.673524856567383],37.14247131347656
2014-01-22 00:35:00,33.4447,0.8983404663085963,0.5008172269667073,[0.80701857805252075],34.343040466308594
2014-01-22 00:40:00,33.3333,-0.6130012329101575,0.500788166732183,[0.37577241659164429],32.720298767089844
2014-01-22 00:45:00,35.835,-5.022959671020509,0.5006884692798427,[25.230113983154297],30.812040328979492
2014-01-22 00:50:00,35.8336,-5.367979959106442,0.500596199130285,[28.81519889831543],30.465620040893555
2014-01-22 00:55:00,35.8314,-3.8386193145751974,0.5006525611023346,[14.735012054443359],31.992780685424805
2014-01-22 01:00:00,35.9543,-0.6134567993164097,0.5007395397240434,[0.37632915377616882],35.340843200683594
2014-01-22 01:05:00,30.7692,6.259280529785155,0.500886808373695,[39.178600311279297],37.028480529785156
2014-01-22 01:10:00,33.4725,4.393245544433597,0.5008109983704782,[19.300607681274414],37.865745544433594
2014-01-22 01:15:00,33.446,1.8411780395507833,0.5007163205942979,[3.3899397850036621],35.28717803955078
2014-01-22 01:20:00,33.4447,0.06453919677734632,0.5006349798360336,[0.0041655232198536396],33.509239196777344
2014-01-22 01:25:00,33.446,-1.3925255737304667,0.5005838091357768,[1.9391250610351562],32.05347442626953
2014-01-22 01:30:00,35.7143,-4.400482022094728,0.5004994185894782,[19.364227294921875],31.313817977905273
2014-01-22 01:35:00,35.9529,-4.670297689819336,0.5005078266856181,[21.811679840087891],31.282602310180664
2014-01-22 01:40:00,35.7143,-2.9006937377929702,0.5005634733217059,[8.4140138626098633],32.81360626220703
2014-01-22 01:45:00,30.8977,4.806729626464843,0.5007569045221568,[23.104656219482422],35.704429626464844
2014-01-22 01:50:00,33.4447,3.570657971191409,0.500850483330044,[12.74960994720459],37.015357971191406
2014-01-22 01:55:00,30.7692,4.805438366699217,0.5008172617499855,[23.092243194580078],35.57463836669922
2014-01-22 02:00:00,33.554,0.09449853515624795,0.5007206351400925,[0.008929811418056488],33.64849853515625
2014-01-22 02:05:00,33.4447,-1.8397061798095677,0.5006380548601996,[3.3845126628875732],31.60499382019043
2014-01-22 02:10:00,35.8336,-5.291174844360349,0.5005181095814314,[27.99652099609375],30.54242515563965
2014-01-22 02:15:00,35.7143,-4.949729763793947,0.5004385055937222,[24.499807357788086],30.764570236206055
2014-01-22 02:20:00,37.51,-5.006086120605467,0.5004253590696784,[25.060880661010742],32.50391387939453
2014-01-22 02:25:00,30.7692,4.998172131347655,0.5006426477083901,[24.981731414794922],35.767372131347656
2014-01-22 02:30:00,33.556,4.652404541015628,0.5008124805358558,[21.644870758056641],38.208404541015625
2014-01-22 02:35:00,33.3333,4.192319506835936,0.5007981268486705,[17.575529098510742],37.52561950683594
2014-01-22 02:40:00,33.4447,1.8379843261718776,0.5007588022204732,[3.3781924247741699],35.282684326171875
2014-01-22 02:45:00,33.446,0.5258093872070333,0.5006620255978531,[0.2764764130115509],33.97180938720703
2014-01-22 02:50:00,35.7143,-3.3858164184570327,0.5005837269174345,[11.463741302490234],32.32848358154297
2014-01-22 02:55:00,31.0238,0.9357813751220689,0.5006463657646211,[0.87568700313568115],31.95958137512207
2014-01-22 03:00:00,30.7692,1.7316316040039048,0.500805154886971,[2.9985501766204834],32.500831604003906
2014-01-22 03:05:00,33.6667,-0.708119982910155,0.5009014250774351,[0.50143170356750488],32.958580017089844
2014-01-22 03:10:00,33.3333,-1.812031155395509,0.5009741984565057,[3.2834625244140625],31.521268844604492
2014-01-22 03:15:00,33.554,-1.7561312713623067,0.5008213749455304,[3.0840001106262207],31.797868728637695
2014-01-22 03:20:00,34.9727,-3.195937991333011,0.5006437315612573,[10.214008331298828],31.776762008666992
2014-01-22 03:25:00,33.554,-1.0138617553710958,0.5005256072762321,[1.0279173851013184],32.540138244628906
2014-01-22 03:30:00,35.7143,-2.220601879882814,0.5004335819229057,[4.9310650825500488],33.49369812011719
2014-01-22 03:35:00,35.8336,-0.9659623657226533,0.5003996485123081,[0.93308150768280029],34.867637634277344
2014-01-22 03:40:00,34.6169,1.8349203735351551,0.5005180136666447,[3.3669276237487793],36.451820373535156
2014-01-22 03:45:00,35.2227,2.306665539550778,0.5005488219972261,[5.320713996887207],37.52936553955078
2014-01-22 03:50:00,33.3333,3.9275261108398425,0.5005982410076885,[15.425449371337891],37.260826110839844
2014-01-22 03:55:00,33.3333,3.4454322998046862,0.5006923868774945,[11.870992660522461],36.77873229980469
2014-01-22 04:00:00,33.5573,1.8731122924804708,0.5007761654165681,[3.5085475444793701],35.43041229248047
2014-01-22 04:05:00,35.9529,-1.8136177734374996,0.5007751423387226,[3.2892091274261475],34.1392822265625
2014-01-22 04:10:00,35.7143,-2.8408640258789077,0.5007836673556743,[8.0704984664916992],32.873435974121094
2014-01-22 04:15:00,35.835,-2.4463433837890634,0.5007513265212391,[5.9845914840698242],33.38865661621094
2014-01-22 04:20:00,33.4725,1.0690039062500034,0.5008263943873406,[1.1427696943283081],34.54150390625
2014-01-22 04:25:00,33.3333,2.2846656982421862,0.5009004950112772,[5.2196903228759766],35.61796569824219
2014-01-22 04:30:00,33.554,2.0776375732421855,0.5009058963225175,[4.3165740966796875],35.63163757324219
2014-01-22 04:35:00,35.104,-0.49185552978515545,0.500842030283994,[0.24192194640636444],34.612144470214844
2014-01-22 04:40:00,35.1187,-1.389024707031247,0.5007205413937128,[1.9293844699859619],33.72967529296875
2014-01-22 04:45:00,37.7307,-4.551455004882811,0.5005379042232246,[20.715755462646484],33.17924499511719
2014-01-22 04:50:00,37.4943,-3.9318534057617214,0.5004052367494718,[15.459477424621582],33.56244659423828
2014-01-22 04:55:00,32.7008,2.657110156249999,0.5005072944560316,[7.0602245330810547],35.35791015625
2014-01-22 05:00:00,34.1625,3.6550582885742173,0.5006558183046432,[13.359461784362793],37.81755828857422
2014-01-22 05:05:00,33.4447,3.7587835815429713,0.5007978134994954,[14.128466606140137],37.20348358154297
2014-01-22 05:10:00,33.3333,2.58900987548828,0.5008324646814374,[6.7029643058776855],35.92230987548828
2014-01-22 05:15:00,33.4447,0.4701941040039088,0.500790770382235,[0.22108405828475952],33.914894104003906
2014-01-22 05:20:00,35.8314,-3.5701542724609396,0.5006613725392273,[12.746014595031738],32.26124572753906
2014-01-22 05:25:00,35.8314,-4.841842733764651,0.5005618636587051,[23.443458557128906],30.98955726623535
2014-01-22 05:30:00,35.7143,-3.9163244598388687,0.5005040995174933,[15.337583541870117],31.797975540161133
2014-01-22 05:35:00,30.7692,3.4279130371093736,0.5006874138056001,[11.750592231750488],34.197113037109375
2014-01-22 05:40:00,33.47,2.3671124267578136,0.500832327909029,[5.6032156944274902],35.83711242675781
2014-01-22 05:45:00,33.446,1.3301306762695333,0.5008016261917805,[1.7692499160766602],34.77613067626953
2014-01-22 05:50:00,33.5593,-0.2123685424804691,0.5007124575056653,[0.045100171118974686],33.34693145751953
2014-01-22 05:55:00,33.3333,-0.5780280883789075,0.500612397299985,[0.33411824703216553],32.755271911621094
2014-01-22 06:00:00,33.5553,-1.53227448730469,0.5005173292573675,[2.3478701114654541],32.02302551269531
2014-01-22 06:05:00,33.4447,-1.6155431243896459,0.500469225878815,[2.6099741458892822],31.82915687561035
2014-01-22 06:10:00,35.8336,-3.856875375366208,0.5004629729566006,[14.875480651855469],31.97672462463379
2014-01-22 06:15:00,35.7143,-2.2454584472656265,0.5005232341211289,[5.0420756340026855],33.468841552734375
2014-01-22 06:20:00,30.8977,4.138821911621093,0.5007091403065751,[17.129852294921875],35.036521911621094
2014-01-22 06:25:00,33.47,3.0550396728515636,0.5007001142157065,[9.3332595825195312],36.52503967285156
2014-01-22 06:30:00,33.4447,1.4075567749023463,0.5006776940983564,[1.9812207221984863],34.852256774902344
2014-01-22 06:35:00,33.446,0.4552527465820333,0.5006573380690886,[0.20725584030151367],33.90125274658203
2014-01-22 06:40:00,33.3333,0.04399644775390499,0.5006632676654779,[0.0019355515250936151],33.377296447753906
2014-01-22 06:45:00,33.556,-0.4340670166015599,0.5006666559128452,[0.18841396272182465],33.12193298339844
2014-01-22 06:50:00,35.7143,-3.0713175170898452,0.5006312860836251,[9.4329805374145508],32.642982482910156
2014-01-22 06:55:00,35.7143,-3.063253247070314,0.5005979987311764,[9.383509635925293],32.65104675292969
2014-01-22 07:00:00,30.8977,3.8283131835937496,0.5007762052308535,[14.655986785888672],34.72601318359375
2014-01-22 07:05:00,33.5587,2.693214978027342,0.5008908375300057,[7.2534036636352539],36.251914978027344
2014-01-22 07:10:00,33.3333,1.8238273803710925,0.5008368077156122,[3.3263406753540039],35.157127380371094
2014-01-22 07:15:00,33.3333,0.45579301757812374,0.5007762757609555,[0.20774586498737335],33.789093017578125
2014-01-22 07:20:00,33.556,-0.32344842529296614,0.5007360181472688,[0.10461872816085815],33.23255157470703
2014-01-22 07:25:00,33.3333,-0.5115226562500013,0.5007135651234852,[0.2616569995880127],32.82177734375
2014-01-22 07:30:00,35.9507,-3.5108730346679664,0.5006310782513779,[12.326221466064453],32.43982696533203
2014-01-22 07:35:00,35.7143,-3.3799188964843765,0.5005627030010006,[11.423839569091797],32.334381103515625
2014-01-22 07:40:00,33.4742,1.0220081909179655,0.5006581322174608,[1.0444983243942261],34.49620819091797
2014-01-22 07:45:00,33.4447,2.6636374023437526,0.5007916348306027,[7.094973087310791],36.10833740234375
2014-01-22 07:50:00,33.3333,2.9020973388671862,0.5007696513590355,[8.4221601486206055],36.23539733886719
2014-01-22 07:55:00,33.5573,1.5290113403320333,0.500742256026957,[2.3378739356994629],35.08631134033203
2014-01-22 08:00:00,33.4447,0.6504080322265651,0.5007147302003154,[0.42303279042243958],34.09510803222656
2014-01-22 08:05:00,35.835,-2.475228271484376,0.5006464067576657,[6.1267504692077637],33.359771728515625
2014-01-22 08:10:00,35.7143,-3.226613842773439,0.5005787575370735,[10.411026000976562],32.48768615722656
2014-01-22 08:15:00,31.0277,2.2268394897460944,0.5006426283186745,[4.9588122367858887],33.254539489746094
2014-01-22 08:20:00,33.3333,1.4094368164062487,0.5007578737759477,[1.986507773399353],34.74273681640625
2014-01-22 08:25:00,33.446,0.5565482177734395,0.5008502588287096,[0.30974686145782471],34.00254821777344
2014-01-22 08:30:00,33.4447,-0.13026213378905993,0.500823300373161,[0.016967790201306343],33.31443786621094
2014-01-22 08:35:00,33.446,-0.6773156127929667,0.5007449433537434,[0.45875528454780579],32.76868438720703
2014-01-22 08:40:00,35.7143,-3.1948221557617202,0.5006020175474827,[10.206877708435059],32.51947784423828
2014-01-22 08:45:00,35.8336,-3.6226472412109345,0.5004812302144908,[13.123566627502441],32.21095275878906
2014-01-22 08:50:00,35.835,-2.529183349609376,0.5004065944959017,[6.396763801574707],33.305816650390625
2014-01-22 08:55:00,33.4725,2.222125854492191,0.5005167966251786,[4.9378437995910645],35.69462585449219
2014-01-22 09:00:00,33.4447,3.704416516113284,0.5006795639290873,[13.722714424133301],37.14911651611328
2014-01-22 09:05:00,33.556,3.3363568725585964,0.5007052863744561,[11.131278991699219],36.892356872558594
2014-01-22 09:10:00,33.3333,2.0065666381835925,0.5007191235177251,[4.0263032913208008],35.339866638183594
2014-01-22 09:15:00,33.4447,0.7386724975585963,0.5007233457851299,[0.5456395149230957],34.183372497558594
2014-01-22 09:20:00,35.8336,-3.0472077880859345,0.5006548708558488,[9.2854700088500977],32.78639221191406
2014-01-22 09:25:00,35.7143,-3.653890454101564,0.5005849897239951,[13.350902557373047],32.06040954589844
2014-01-22 09:30:00,35.9486,-3.032309716796874,0.5005891711291484,[9.1949071884155273],32.916290283203125
2014-01-22 09:35:00,33.3333,1.6077324096679675,0.5007126416489516,[2.5847985744476318],34.94103240966797
2014-01-22 09:40:00,33.554,2.975571533203123,0.5008425593567581,[8.8540210723876953],36.529571533203125
2014-01-22 09:45:00,33.3333,3.013845080566405,0.5008609988201471,[9.0832529067993164],36.347145080566406
2014-01-22 09:50:00,33.3333,1.8718010131835925,0.5008174271940007,[3.5036332607269287],35.205101013183594
2014-01-22 09:55:00,33.556,0.42511724853515886,0.5007484273122633,[0.18072488903999329],33.981117248535156
2014-01-22 10:00:00,35.9507,-3.397668078613279,0.5006207141748922,[11.544140815734863],32.55303192138672
2014-01-22 10:05:00,35.7143,-3.7740438812255874,0.5005140684257534,[14.243393898010254],31.940256118774414
2014-01-22 10:10:00,30.7692,2.111338940429686,0.5006361947241215,[4.4577546119689941],32.88053894042969
2014-01-22 10:15:00,33.4725,1.355975952148441,0.5007550188056701,[1.8386712074279785],34.82847595214844
2014-01-22 10:20:00,33.3333,0.6188942138671862,0.5008417703131518,[0.38302814960479736],33.95219421386719
2014-01-22 10:25:00,31.0238,2.3234824096679674,0.5008585744672522,[5.3985710144042969],33.34728240966797
2014-01-22 10:30:00,33.3333,-0.579294567871095,0.5007741504771077,[0.33558398485183716],32.754005432128906
2014-01-22 10:35:00,33.3333,-1.9697498138427747,0.5006557977900661,[3.879920482635498],31.363550186157227
2014-01-22 10:40:00,35.9521,-5.2505676361084,0.500486787820972,[27.568449020385742],30.7015323638916
2014-01-22 10:45:00,35.7143,-4.670780026245119,0.500365821940399,[21.816169738769531],31.043519973754883
2014-01-22 10:50:00,35.8336,-2.0332002197265595,0.5003984536906403,[4.1338992118835449],33.80039978027344
2014-01-22 10:55:00,33.3333,2.7686744873046862,0.5005540550104145,[7.6655497550964355],36.10197448730469
2014-01-22 11:00:00,33.5587,4.170906628417967,0.5006026085773025,[17.396457672119141],37.72960662841797
2014-01-22 11:05:00,33.4427,3.995105175781248,0.5006650803182962,[15.960869789123535],37.43780517578125
2014-01-22 11:10:00,33.4447,2.7036764648437526,0.5007145404129374,[7.30987548828125],36.14837646484375
2014-01-22 11:15:00,33.3333,1.4996467773437487,0.5006946623823321,[2.2489359378814697],34.83294677734375
2014-01-22 11:20:00,35.835,-2.8046884155273446,0.5006417912819116,[7.86627197265625],33.030311584472656
2014-01-22 11:25:00,35.8314,-3.568948828125002,0.500603950591556,[12.737408638000488],32.262451171875
2014-01-22 11:30:00,35.835,-2.7808541870117196,0.5006634179879006,[7.7331447601318359],33.05414581298828
2014-01-22 11:35:00,33.3333,1.81441270751953,0.5008185735483428,[3.2920877933502197],35.14771270751953
2014-01-22 11:40:00,33.4427,3.1621507690429667,0.5009427912761231,[9.9992008209228516],36.60485076904297
2014-01-22 11:45:00,33.3333,3.0463844482421862,0.5009491909163886,[9.2804489135742188],36.37968444824219
2014-01-22 11:50:00,33.4447,1.6578619506835963,0.5008888008063179,[2.748511791229248],35.102561950683594
2014-01-22 11:55:00,35.835,-1.9549569702148446,0.5007462822894104,[3.8218531608581543],33.880043029785156
2014-01-22 12:00:00,35.9529,-3.396793432617187,0.5006001825241027,[11.538205146789551],32.55610656738281
2014-01-22 12:05:00,30.7692,2.240641918945311,0.5006176586852538,[5.0204792022705078],33.00984191894531
2014-01-22 12:10:00,30.8992,3.1236500366210933,0.5007598033418315,[9.7571868896484375],34.022850036621094
2014-01-22 12:15:00,33.4427,-0.14035472412109584,0.5008423710336423,[0.019699288532137871],33.302345275878906
2014-01-22 12:20:00,33.4427,-1.8778482391357443,0.5008644425426865,[3.5263118743896484],31.564851760864258
2014-01-22 12:25:00,33.3333,-2.132793789672853,0.5007697261713764,[4.5488157272338867],31.20050621032715
2014-01-22 12:30:00,33.3333,-2.027832394409181,0.5006449392210992,[4.1121106147766113],31.30546760559082
2014-01-22 12:35:00,33.6633,-2.291651211547851,0.5005164819916779,[5.2516632080078125],31.37164878845215
2014-01-22 12:40:00,35.835,-4.119505844116212,0.5003775218534989,[16.970321655273438],31.71549415588379
2014-01-22 12:45:00,35.8336,-2.5515412841796845,0.500363285882425,[6.5103583335876465],33.28205871582031
2014-01-22 12:50:00,35.8336,-0.228863671874997,0.5004396659642545,[0.052378162741661072],35.604736328125
2014-01-22 12:55:00,30.7692,6.441966381835936,0.5005402281940283,[41.498939514160156],37.21116638183594
2014-01-22 13:00:00,33.554,4.118752380371092,0.5005636750792124,[16.964113235473633],37.672752380371094
2014-01-22 13:05:00,33.4447,2.10087800292969,0.5006175585597079,[4.4136953353881836],35.54557800292969
2014-01-22 13:10:00,33.4427,0.6384920166015604,0.5006783492693117,[0.40767279267311096],34.08119201660156
2014-01-22 13:15:00,33.3333,-0.139658337402345,0.5007266348878141,[0.019504882395267487],33.193641662597656
2014-01-22 13:20:00,33.4447,-1.1880166503906224,0.5007471620099444,[1.4113795757293701],32.256683349609375
2014-01-22 13:25:00,35.8336,-3.9230908905029267,0.500708151177144,[15.390634536743164],31.91050910949707
2014-01-22 13:30:00,35.8336,-3.8524236236572236,0.5007151410742543,[14.841160774230957],31.981176376342773
2014-01-22 13:35:00,33.4725,1.0236166381835972,0.5008017911224762,[1.0477913618087769],34.496116638183594
2014-01-22 13:40:00,33.3333,2.8487602416992175,0.5008762110271556,[8.1154260635375977],36.18206024169922
2014-01-22 13:45:00,33.4447,2.890054943847659,0.5007896404574588,[8.3524274826049805],36.334754943847656
2014-01-22 13:50:00,33.4427,1.680255322265623,0.5007302031788312,[2.8232598304748535],35.122955322265625
2014-01-22 13:55:00,33.446,0.7890921630859395,0.5006982221888199,[0.62266778945922852],34.23509216308594
2014-01-22 14:00:00,36.3114,-2.8624787963867178,0.5006134114132978,[8.1937923431396484],33.44892120361328
2014-01-22 14:05:00,35.7143,-3.0995920532226577,0.500541713020858,[9.6074600219726562],32.614707946777344
2014-01-22 14:10:00,30.8992,2.649887524414062,0.5006347792657495,[7.0219016075134277],33.54908752441406
2014-01-22 14:15:00,33.4725,1.6239431762695347,0.5007697313746873,[2.6371920108795166],35.09644317626953
2014-01-22 14:20:00,34.8987,-0.6562836181640606,0.5008477981994467,[0.4307091236114502],34.24241638183594
2014-01-22 14:25:00,33.3333,0.21413957519531124,0.5008281079948291,[0.045855097472667694],33.54743957519531
2014-01-22 14:30:00,37.2679,-3.6303343872070286,0.5006704992811535,[13.179317474365234],33.63756561279297
2014-01-22 14:35:00,35.8314,-2.3112049926757834,0.5005437619323487,[5.341677188873291],33.52019500732422
2014-01-22 14:40:00,35.7143,-1.0663431518554702,0.5004767112366868,[1.1370840072631836],34.64795684814453
2014-01-22 14:45:00,35.8314,0.08620253906249786,0.5004594064721608,[0.0074305632151663303],35.9176025390625
2014-01-22 14:50:00,30.7692,6.695002880859374,0.5006921972218138,[44.823070526123047],37.464202880859375
2014-01-22 14:55:00,33.4725,4.444011535644535,0.5008762359755496,[19.749238967895508],37.91651153564453
2014-01-22 15:00:00,33.556,1.6882169189453151,0.5008525689408142,[2.8500771522521973],35.24421691894531
2014-01-22 15:05:00,30.8992,2.1034779174804683,0.500864130549187,[4.4246172904968262],33.00267791748047
2014-01-22 15:10:00,33.3333,-2.0713542755126966,0.5008298093712444,[4.2905149459838867],31.261945724487305
2014-01-22 15:15:00,33.4447,-3.7903516265869115,0.5007321688956501,[14.366752624511719],29.654348373413086
2014-01-22 15:20:00,35.8336,-6.494234994506833,0.5006627582267031,[42.175075531005859],29.339365005493164
2014-01-22 15:25:00,35.7143,-5.335628353881837,0.5005891854515879,[28.468912124633789],30.378671646118164
2014-01-22 15:30:00,33.6092,-0.1879048339843763,0.5006107372621316,[0.035308048129081726],33.421295166015625
2014-01-22 15:35:00,41.3333,-5.706003552246095,0.5004690860338123,[32.558494567871094],35.627296447753906
2014-01-22 15:40:00,33.554,2.9254845581054667,0.5003759055557286,[8.5584545135498047],36.47948455810547
2014-01-22 15:45:00,33.3333,6.466603869628905,0.5004246584308907,[41.816944122314453],39.799903869628906
2014-01-22 15:50:00,33.3333,6.379758471679686,0.5005391628715915,[40.701297760009766],39.71305847167969
2014-01-22 15:55:00,35.9507,1.7023532836914086,0.5005289883372604,[2.8980104923248291],37.653053283691406
2014-01-22 16:00:00,35.9507,-1.075219348144529,0.5005535909866404,[1.1560941934585571],34.87548065185547
2014-01-22 16:05:00,30.7692,3.3165467651367173,0.5007282838335498,[10.999486923217773],34.08574676513672
2014-01-22 16:10:00,33.3333,1.2771431152343737,0.5009198132153911,[1.6310906410217285],34.610443115234375
2014-01-22 16:15:00,33.554,-1.8569727935791036,0.5010060201022581,[3.4483511447906494],31.6970272064209
2014-01-22 16:20:00,33.3333,-1.960144406127931,0.5009626874294559,[3.8421721458435059],31.37315559387207
2014-01-22 16:25:00,33.5553,-2.176746609497073,0.5010502973094254,[4.7382330894470215],31.37855339050293
2014-01-22 16:30:00,35.7143,-3.4327066772460952,0.5008937879006707,[11.783463478088379],32.281593322753906
2014-01-22 16:35:00,35.8314,-3.796449743652346,0.5006406005360746,[14.413044929504395],32.034950256347656
2014-01-22 16:40:00,31.0262,2.0735848510742194,0.5005337682844069,[4.2997570037841797],33.09978485107422
2014-01-22 16:45:00,33.3333,2.0752998535156237,0.500542652098064,[4.3068633079528809],35.408599853515625
2014-01-22 16:50:00,33.4447,1.20036530761719,0.5005987812646815,[1.4408808946609497],34.64506530761719
2014-01-22 16:55:00,33.3333,0.5219246093749987,0.5005294208018003,[0.27240368723869324],33.855224609375
2014-01-22 17:00:00,33.556,-0.5341188964843724,0.5004845053899045,[0.28528273105621338],33.021881103515625
2014-01-22 17:05:00,33.3333,-0.6266349609375013,0.5005150023745356,[0.3926733136177063],32.7066650390625
2014-01-22 17:10:00,35.9543,-3.523498608398441,0.5004765715347506,[12.415041923522949],32.43080139160156
2014-01-22 17:15:00,35.7143,-3.320821606445314,0.5004484853466524,[11.027844429016113],32.39347839355469
2014-01-22 17:20:00,36.0693,-1.4608176391601546,0.5004975417270912,[2.1339929103851318],34.608482360839844
2014-01-22 17:25:00,30.7692,5.668658581542967,0.500731968996117,[32.133697509765625],36.43785858154297
2014-01-22 17:30:00,33.4742,4.2408192260742155,0.5007853333360914,[17.984537124633789],37.71501922607422
2014-01-22 17:35:00,34.5633,1.0792476074218769,0.5007604621554744,[1.1647731065750122],35.642547607421875
2014-01-22 17:40:00,35.104,-1.003467468261718,0.5007057701188593,[1.0069471597671509],34.10053253173828
2014-01-22 17:45:00,31.0254,2.8169080444335926,0.5007625740177645,[7.9349699020385742],33.842308044433594
2014-01-22 17:50:00,35.7143,-2.066091381835939,0.500724707036218,[4.2687263488769531],33.64820861816406
2014-01-22 17:55:00,35.8336,-3.5042390380859345,0.5006534358867425,[12.279685020446777],32.32936096191406
2014-01-22 18:00:00,35.7143,-3.0465143554687515,0.5006657133631958,[9.2812395095825195],32.66778564453125
2014-01-22 18:05:00,35.9521,-0.7066547485351578,0.5007310410695957,[0.49935930967330933],35.245445251464844
2014-01-22 18:10:00,30.7692,5.826136914062499,0.5009122583048777,[33.943878173828125],36.5953369140625
2014-01-22 18:15:00,33.6108,3.734620837402346,0.5008635662006311,[13.947380065917969],37.345420837402344
2014-01-22 18:20:00,33.3333,1.360890979003905,0.5007914947343267,[1.8520200252532959],34.694190979003906
2014-01-22 18:25:00,33.3333,0.38540422363281124,0.5007741483462395,[0.14853522181510925],33.71870422363281
2014-01-22 18:30:00,33.5553,-1.1765997436523463,0.5007700163320692,[1.3843908309936523],32.378700256347656
2014-01-22 18:35:00,33.3333,-1.7040942962646497,0.5006571015066892,[2.9039425849914551],31.62920570373535
2014-01-22 18:40:00,35.8314,-4.63911064758301,0.5005932398597318,[21.521364212036133],31.192289352416992
2014-01-22 18:45:00,35.7143,-4.1607206695556656,0.5005772795041221,[17.311582565307617],31.553579330444336
2014-01-22 18:50:00,30.8954,3.2012186523437514,0.5007334554824154,[10.247806549072266],34.09661865234375
2014-01-22 18:55:00,33.4447,2.23344636230469,0.5008069430652862,[4.9882903099060059],35.67814636230469
2014-01-22 19:00:00,33.5573,1.1593061401367208,0.5006897255111553,[1.343989372253418],34.71660614013672
2014-01-22 19:05:00,33.3333,0.06891405029296749,0.5005976699711805,[0.004748933482915163],33.40221405029297
2014-01-22 19:10:00,33.4742,-0.46792100830078454,0.5005517401126173,[0.21895119547843933],33.00627899169922
2014-01-22 19:15:00,35.8336,-3.077588037109372,0.5004650222557581,[9.4715423583984375],32.756011962890625
2014-01-22 19:20:00,35.7143,-3.2597406738281265,0.5004129415121643,[10.625897407531738],32.454559326171875
2014-01-22 19:25:00,35.8314,-2.242250524902346,0.5003995518440965,[5.0276956558227539],33.589149475097656
2014-01-22 19:30:00,30.7692,5.151744213867186,0.5006452207967023,[26.540475845336914],35.92094421386719
2014-01-22 19:35:00,33.4725,3.736232604980472,0.5008436176675102,[13.95943546295166],37.20873260498047
2014-01-22 19:40:00,35.8336,-0.18620772705077826,0.5007583592643724,[0.034672979265451431],35.64739227294922
2014-01-22 19:45:00,33.4427,0.47878590087890416,0.5007140946004884,[0.22923648357391357],33.921485900878906
2014-01-22 19:50:00,33.3333,0.9108635131835925,0.5007077245199985,[0.8296695351600647],34.244163513183594
2014-01-22 19:55:00,33.4447,0.16497254638672132,0.500710140135117,[0.027216490358114243],33.60967254638672
2014-01-22 20:00:00,33.5573,-0.6083635375976542,0.5007066867293404,[0.37010687589645386],32.948936462402344
2014-01-22 20:05:00,35.8336,-3.3421067749023408,0.5007004482526565,[11.169672012329102],32.491493225097656
2014-01-22 20:10:00,35.7143,-2.2319620483398452,0.5007267259030606,[4.9816465377807617],33.482337951660156
2014-01-22 20:15:00,35.835,-1.1195153808593759,0.5007552875794008,[1.2533125877380371],34.715484619140625
2014-01-22 20:20:00,33.4742,2.2423222167968717,0.5006814135247581,[5.0280036926269531],35.716522216796875
2014-01-22 20:25:00,35.8336,0.639452978515628,0.500602931699998,[0.40890127420425415],36.473052978515625
2014-01-22 20:30:00,33.4447,2.7499334838867213,0.5006769001326795,[7.5621433258056641],36.19463348388672
2014-01-22 20:35:00,33.3333,3.0814796630859362,0.5007424492739332,[9.4955072402954102],36.41477966308594
2014-01-22 20:40:00,33.5553,1.8660638305664037,0.5007664538064223,[3.4821879863739014],35.421363830566406
2014-01-22 20:45:00,35.7143,-2.0966013305664077,0.5007093996884696,[4.3957300186157227],33.617698669433594
2014-01-22 20:50:00,35.7143,-3.1730478637695327,0.500644733217773,[10.068222045898438],32.54125213623047
2014-01-22 20:55:00,30.8954,2.0065241333007826,0.5007802661724734,[4.0261425971984863],32.90192413330078
2014-01-22 21:00:00,33.4742,0.9540073974609342,0.5008611307312436,[0.91012781858444214],34.42820739746094
2014-01-22 21:05:00,33.446,-0.4233178100585917,0.5008789719330677,[0.17919725179672241],33.022682189941406
2014-01-22 21:10:00,33.4427,-0.8804059936523458,0.5007997722637021,[0.77511370182037354],32.562294006347656
2014-01-22 21:15:00,33.4447,-1.1433083984374974,0.5007546199660591,[1.3071502447128296],32.3013916015625
2014-01-22 21:20:00,35.7143,-3.295736157226564,0.5006011807293469,[10.861865043640137],32.41856384277344
2014-01-22 21:25:00,35.9521,-3.7493946166992203,0.5004276452280079,[14.057950973510742],32.20270538330078
2014-01-22 21:30:00,35.7143,-2.4243448608398452,0.5003184999985191,[5.8774394989013672],33.289955139160156
2014-01-22 21:35:00,30.7692,5.016520825195311,0.5004990111644101,[25.165487289428711],35.78572082519531
2014-01-22 21:40:00,33.47,3.603730468750001,0.5006713059154848,[12.98686408996582],37.07373046875
2014-01-22 21:45:00,33.3333,2.2208076660156237,0.5006764786857678,[4.9319796562194824],35.554107666015625
2014-01-22 21:50:00,33.5573,0.19257030029297084,0.5006570089016149,[0.037083100527524948],33.74987030029297
2014-01-22 21:55:00,33.3333,-0.3757270629882825,0.5006582605768888,[0.14117199182510376],32.95757293701172
2014-01-22 22:00:00,35.9521,-3.7814838500976578,0.5005845896633884,[14.29961109161377],32.170616149902344
2014-01-22 22:05:00,35.7143,-3.732593380737306,0.500518810707811,[13.93224048614502],31.981706619262695
2014-01-22 22:10:00,35.9543,-2.6753311889648472,0.5005349466237567,[7.1573967933654785],33.278968811035156
2014-01-22 22:15:00,35.7143,0.30461326904296726,0.5006386032030117,[0.092790313065052032],36.01891326904297
2014-01-22 22:20:00,30.7692,6.754016247558592,0.5008727440996227,[45.616744995117188],37.523216247558594
2014-01-22 22:25:00,33.5553,4.647924182128904,0.5008627829817434,[21.603183746337891],38.203224182128906
2014-01-22 22:30:00,33.3333,2.1816688720703112,0.500826133890929,[4.7596721649169922],35.51496887207031
2014-01-22 22:35:00,33.5587,0.182930554199217,0.5007739162495819,[0.033463381230831146],33.74163055419922
2014-01-22 22:40:00,33.3333,-1.1185249145507825,0.5007404646783151,[1.2511014938354492],32.21477508544922
2014-01-22 22:45:00,33.3333,-1.8292468841552747,0.5007034148740674,[3.3461499214172363],31.504053115844727
2014-01-22 22:50:00,35.835,-4.550723037719727,0.5006842540390734,[20.709072113037109],31.284276962280273
2014-01-22 22:55:00,35.7143,-4.032955014038087,0.5006770566014598,[16.264711380004883],31.681344985961914
2014-01-22 23:00:00,35.9507,-1.7726299316406227,0.5007004930218036,[3.1422128677368164],34.178070068359375
2014-01-22 23:05:00,30.8992,5.04434248046875,0.5008217640833916,[25.44538688659668],35.94354248046875
2014-01-22 23:10:00,33.47,3.72622039794922,0.5007434191380904,[13.884709358215332],37.19622039794922
2014-01-22 23:15:00,33.3333,1.8173271362304675,0.5006703263528604,[3.3026723861694336],35.15062713623047
2014-01-22 23:20:00,33.5573,0.1768766357421896,0.500618649693827,[0.03128514438867569],33.73417663574219
2014-01-22 23:25:00,35.7143,-2.8169077270507827,0.5005416615964071,[7.9349594116210938],32.89739227294922
2014-01-22 23:30:00,33.446,-1.336167236328123,0.500536151942855,[1.7853405475616455],32.109832763671875
2014-01-22 23:35:00,35.8336,-2.9078034912109345,0.5005086272824038,[8.4553155899047852],32.92579650878906
2014-01-22 23:40:00,35.7143,-2.5151346557617202,0.5005614115998169,[6.3258934020996094],33.19916534423828
2014-01-22 23:45:00,30.8954,4.471795129394533,0.5007804109874643,[19.996959686279297],35.36719512939453
2014-01-22 23:50:00,33.3333,3.1939369384765612,0.5009083703650745,[10.201223373413086],36.52723693847656
2014-01-22 23:55:00,33.446,1.6170569458007833,0.5008196706821425,[2.6148760318756104],35.06305694580078
2014-01-23 00:00:00,33.554,-0.23542700195312705,0.5007173044232839,[0.055426277220249176],33.318572998046875
2014-01-23 00:05:00,33.446,-1.1858452758789042,0.5006397621765808,[1.4062269926071167],32.260154724121094
2014-01-23 00:10:00,33.4447,-1.2530724975585912,0.5006028820668622,[1.5701864957809448],32.191627502441406
2014-01-23 00:15:00,35.8314,-3.840599142456057,0.5005768219170037,[14.750215530395508],31.990800857543945
2014-01-23 00:20:00,35.8314,-3.5038700927734396,0.5005210442020629,[12.277118682861328],32.32752990722656
2014-01-23 00:25:00,30.8992,3.577652416992187,0.5006886543216119,[12.799593925476074],34.47685241699219
2014-01-23 00:30:00,33.3333,2.7992912475585925,0.5008261525059655,[7.8360228538513184],36.132591247558594
2014-01-23 00:35:00,33.5573,1.498913378906252,0.5007488702614447,[2.2467396259307861],35.05621337890625
2014-01-23 00:40:00,33.3333,0.2610832397460925,0.5006727130002331,[0.068163648247718811],33.594383239746094
2014-01-23 00:45:00,33.4447,-0.31648039550780993,0.5006225171481539,[0.10015878826379776],33.12821960449219
2014-01-23 00:50:00,35.835,-3.009812316894532,0.5005507641139171,[9.058964729309082],32.82518768310547
2014-01-23 00:55:00,35.7143,-3.2026956909179702,0.5004986641993432,[10.257248878479004],32.51160430908203
2014-01-23 01:00:00,35.9507,-2.365075305175779,0.5004699467660646,[5.5935759544372559],33.58562469482422
2014-01-23 01:05:00,33.4742,2.448201428222653,0.5006332248725727,[5.9936842918395996],35.922401428222656
2014-01-23 01:10:00,33.4427,3.922206311035154,0.5008260862143631,[15.383707046508789],37.364906311035156
2014-01-23 01:15:00,33.3333,3.7278495971679675,0.5008295809568719,[13.896851539611816],37.06114959716797
2014-01-23 01:20:00,33.5573,1.9075590087890646,0.5008061578691865,[3.6387791633605957],35.46485900878906
2014-01-23 01:25:00,33.3333,0.8307243530273425,0.5007886833212125,[0.69010037183761597],34.164024353027344
2014-01-23 01:30:00,35.9507,-3.170830920410154,0.5006995931486092,[10.054161071777344],32.779869079589844
2014-01-23 01:35:00,35.7143,-3.685109936523439,0.5006121327888813,[13.580021858215332],32.02919006347656
2014-01-23 01:40:00,31.0254,1.8391782470703113,0.500738512820778,[3.3825759887695312],32.86457824707031
2014-01-23 01:45:00,33.446,1.271437744140627,0.5008552946690688,[1.6165561676025391],34.717437744140625
2014-01-23 01:50:00,33.4447,0.5059759643554713,0.5009303779168464,[0.25601336359977722],33.95067596435547
2014-01-23 01:55:00,33.446,-0.1029747924804667,0.5008637790273196,[0.010603631846606731],33.34302520751953
2014-01-23 02:00:00,33.6092,-0.78265428466797,0.5007408389230088,[0.61254698038101196],32.82654571533203
2014-01-23 02:05:00,33.3333,-0.7515891845703138,0.5006236761470866,[0.564888596534729],32.58171081542969
2014-01-23 02:10:00,35.8336,-3.6052217041015595,0.5004796960340658,[12.997616767883301],32.22837829589844
2014-01-23 02:15:00,35.835,-3.6264352416992196,0.500363244056493,[13.151025772094727],32.20856475830078
2014-01-23 02:20:00,35.8336,-1.5327653442382783,0.5004062396022204,[2.3493669033050537],34.30083465576172
2014-01-23 02:25:00,33.47,2.681428222656251,0.500572782623297,[7.1900506019592285],36.15142822265625
2014-01-23 02:30:00,33.3333,4.079114550781249,0.5006309889699608,[16.639162063598633],37.41241455078125
2014-01-23 02:35:00,33.556,3.0247723999023464,0.5006766118144854,[9.1492490768432617],36.580772399902344
2014-01-23 02:40:00,33.3333,1.9558693115234362,0.5007144468706625,[3.8254187107086182],35.28916931152344
2014-01-23 02:45:00,35.7143,-1.5468195312500015,0.5006767105119581,[2.3926453590393066],34.16748046875
2014-01-23 02:50:00,35.835,-2.989762268066407,0.5006190502201064,[8.9386730194091797],32.845237731933594
2014-01-23 02:55:00,35.7143,-2.5015848510742202,0.5005732975386459,[6.2579178810119629],33.21271514892578
2014-01-23 03:00:00,31.0262,3.2743676269531257,0.5007539167193515,[10.721487998962402],34.300567626953125
2014-01-23 03:05:00,35.5933,0.21839891357421948,0.5008551844325828,[0.047698143869638443],35.81169891357422
2014-01-23 03:10:00,35.835,-1.068009338378907,0.5008676535283079,[1.1406420469284058],34.766990661621094
2014-01-23 03:15:00,33.4427,1.3060258911132792,0.500831313636063,[1.7057051658630371],34.74872589111328
2014-01-23 03:20:00,35.2207,0.11227729492187422,0.5007267441779032,[0.012606346048414707],35.332977294921875
2014-01-23 03:25:00,33.4447,0.9921743896484401,0.5006729996534081,[0.98441332578659058],34.43687438964844
2014-01-23 03:30:00,35.835,-1.5942315673828134,0.5005794749885413,[2.5415713787078857],34.24076843261719
2014-01-23 03:35:00,35.7143,-2.0626581542968765,0.5005660664121702,[4.2545514106750488],33.651641845703125
2014-01-23 03:40:00,30.7692,4.318744030761717,0.5007585838822237,[18.651556015014648],35.08794403076172
2014-01-23 03:45:00,33.4742,2.0171864135742155,0.5008778300132115,[4.0690360069274902],35.49138641357422
2014-01-23 03:50:00,30.8954,2.62827401123047,0.5008604901828212,[6.9078288078308105],33.52367401123047
2014-01-23 03:55:00,33.446,-1.329239746093748,0.5008197917231476,[1.7668759822845459],32.11676025390625
2014-01-23 04:00:00,35.54,-5.039292373657226,0.5007153581280811,[25.394475936889648],30.500707626342773
2014-01-23 04:05:00,33.446,-2.878485580444334,0.5006048968243519,[8.2856740951538086],30.567514419555664
2014-01-23 04:10:00,35.9507,-4.227053836059568,0.5004903977479143,[17.867975234985352],31.72364616394043
2014-01-23 04:15:00,35.7143,-2.9916361206054702,0.5003850552089142,[8.9498758316040039],32.72266387939453
2014-01-23 04:20:00,30.8992,4.292900524902343,0.5005405303361521,[18.428991317749023],35.192100524902344
2014-01-23 04:25:00,33.4427,3.3416551635742167,0.5006834630431511,[11.16666316986084],36.78435516357422
2014-01-23 04:30:00,33.554,2.436882873535154,0.5006331744882053,[5.9383940696716309],35.990882873535156
2014-01-23 04:35:00,33.446,0.776930908203127,0.5006001000714508,[0.60362297296524048],34.222930908203125
2014-01-23 04:40:00,33.3333,-0.19962537841797,0.5005249218998503,[0.039850909262895584],33.13367462158203
2014-01-23 04:45:00,35.835,-3.2137460327148446,0.5004751473191837,[10.328157424926758],32.621253967285156
2014-01-23 04:50:00,35.8336,-3.4957856689453095,0.5005165638370246,[12.220511436462402],32.33781433105469
2014-01-23 04:55:00,35.835,-2.124253234863282,0.5005368344584319,[4.5124478340148926],33.71074676513672
2014-01-23 05:00:00,33.47,2.6107647705078136,0.5007185206974039,[6.8160862922668457],36.08076477050781
2014-01-23 05:05:00,33.446,4.015822509765627,0.5009047138132137,[16.126836776733398],37.461822509765625
2014-01-23 05:10:00,34.6667,2.4475349243164075,0.5008553098974471,[5.9904346466064453],37.114234924316406
2014-01-23 05:15:00,33.4447,2.102800610351565,0.5008220793602944,[4.4217772483825684],35.54750061035156
2014-01-23 05:20:00,34.786,0.11500860595702989,0.5007601805452377,[0.013227140530943871],34.90100860595703
2014-01-23 05:25:00,35.7143,-2.0671060913085952,0.5006845660148841,[4.2729201316833496],33.647193908691406
2014-01-23 05:30:00,35.835,-2.5101937866210946,0.5006231828283951,[6.3010683059692383],33.324806213378906
2014-01-23 05:35:00,30.8954,3.081086206054689,0.5007909495477514,[9.493098258972168],33.97648620605469
2014-01-23 05:40:00,33.4725,1.8935354614257847,0.5009348249391682,[3.5854771137237549],35.36603546142578
2014-01-23 05:45:00,33.4427,0.7127336547851542,0.5010107294292467,[0.50799006223678589],34.155433654785156
2014-01-23 05:50:00,33.3333,-0.42185438232422,0.5009297946007996,[0.17796242237091064],32.91144561767578
2014-01-23 05:55:00,33.4447,-1.1051232788085912,0.5007929637032726,[1.2212938070297241],32.339576721191406
2014-01-23 06:00:00,35.9507,-4.211798861694334,0.5006151968557228,[17.739240646362305],31.738901138305664
2014-01-23 06:05:00,35.8336,-4.101950601196286,0.500449425910366,[16.825990676879883],31.73164939880371
2014-01-23 06:10:00,35.7143,-2.7489984863281265,0.5003728857385961,[7.5569829940795898],32.965301513671875
2014-01-23 06:15:00,30.8977,4.720456433105468,0.50055418057527,[22.28271484375],35.61815643310547
2014-01-23 06:20:00,33.4725,3.4074743652343784,0.5007124739099074,[11.610882759094238],36.879974365234375
2014-01-23 06:25:00,33.4447,1.9869406250000026,0.5006828540264914,[3.9479396343231201],35.431640625
2014-01-23 06:30:00,33.4447,0.21882844238281507,0.5006378427999949,[0.047886617481708527],33.66352844238281
2014-01-23 06:35:00,33.3333,-0.41636121826172,0.5006075333512877,[0.17335794866085052],32.91693878173828
2014-01-23 06:40:00,33.5573,-1.5267900512695292,0.5005779881359129,[2.3310894966125488],32.03050994873047
2014-01-23 06:45:00,35.7143,-3.96094878845215,0.5005016309334012,[15.689101219177246],31.75335121154785
2014-01-23 06:50:00,35.7143,-3.7739408843994156,0.5005138149246964,[14.242616653442383],31.940359115600586
2014-01-23 06:55:00,35.8336,-1.3955964599609345,0.5005867821716653,[1.9476869106292725],34.43800354003906
2014-01-23 07:00:00,30.8977,5.314671826171875,0.5008032514040253,[28.245742797851562],36.212371826171875
2014-01-23 07:05:00,33.4427,3.9402574584960917,0.5007817659931859,[15.525632858276367],37.382957458496094
2014-01-23 07:10:00,33.4447,1.9218771484375026,0.5007415074268604,[3.6936182975769043],35.3665771484375
2014-01-23 07:15:00,33.446,0.49223242187500205,0.5007011519054702,[0.2422935962677002],33.938232421875
2014-01-23 07:20:00,33.3333,-0.20591199951172,0.5006897249033968,[0.042400386184453964],33.12738800048828
2014-01-23 07:25:00,35.9507,-3.704308703613279,0.5006014300171993,[13.721894264221191],32.24639129638672
2014-01-23 07:30:00,35.7143,-3.7065561645507827,0.5005429866724338,[13.738545417785645],32.00774383544922
2014-01-23 07:35:00,35.7143,-2.491262280273439,0.5005829625558884,[6.2063789367675781],33.22303771972656
2014-01-23 07:40:00,33.4742,2.404530773925778,0.5007496620008371,[5.7817625999450684],35.87873077392578
2014-01-23 07:45:00,33.3333,3.8260551635742175,0.5008904465413438,[14.638686180114746],37.15935516357422
2014-01-23 07:50:00,33.5573,3.2911649658203146,0.5008353487203878,[10.83176326751709],36.84846496582031
2014-01-23 07:55:00,33.3333,1.8825355712890612,0.5007794585890545,[3.5439343452453613],35.21583557128906
2014-01-23 08:00:00,33.554,0.5320443115234355,0.5007417853579927,[0.28307023644447327],34.08604431152344
2014-01-23 08:05:00,35.7143,-3.0558145874023452,0.500646047527903,[9.3379917144775391],32.658485412597656
2014-01-23 08:10:00,36.1864,-4.16260391845703,0.5005392798100488,[17.327281951904297],32.02379608154297
2014-01-23 08:15:00,32.0477,0.8180760620117198,0.5006617901008482,[0.66925013065338135],32.86577606201172
2014-01-23 08:20:00,33.4725,1.461292114257816,0.5008018504293728,[2.1353750228881836],34.93379211425781
2014-01-23 08:25:00,35.8314,-1.1042881835937521,0.5008397118704383,[1.2194564342498779],34.72711181640625
2014-01-23 08:30:00,33.3333,0.8593727294921862,0.5007976973091253,[0.73851883411407471],34.19267272949219
2014-01-23 08:35:00,33.4447,1.1964209106445338,0.5007261238505043,[1.431427001953125],34.64112091064453
2014-01-23 08:40:00,33.4427,0.8192323730468729,0.5006588206542913,[0.67114263772964478],34.261932373046875
2014-01-23 08:45:00,35.7143,-2.426351391601564,0.5005418999374771,[5.8871726989746094],33.28794860839844
2014-01-23 08:50:00,35.9543,-3.364715649414066,0.5004362061915442,[11.321310997009277],32.58958435058594
2014-01-23 08:55:00,35.7143,-1.7223871582031265,0.5004726228970515,[2.966611385345459],33.991912841796875
2014-01-23 09:00:00,35.9543,-0.30220802001953473,0.5005777341771604,[0.09132964164018631],35.65209197998047
2014-01-23 09:05:00,35.0,1.510498046875,0.500596361036801,[2.2816042900085449],36.510498046875
2014-01-23 09:10:00,37.8727,-0.6720164062500018,0.5005382336528529,[0.45160570740699768],37.20068359375
2014-01-23 09:15:00,38.1107,-0.8117040283203139,0.5005462529650957,[0.65886133909225464],37.29899597167969
2014-01-23 09:20:00,35.2353,3.2767162963867165,0.5006117423768047,[10.736882209777832],38.51201629638672
2014-01-23 09:25:00,33.4447,5.735414746093753,0.5007349042539235,[32.895000457763672],39.18011474609375
2014-01-23 09:30:00,35.8336,2.392046972656253,0.5007775855161045,[5.7218928337097168],38.22564697265625
2014-01-23 09:35:00,40.5943,-4.593292919921872,0.5007189947443849,[21.098333358764648],36.001007080078125
2014-01-23 09:40:00,41.8871,-6.760635156249997,0.5006270178691075,[45.706192016601562],35.12646484375
2014-01-23 09:45:00,34.1054,3.3521042724609345,0.5007653809134083,[11.236602783203125],37.45750427246094
2014-01-23 09:50:00,33.3333,6.934583300781249,0.5009625759846518,[48.088424682617188],40.26788330078125
2014-01-23 09:55:00,33.4447,5.728464367675784,0.5010774475364603,[32.815322875976562],39.17316436767578
2014-01-23 10:00:00,35.8336,0.545733496093753,0.5011109220067255,[0.29782605171203613],36.37933349609375
2014-01-23 10:05:00,33.552,0.5295048217773441,0.5011478134931159,[0.28037732839584351],34.081504821777344
2014-01-23 10:10:00,35.7143,-2.9650858276367202,0.5009772622478517,[8.7917232513427734],32.74921417236328
2014-01-23 10:15:00,35.835,-5.243395767211915,0.5006768891455013,[27.493188858032227],30.591604232788086
2014-01-23 10:20:00,35.835,-5.985175094604493,0.5004477331387442,[35.822311401367188],29.849824905395508
2014-01-23 10:25:00,30.7692,1.3434022338867173,0.5006104646856939,[1.8047312498092651],32.11260223388672
2014-01-23 10:30:00,33.446,0.9282218017578145,0.5008215366564093,[0.86159729957580566],34.37422180175781
2014-01-23 10:35:00,33.3333,0.5236335937499987,0.5007437942137386,[0.2741905152797699],33.85693359375
2014-01-23 10:40:00,30.8977,1.2206242797851559,0.500586545410196,[1.4899251461029053],32.118324279785156
2014-01-23 10:45:00,33.446,-1.8383091888427714,0.5003785752161947,[3.3793776035308838],31.607690811157227
2014-01-23 10:50:00,35.7143,-5.730003201293947,0.5002064439280427,[32.832916259765625],29.984296798706055
2014-01-23 10:55:00,35.9529,-5.742235250854492,0.500034263753461,[32.9732666015625],30.210664749145508
2014-01-23 11:00:00,31.0238,1.0131796752929674,0.5001434260899448,[1.0265332460403442],32.03697967529297
2014-01-23 11:05:00,33.3333,2.0215736572265612,0.5003431451697646,[4.0867538452148438],35.35487365722656
2014-01-23 11:10:00,33.4447,1.7824347045898463,0.5005569396406592,[3.177079439163208],35.227134704589844
2014-01-23 11:15:00,33.446,1.458022216796877,0.5005598534141933,[2.1258313655853271],34.904022216796875
2014-01-23 11:20:00,33.3333,1.4482704345703112,0.5005739609835542,[2.0974826812744141],34.78157043457031
2014-01-23 11:25:00,33.47,0.9581387329101574,0.5005857835716195,[0.91802752017974854],34.428138732910156
2014-01-23 11:30:00,35.7143,-1.867391430664064,0.5005006734155977,[3.4871442317962646],33.84690856933594
2014-01-23 11:35:00,30.7692,2.617228833007811,0.5006233894771428,[6.8498902320861816],33.38642883300781
2014-01-23 11:40:00,33.6092,1.5978770263671862,0.5008257732401037,[2.5532124042510986],35.20707702636719
2014-01-23 11:45:00,33.3333,1.1943412963867175,0.5010175716962875,[1.4264473915100098],34.52764129638672
2014-01-23 11:50:00,33.554,0.586167236328123,0.5010058326130332,[0.34359103441238403],34.140167236328125
2014-01-23 11:55:00,33.3333,0.3154045288085925,0.5009586996994355,[0.099479041993618011],33.648704528808594
2014-01-23 12:00:00,33.554,0.037491699218747954,0.5009104851844244,[0.0014055634383112192],33.59149169921875
2014-01-23 12:05:00,35.7143,-2.0975626342773452,0.5008123215343343,[4.3997616767883301],33.616737365722656
2014-01-23 12:10:00,35.8314,-2.494699560546877,0.500703376256461,[6.2235350608825684],33.336700439453125
2014-01-23 12:15:00,33.3333,1.803578967285155,0.500726603383777,[3.2528915405273438],35.136878967285156
2014-01-23 12:20:00,33.3333,2.962697619628905,0.5008602848358086,[8.7775678634643555],36.295997619628906
2014-01-23 12:25:00,35.9507,0.2752597778320336,0.5007953053416091,[0.075768575072288513],36.22595977783203
2014-01-23 12:30:00,33.3333,1.626699084472655,0.5007959460596147,[2.6461448669433594],34.959999084472656
2014-01-23 12:35:00,33.446,1.7335196533203145,0.5008107568325926,[3.0050933361053467],35.17951965332031
2014-01-23 12:40:00,33.4447,1.0761740234375026,0.5008243001763613,[1.1581541299819946],34.5208740234375
2014-01-23 12:45:00,35.8314,-2.6204167236328146,0.5007430404614126,[6.8665933609008789],33.21098327636719
2014-01-23 12:50:00,35.7143,-3.372365795898439,0.500648609564772,[11.372838973999023],32.34193420410156
2014-01-23 12:55:00,30.7692,2.5707276733398423,0.5007782342461071,[6.6086440086364746],33.339927673339844
2014-01-23 13:00:00,33.6092,1.10864210205078,0.5008785049068668,[1.229088306427002],34.71784210205078
2014-01-23 13:05:00,33.4427,-0.36192760009765834,0.5008182947870614,[0.13099117577075958],33.080772399902344
2014-01-23 13:10:00,33.4447,-1.1419122192382787,0.5007040667338143,[1.3039597272872925],32.30278778076172
2014-01-23 13:15:00,33.3333,-1.2859748657226575,0.5006606952751451,[1.6537352800369263],32.047325134277344
2014-01-23 13:20:00,35.8314,-3.630991064453127,0.5005144309561501,[13.184109687805176],32.200408935546875
2014-01-23 13:25:00,35.8336,-3.897475198364255,0.5003576431360943,[15.190305709838867],31.936124801635742
2014-01-23 13:30:00,35.9543,-2.8590470092773472,0.5002479434138786,[8.1741495132446289],33.095252990722656
2014-01-23 13:35:00,33.3333,2.2766090576171862,0.500384295375589,[5.1829419136047363],35.60990905761719
2014-01-23 13:40:00,33.446,3.6579199829101583,0.5005802313203083,[13.38038444519043],37.103919982910156
2014-01-23 13:45:00,33.3333,3.5267311279296862,0.5006064639312908,[12.437821388244629],36.86003112792969
2014-01-23 13:50:00,33.4447,1.880388500976565,0.5006277800345257,[3.5358672142028809],35.32508850097656
2014-01-23 13:55:00,35.835,-1.6368417358398446,0.5005922752477376,[2.6792478561401367],34.198158264160156
2014-01-23 14:00:00,35.8336,-2.8855332885742158,0.5005437708061273,[8.3262968063354492],32.94806671142578
2014-01-23 14:05:00,35.835,-2.414811096191407,0.5005123878948442,[5.8313083648681641],33.420188903808594
2014-01-23 14:10:00,30.8977,3.643781018066406,0.500715774705669,[13.277144432067871],34.541481018066406
2014-01-23 14:15:00,33.4725,2.6561926269531284,0.5008992499499814,[7.0553603172302246],36.128692626953125
2014-01-23 14:20:00,33.3333,1.59206163330078,0.501024035305708,[2.5346553325653076],34.92536163330078
2014-01-23 14:25:00,33.5573,0.27106151123047084,0.5009678568488022,[0.073474034667015076],33.82836151123047
2014-01-23 14:30:00,33.3333,-0.3603767211914075,0.500855181635146,[0.12987250089645386],32.972923278808594
2014-01-23 14:35:00,33.4447,-1.3545815917968724,0.5007182832357375,[1.8348867893218994],32.090118408203125
2014-01-23 14:40:00,35.835,-4.063307723999024,0.5005517435100844,[16.510461807250977],31.771692276000977
2014-01-23 14:45:00,35.7143,-3.873210751342775,0.5004892890432042,[15.001748085021973],31.841089248657227
2014-01-23 14:50:00,35.9529,-1.6154747680664059,0.5005251442158773,[2.6097586154937744],34.337425231933594
2014-01-23 14:55:00,30.7692,5.359614697265624,0.5007432115891628,[28.72547721862793],36.128814697265625
2014-01-23 15:00:00,33.554,3.799645324707029,0.5007471314165617,[14.437297821044922],37.35364532470703
2014-01-23 15:05:00,33.3333,1.9249855224609362,0.5007263092037595,[3.7055633068084717],35.25828552246094
2014-01-23 15:10:00,33.552,0.2793140869140629,0.5006892913098226,[0.078017398715019226],33.83131408691406
2014-01-23 15:15:00,33.3333,-0.33479536132812626,0.5006722533810599,[0.11208897083997726],32.998504638671875
2014-01-23 15:20:00,35.8314,-3.712442480468752,0.5005781585114073,[13.782242774963379],32.11895751953125
2014-01-23 15:25:00,35.8336,-3.9283818756103486,0.5005059717671929,[15.43217658996582],31.90521812438965
2014-01-23 15:30:00,35.7143,-2.6778086059570327,0.5005453609636816,[7.170649528503418],33.03649139404297
2014-01-23 15:35:00,30.8954,4.893204736328126,0.5007923148248483,[23.943462371826172],35.788604736328125
2014-01-23 15:40:00,33.3333,3.6493202392578112,0.5009406854207219,[13.317526817321777],36.98262023925781
2014-01-23 15:45:00,33.556,1.9715421142578151,0.5008447450326511,[3.886979341506958],35.52754211425781
2014-01-23 15:50:00,33.3333,0.2802787963867175,0.5007452250805917,[0.078555338084697723],33.61357879638672
2014-01-23 15:55:00,33.446,-0.5265130004882792,0.5006759416246698,[0.27721503376960754],32.91948699951172
2014-01-23 16:00:00,33.4447,-1.4547498199462865,0.5006270287802976,[2.1162922382354736],31.98995018005371
2014-01-23 16:05:00,35.9543,-4.225172116088871,0.5005173456123884,[17.852079391479492],31.729127883911133
2014-01-23 16:10:00,35.7143,-3.864288174438478,0.500513465737635,[14.932709693908691],31.850011825561523
2014-01-23 16:15:00,30.8992,3.4924625976562496,0.5007233336208545,[12.197292327880859],34.39166259765625
2014-01-23 16:20:00,33.4725,2.5575598144531284,0.5008715199881495,[6.5411128997802734],36.030059814453125
2014-01-23 16:25:00,33.3333,1.5903907958984362,0.5007776713826042,[2.5293378829956055],34.92369079589844
2014-01-23 16:30:00,33.5553,0.03484892578124743,0.500675092981385,[0.0012143314816057682],33.59014892578125
2014-01-23 16:35:00,33.3333,-0.27127302246093876,0.5006114213335933,[0.073589891195297241],33.06202697753906
2014-01-23 16:40:00,33.554,-0.7258368530273458,0.5005828933991818,[0.52684038877487183],32.828163146972656
2014-01-23 16:45:00,35.7143,-3.3343561523437515,0.5005034541201641,[11.117918968200684],32.37994384765625
2014-01-23 16:50:00,35.9529,-3.550594396972656,0.5004442210599847,[12.606719970703125],32.402305603027344
2014-01-23 16:55:00,30.7692,3.739810314941405,0.5006702677004045,[13.986186027526855],34.509010314941406
2014-01-23 17:00:00,33.6117,2.570642529296876,0.500853111740093,[6.6082124710083008],36.182342529296875
2014-01-23 17:05:00,33.3333,1.7621132080078112,0.5008036784848313,[3.1050374507904053],35.09541320800781
2014-01-23 17:10:00,33.5573,0.1700406982421896,0.5007356842136088,[0.028913646936416626],33.72734069824219
2014-01-23 17:15:00,33.3333,-0.09195173339843876,0.5006877642107601,[0.0084554050117731094],33.24134826660156
2014-01-23 17:20:00,33.446,-0.5346764526367167,0.5006715942276438,[0.28587800264358521],32.91132354736328
2014-01-23 17:25:00,35.8336,-3.342602685546872,0.500584391912791,[11.17298698425293],32.490997314453125
2014-01-23 17:30:00,35.8336,-3.4879121337890595,0.5005059566094763,[12.165524482727051],32.34568786621094
2014-01-23 17:35:00,30.7692,3.7262223632812486,0.5007070191008363,[13.884737968444824],34.49542236328125
2014-01-23 17:40:00,33.3333,2.7223488037109362,0.5008858887417489,[7.4111747741699219],36.05564880371094
2014-01-23 17:45:00,33.446,1.515334228515627,0.5008222023789832,[2.2962403297424316],34.961334228515625
2014-01-23 17:50:00,33.4447,0.01562714843750257,0.5007492029996311,[0.00024425983428955078],33.4603271484375
2014-01-23 17:55:00,33.4447,-0.4268395874023412,0.5006866676798136,[0.18219061195850372],33.017860412597656
2014-01-23 18:00:00,35.8314,-3.106424414062502,0.500593296514338,[9.6498842239379883],32.7249755859375
2014-01-23 18:05:00,35.835,-3.3845529174804696,0.5004994146796002,[11.455192565917969],32.45044708251953
2014-01-23 18:10:00,35.8336,-2.3261689697265595,0.5004483132711585,[5.4110579490661621],33.50743103027344
2014-01-23 18:15:00,30.8992,5.012131176757812,0.5006869918684577,[25.121454238891602],35.91133117675781
2014-01-23 18:20:00,33.3333,3.85762559814453,0.5008970954278578,[14.881263732910156],37.19092559814453
2014-01-23 18:25:00,33.4447,2.21653962402344,0.5008535983386968,[4.913055419921875],35.66123962402344
2014-01-23 18:30:00,33.4447,0.26585603027344007,0.5007831474521935,[0.070680312812328339],33.71055603027344
2014-01-23 18:35:00,33.4427,-0.5738035156250021,0.5007232891595949,[0.32924982905387878],32.868896484375
2014-01-23 18:40:00,33.446,-1.495020767211912,0.500680111939852,[2.2350845336914062],31.950979232788086
2014-01-23 18:45:00,35.7143,-4.039710842895509,0.5005768150391576,[16.319250106811523],31.674589157104492
2014-01-23 18:50:00,35.8336,-4.072318032836911,0.5005495251284567,[16.583766937255859],31.761281967163086
2014-01-23 18:55:00,35.8336,-1.6400422607421845,0.5005998516142649,[2.6897356510162354],34.19355773925781
2014-01-23 19:00:00,33.6117,2.4357395751953135,0.5007365150999408,[5.9328360557556152],36.04743957519531
2014-01-23 19:05:00,33.3333,3.9785820190429675,0.5007062667695947,[15.829102516174316],37.31188201904297
2014-01-23 19:10:00,33.446,3.096510986328127,0.5006839542158077,[9.5883855819702148],36.542510986328125
2014-01-23 19:15:00,33.446,1.8450003662109395,0.5006730104283903,[3.4040296077728271],35.29100036621094
2014-01-23 19:20:00,33.446,0.6393424072265645,0.5006836890742397,[0.40875980257987976],34.08534240722656
2014-01-23 19:25:00,35.8314,-3.1035710205078146,0.5006111395227304,[9.6321640014648438],32.72782897949219
2014-01-23 19:30:00,35.7143,-3.6961038940429702,0.5005480834495766,[13.661170959472656],32.01819610595703
2014-01-23 19:35:00,35.9521,-3.085385522460939,0.5005759664551694,[9.519597053527832],32.86671447753906
2014-01-23 19:40:00,30.7692,4.07339796142578,0.5008105982608222,[16.59257698059082],34.84259796142578
2014-01-23 19:45:00,33.4447,2.880205395507815,0.500940859381036,[8.2955923080444336],36.32490539550781
2014-01-23 19:50:00,33.5573,1.4106031372070333,0.5009111630596277,[1.9897996187210083],34.96790313720703
2014-01-23 19:55:00,33.3333,0.1816154663085925,0.500801457755942,[0.03298361599445343],33.514915466308594
2014-01-23 20:00:00,33.5573,-0.7401231811523417,0.5006906271566335,[0.54778313636779785],32.817176818847656
2014-01-23 20:05:00,33.3333,-1.4148677642822278,0.5005964762573547,[2.0018551349639893],31.918432235717773
2014-01-23 20:10:00,44.4864,-12.74887596740723,0.5002104560489884,[162.53385925292969],31.737524032592773
2014-01-23 20:15:00,35.835,-3.7048348999023446,0.5001933087539931,[13.725794792175293],32.130165100097656
2014-01-23 20:20:00,30.8977,7.753697705078125,0.5005238556372702,[60.119838714599609],38.651397705078125
2014-01-23 20:25:00,33.3333,7.8790031616210925,0.5008405873264281,[62.078666687011719],41.212303161621094
2014-01-23 20:30:00,33.446,5.4186087646484395,0.5008789563823068,[29.361330032348633],38.86460876464844
2014-01-23 20:35:00,33.4447,2.427011730957034,0.5008655781848723,[5.8903942108154297],35.87171173095703
2014-01-23 20:40:00,33.446,-0.6489190063476542,0.5008059653386543,[0.42109477519989014],32.797080993652344
2014-01-23 20:45:00,35.7143,-3.4141901367187515,0.5007020446615317,[11.656682014465332],32.30010986328125
2014-01-23 20:50:00,35.8336,-6.688322976684567,0.50053010973215,[44.733650207519531],29.14527702331543
2014-01-23 20:55:00,35.8336,-4.555659249877927,0.5004393452339055,[20.754022598266602],31.27794075012207
2014-01-23 21:00:00,33.6092,0.1300883300781237,0.5008136996501549,[0.016923097893595695],33.739288330078125
2014-01-23 21:05:00,33.4427,3.462214855957029,0.5010217886768883,[11.986935615539551],36.90491485595703
2014-01-23 21:10:00,33.3333,3.4546028320312487,0.5008963728543073,[11.934269905090332],36.78790283203125
2014-01-23 21:15:00,33.4427,1.884997753906248,0.5007217083366258,[3.5532186031341553],35.32769775390625
2014-01-23 21:20:00,33.4447,0.7082006958007838,0.5005844321835176,[0.50155061483383179],34.15290069580078
2014-01-23 21:25:00,33.446,-0.6043099365234355,0.5004961343195471,[0.36518946290016174],32.84169006347656
2014-01-23 21:30:00,35.7143,-3.6253412597656265,0.5004097480670393,[13.143086433410645],32.088958740234375
2014-01-23 21:35:00,35.8336,-3.959853128051755,0.5003942235939967,[15.680429458618164],31.873746871948242
2014-01-23 21:40:00,35.8336,-2.203289941406247,0.5005252490110015,[4.8544826507568359],33.63031005859375
2014-01-23 21:45:00,33.3333,2.292287463378905,0.5007247835441795,[5.2545747756958008],35.625587463378906
2014-01-23 21:50:00,33.4427,3.627765087890623,0.5008264741939068,[13.160683631896973],37.070465087890625
2014-01-23 21:55:00,33.3333,3.2408424560546862,0.5008196459108827,[10.503049850463867],36.57414245605469
2014-01-23 22:00:00,33.554,1.807846923828123,0.5007713372490823,[3.2683074474334717],35.361846923828125
2014-01-23 22:05:00,35.7143,-1.559804760742189,0.5006708452788966,[2.4329855442047119],34.15449523925781
2014-01-23 22:10:00,33.446,-0.4839104614257792,0.500636028094763,[0.23416851460933685],32.96208953857422
2014-01-23 22:15:00,33.3333,-0.08138502197265751,0.5006513235139332,[0.0066237733699381351],33.251914978027344
2014-01-23 22:20:00,35.9543,-2.8261185424804722,0.5006750768153827,[7.986945629119873],33.12818145751953
2014-01-23 22:25:00,35.7143,-2.281942211914064,0.5007245205853734,[5.207252025604248],33.43235778808594
2014-01-23 22:30:00,35.7143,-0.9639871948242202,0.500760983430304,[0.92926794290542603],34.75031280517578
2014-01-23 22:35:00,33.615,2.4912164306640605,0.5007665251954685,[6.206151008605957],36.10621643066406
2014-01-23 22:40:00,33.3333,3.3928276245117175,0.5007592276071833,[11.511268615722656],36.72612762451172
2014-01-23 22:45:00,33.554,2.1553429565429667,0.500727127323414,[4.6454997062683105],35.70934295654297
2014-01-23 22:50:00,33.3333,1.2373176757812487,0.5007102373131072,[1.5309512615203857],34.57061767578125
2014-01-23 22:55:00,33.4427,0.1583131835937479,0.5007606902902293,[0.025063244625926018],33.60101318359375
2014-01-23 23:00:00,33.5573,-1.0469774291992167,0.500744316227949,[1.0961629152297974],32.51032257080078
2014-01-23 23:05:00,33.446,-1.6952656707763651,0.5006971221444103,[2.8739228248596191],31.750734329223633
2014-01-23 23:10:00,35.8314,-4.333999716186526,0.5006533426268631,[18.7835693359375],31.497400283813477
2014-01-23 23:15:00,35.835,-3.608071289062501,0.500614778826774,[13.018172264099121],32.2269287109375
2014-01-23 23:20:00,35.8336,-1.8551530395507783,0.5005887583657369,[3.44158935546875],33.97844696044922
2014-01-23 23:25:00,30.7692,5.041606274414061,0.5006631593238897,[25.417800903320312],35.81080627441406
2014-01-23 23:30:00,33.4725,3.345599975585941,0.5006613235044877,[11.193039894104004],36.81809997558594
2014-01-23 23:35:00,33.4725,1.6308554077148472,0.5006456449959834,[2.6596899032592773],35.103355407714844
2014-01-23 23:40:00,33.4447,0.20342469482422132,0.5006151191102721,[0.041382282972335815],33.64812469482422
2014-01-23 23:45:00,33.4447,-0.4990289184570287,0.5005957649921107,[0.24902820587158203],32.94567108154297
2014-01-23 23:50:00,33.3333,-1.2311652954101575,0.5005904515281847,[1.515771746635437],32.102134704589844
2014-01-23 23:55:00,33.446,-1.5686024627685526,0.5005943541738378,[2.4605109691619873],31.877397537231445
2014-01-24 00:00:00,33.5553,-1.7119257476806666,0.5006719830532589,[2.9306955337524414],31.843374252319336
2014-01-24 00:05:00,35.8336,-2.6845292602539033,0.5006996148947889,[7.2066926956176758],33.149070739746094
2014-01-24 00:10:00,35.7143,-2.0052164428710952,0.5006954454412846,[4.0208859443664551],33.709083557128906
2014-01-24 00:15:00,35.8336,-0.6553697143554658,0.500527050097563,[0.4295082688331604],35.17823028564453
2014-01-24 00:20:00,30.8977,5.361157727050781,0.5005859176969225,[28.742019653320312],36.25885772705078
2014-01-24 00:25:00,33.4725,3.6959646606445347,0.5006465206648524,[13.66015625],37.16846466064453
2014-01-24 00:30:00,33.4447,2.0494940307617213,0.5007009049065306,[4.2004327774047852],35.49419403076172
2014-01-24 00:35:00,33.4427,0.5494951293945292,0.5007319044536747,[0.30194550752639771],33.99219512939453
2014-01-24 00:40:00,33.3333,-0.16556776123047,0.5007635297394302,[0.027413194999098778],33.16773223876953
2014-01-24 00:45:00,33.5587,-1.3511652099609393,0.5007701874170662,[1.8256489038467407],32.20753479003906
2014-01-24 00:50:00,33.3333,-1.4741061981201184,0.5007774711720232,[2.1729936599731445],31.859193801879883
2014-01-24 00:55:00,33.3333,-1.4942706878662122,0.5008130285201805,[2.2328495979309082],31.83902931213379
2014-01-24 01:00:00,35.9557,-2.9266014892578127,0.5007861079294427,[8.5649957656860352],33.02909851074219
2014-01-24 01:05:00,35.9543,-2.5478745239257847,0.5007302707257755,[6.4916644096374512],33.40642547607422
2014-01-24 01:10:00,35.7143,-0.8218210571289077,0.500546671155969,[0.67538696527481079],34.892478942871094
2014-01-24 01:15:00,30.7692,5.336688366699217,0.5005946905673748,[28.480249404907227],36.10588836669922
2014-01-24 01:20:00,33.554,3.4468697509765605,0.5006357617204003,[11.880905151367188],37.00086975097656
2014-01-24 01:25:00,33.3333,1.8552833740234362,0.5006743512574579,[3.4420707225799561],35.18858337402344
2014-01-24 01:30:00,33.552,0.17301373291015665,0.5006844038241391,[0.029934395104646683],33.725013732910156
2014-01-24 01:35:00,33.3333,-0.4215644653320325,0.500712141596414,[0.1777178943157196],32.91173553466797
2014-01-24 01:40:00,33.5573,-1.5566438720703104,0.5007098974029438,[2.4231419563293457],32.00065612792969
2014-01-24 01:45:00,33.3333,-1.6746486480712903,0.5007047502904165,[2.8044533729553223],31.65865135192871
2014-01-24 01:50:00,35.552,-3.8605651397705074,0.5006774099183482,[14.903948783874512],31.691434860229492
2014-01-24 01:55:00,38.3343,-5.276728588867186,0.5005966857760933,[27.843875885009766],33.05757141113281
2014-01-24 02:00:00,38.575,-3.991046142578128,0.5005025857020766,[15.928455352783203],34.583953857421875
2014-01-24 02:05:00,37.85,-0.31669769287109517,0.5003337661776849,[0.10029646009206772],37.533302307128906
2014-01-24 02:10:00,36.7843,3.1630266601562482,0.5003247286294492,[10.004726409912109],39.94732666015625
2014-01-24 02:15:00,30.8977,10.732999157714843,0.5005884338089989,[115.19728851318359],41.630699157714844
2014-01-24 02:20:00,33.3333,8.101575488281249,0.5008243229943679,[65.635498046875],41.43487548828125
2014-01-24 02:25:00,33.554,4.200188537597654,0.5009620398359007,[17.641576766967773],37.754188537597656
2014-01-24 02:30:00,33.3333,0.5159126464843737,0.5010240961858234,[0.26616427302360535],33.849212646484375
2014-01-24 02:35:00,33.554,-2.674107650756838,0.5009946767123952,[7.1508564949035645],30.879892349243164
2014-01-24 02:40:00,33.3333,-4.239010220336915,0.5009840259290552,[17.969221115112305],29.094289779663086
2014-01-24 02:45:00,33.3333,-4.4645236785888684,0.5010090595091157,[19.931985855102539],28.868776321411133
2014-01-24 02:50:00,35.9543,-6.36985213928223,0.5009387293098585,[40.575016021728516],29.584447860717773
2014-01-24 02:55:00,35.7143,-4.210262142944337,0.5008226518281331,[17.726291656494141],31.504037857055664
2014-01-24 03:00:00,35.9557,-2.30341728515625,0.5006590545335752,[5.3057308197021484],33.65228271484375
2014-01-24 03:05:00,32.0408,3.551317309570315,0.5004430910913709,[12.611867904663086],35.59211730957031
2014-01-24 03:10:00,33.3333,3.12605821533203,0.5002932274438697,[9.7722301483154297],36.45935821533203
2014-01-24 03:15:00,33.446,2.041884521484377,0.5002279817561259,[4.1692957878112793],35.487884521484375
2014-01-24 03:20:00,33.4447,0.8342916992187526,0.5002372456248937,[0.6960453987121582],34.27899169921875
2014-01-24 03:25:00,33.3333,0.1545463745117175,0.5003220552334651,[0.023884104564785957],33.48784637451172
2014-01-24 03:30:00,33.554,-1.055129150390627,0.5004177749289629,[1.1132993698120117],32.498870849609375
2014-01-24 03:35:00,33.3333,-1.25589979248047,0.500514346664058,[1.5772881507873535],32.07740020751953
2014-01-24 03:40:00,35.9543,-3.934356762695316,0.5005880778973537,[15.479162216186523],32.01994323730469
2014-01-24 03:45:00,35.7143,-2.5493753784179702,0.500638372278903,[6.4993057250976562],33.16492462158203
2014-01-24 03:50:00,35.8336,-0.907055810546872,0.5006805300206707,[0.82274860143661499],34.926544189453125
2014-01-24 03:55:00,35.835,0.8641195678710929,0.5005994423460884,[0.74670422077178955],36.699119567871094
2014-01-24 04:00:00,35.9543,1.676666186523434,0.5005554955669248,[2.8112096786499023],37.63096618652344
2014-01-24 04:05:00,33.3333,5.013761157226561,0.500644415174256,[25.137784957885742],38.34706115722656
2014-01-24 04:10:00,33.4447,5.03642487792969,0.5007705230510869,[25.365592956542969],38.48112487792969
2014-01-24 04:15:00,33.446,3.661513427734377,0.5008759343898479,[13.406686782836914],37.107513427734375
2014-01-24 04:20:00,33.4447,1.3447973754882838,0.5009483103221977,[1.8084844350814819],34.78949737548828
2014-01-24 04:25:00,33.446,-0.4198235473632792,0.5009737354005706,[0.17625109851360321],33.02617645263672
2014-01-24 04:30:00,33.3333,-1.5701946075439466,0.5010455122649198,[2.4655158519744873],31.763105392456055
2014-01-24 04:35:00,35.8336,-4.4795102630615204,0.5009878864780863,[20.066003799438477],31.354089736938477
2014-01-24 04:40:00,35.835,-4.54860206604004,0.5008784542727025,[20.68977165222168],31.28639793395996
2014-01-24 04:45:00,35.8314,-2.761690222167971,0.5007691762121385,[7.6269431114196777],33.06970977783203
2014-01-24 04:50:00,30.8977,4.127744030761718,0.5008428738960153,[17.038276672363281],35.02544403076172
2014-01-24 04:55:00,33.3333,2.975087756347655,0.5007808113704018,[8.8511381149291992],36.308387756347656
2014-01-24 05:00:00,33.6067,1.0664948852539098,0.5006604333658669,[1.1374094486236572],34.673194885253906
2014-01-24 05:05:00,33.4447,-0.23341154785155993,0.5005423959166684,[0.054480172693729401],33.21128845214844
2014-01-24 05:10:00,33.446,-0.8219918212890605,0.500476738156463,[0.67566913366317749],32.62400817871094
2014-01-24 05:15:00,33.3333,-1.510578518676759,0.5004437567914817,[2.2818522453308105],31.822721481323242
2014-01-24 05:20:00,33.554,-1.9431849517822286,0.5004325869038245,[3.7759711742401123],31.610815048217773
2014-01-24 05:25:00,33.3333,-1.7270931060791028,0.5005162744352034,[2.9828560352325439],31.6062068939209
2014-01-24 05:30:00,33.4447,-0.48167204589843493,0.5006398005806327,[0.23200635612010956],32.96302795410156
2014-01-24 05:35:00,33.4427,-0.011280627441408342,0.5007233636502512,[0.00012723974941764027],33.431419372558594
2014-01-24 05:40:00,33.3333,0.36372148437499874,0.5006089044369181,[0.13229219615459442],33.697021484375
2014-01-24 05:45:00,33.554,-0.07008276367187705,0.5005162678812364,[0.0049117133021354675],33.483917236328125
2014-01-24 05:50:00,35.7143,-2.1684397094726577,0.5004180499614915,[4.7021231651306152],33.545860290527344
2014-01-24 05:55:00,35.7143,-1.8941782348632827,0.5003676302095736,[3.5879044532775879],33.82012176513672
2014-01-24 06:00:00,35.9507,-0.9176036865234352,0.5003647044010078,[0.84199440479278564],35.03309631347656
2014-01-24 06:05:00,35.9543,0.534240649414059,0.5004267969654361,[0.28541314601898193],36.48854064941406
2014-01-24 06:10:00,35.7143,1.9274617797851548,0.5005444081258132,[3.7151155471801758],37.641761779785156
2014-01-24 06:15:00,35.7143,2.6848775512695298,0.5006785237583036,[7.2085766792297363],38.39917755126953
2014-01-24 06:20:00,35.9521,2.5912883666992172,0.5007719192680038,[6.7147812843322754],38.54338836669922
2014-01-24 06:25:00,35.7143,2.5492726928710923,0.5008497615272295,[6.4988002777099609],38.263572692871094
2014-01-24 06:30:00,35.8314,1.6649836669921854,0.5008893405496077,[2.7721645832061768],37.49638366699219
2014-01-24 06:35:00,35.7143,1.0037862426757798,0.5009220943068298,[1.0075902938842773],36.71808624267578
2014-01-24 06:40:00,35.7143,0.3413335449218735,0.5009988342582126,[0.11650978773832321],36.055633544921875
2014-01-24 06:45:00,31.1523,4.54295146484375,0.5011951287557712,[20.638408660888672],35.69525146484375
2014-01-24 06:50:00,35.7143,-0.524770581054689,0.5012074253220302,[0.27538231015205383],35.18952941894531
2014-01-24 06:55:00,30.8954,1.9706049438476576,0.5012513286051432,[3.8832874298095703],32.866004943847656
2014-01-24 07:00:00,30.7692,1.1888211639404282,0.501228806520661,[1.4132972955703735],31.95802116394043
2014-01-24 07:05:00,33.6108,-3.4508859832763648,0.5010416207850963,[11.908625602722168],30.159914016723633
2014-01-24 07:10:00,30.7692,-2.7487017242431655,0.5008785618963083,[7.5553579330444336],28.020498275756836
2014-01-24 07:15:00,33.446,-5.348181625366209,0.5006373291904773,[28.603036880493164],28.09781837463379
2014-01-24 07:20:00,33.4447,-5.669406649780271,0.500413196835918,[32.142154693603516],27.775293350219727
2014-01-24 07:25:00,33.3333,-3.765625363159181,0.500267297556018,[14.179945945739746],29.56767463684082
2014-01-24 07:30:00,33.552,-2.719657852172851,0.5001735582555245,[7.3965287208557129],30.83234214782715
2014-01-24 07:35:00,33.3333,-0.5606941040039075,0.5000167643892999,[0.31437960267066956],32.772605895996094
2014-01-24 07:40:00,33.446,0.527297119140627,0.5000487243064689,[0.27804315090179443],33.973297119140625
2014-01-24 07:45:00,33.4447,1.1393530395507838,0.5000227768598371,[1.2981292009353638],34.58405303955078
2014-01-24 07:50:00,33.4427,1.5688127563476542,0.5000339776945444,[2.4611752033233643],35.011512756347656
2014-01-24 07:55:00,33.4447,1.3263647583007838,0.500180414863018,[1.759247899055481],34.77106475830078
2014-01-24 08:00:00,35.8336,-1.0312394653320283,0.5002331645054101,[1.0634529590606689],34.80236053466797
2014-01-24 08:05:00,35.8336,-1.1736039672851533,0.5003615847328845,[1.3773441314697266],34.659996032714844
2014-01-24 08:10:00,35.8336,0.04004959716797174,0.5005372050053601,[0.0016040430637076497],35.87364959716797
2014-01-24 08:15:00,35.835,1.4912176513671866,0.5006988438876964,[2.2237327098846436],37.32621765136719
2014-01-24 08:20:00,35.8336,2.496172949218753,0.5008592213053503,[6.2308840751647949],38.32977294921875
2014-01-24 08:25:00,30.7692,8.114810314941405,0.5011256105108723,[65.85015869140625],38.884010314941406
2014-01-24 08:30:00,35.8336,2.8585920776367217,0.5011973021519285,[8.1715536117553711],38.69219207763672
2014-01-24 08:35:00,35.8314,0.1967143188476541,0.5011684141488169,[0.0386958047747612],36.028114318847656
2014-01-24 08:40:00,35.7143,-1.1613520019531265,0.5010845167167619,[1.3487343788146973],34.552947998046875
2014-01-24 08:45:00,35.835,-1.349442443847657,0.5010022514988594,[1.8209924697875977],34.485557556152344
2014-01-24 08:50:00,30.7692,3.839335766601561,0.5011523064557363,[14.740504264831543],34.60853576660156
2014-01-24 08:55:00,31.0262,3.982665356445313,0.5013112909646779,[15.861628532409668],35.00886535644531
2014-01-24 09:00:00,33.4725,-0.6495706176757778,0.5012903212459002,[0.42194178700447083],32.82292938232422
2014-01-24 09:05:00,33.4447,-2.3796079132080052,0.5011711856852574,[5.6625256538391113],31.065092086791992
2014-01-24 09:10:00,33.3333,-3.510570889282228,0.5009860193380016,[12.324118614196777],29.822729110717773
2014-01-24 09:15:00,35.8314,-6.182052694702151,0.5005444724838091,[38.217796325683594],29.64934730529785
2014-01-24 09:20:00,33.3333,-3.602581387329103,0.5003448333721436,[12.978603363037109],29.7307186126709
2014-01-24 09:25:00,33.556,-1.8598692474365208,0.5002812325494665,[3.4591126441955566],31.696130752563477
2014-01-24 09:30:00,33.3333,0.3045707885742175,0.5003264516876831,[0.092762425541877747],33.63787078857422
2014-01-24 09:35:00,33.6653,0.8088287231445292,0.5003931057576156,[0.65420639514923096],34.47412872314453
2014-01-24 09:40:00,33.3333,1.0548683349609362,0.500306496550606,[1.1127439737319946],34.38816833496094
2014-01-24 09:45:00,33.3333,0.4368034545898425,0.500196273573073,[0.19079591333866119],33.770103454589844
2014-01-24 09:50:00,33.554,-0.17909155273437705,0.5002106987347281,[0.032074090093374252],33.374908447265625
2014-01-24 09:55:00,33.3333,-0.45056379394531376,0.5002704607510092,[0.20300912857055664],32.88273620605469
2014-01-24 10:00:00,33.5573,-0.3659395263671854,0.5003680220519384,[0.13391214609146118],33.19136047363281
2014-01-24 10:05:00,33.3333,0.05901109619140499,0.5005618355315701,[0.0034821273293346167],33.392311096191406
2014-01-24 10:10:00,33.554,0.3365410766601542,0.5006842069868864,[0.11325932294130325],33.890541076660156
2014-01-24 10:15:00,33.3333,0.57735216064453,0.500759935630845,[0.33333373069763184],33.91065216064453
2014-01-24 10:20:00,33.554,0.4908532104492167,0.5007657001141285,[0.2409360408782959],34.04485321044922
2014-01-24 10:25:00,33.3333,0.7310157958984362,0.5007632174662545,[0.53438180685043335],34.06431579589844
2014-01-24 10:30:00,30.7692,3.3168824584960923,0.500833257629804,[11.001713752746582],34.086082458496094
2014-01-24 10:35:00,35.9507,-2.025513842773435,0.5007568730766505,[4.1027016639709473],33.92518615722656
2014-01-24 10:40:00,35.7143,-3.017812573242189,0.5006688216565423,[9.107182502746582],32.69648742675781
2014-01-24 10:45:00,35.835,-2.187027893066407,0.5006149575720622,[4.7830867767333984],33.647972106933594
2014-01-24 10:50:00,35.8336,-0.47244735107421576,0.5006116687923794,[0.22320564091205597],35.36115264892578
2014-01-24 10:55:00,35.8336,0.9997053588867217,0.5006408638501214,[0.99941259622573853],36.83330535888672
2014-01-24 11:00:00,35.8314,2.044179833984373,0.5006938886831986,[4.1786637306213379],37.875579833984375
2014-01-24 11:05:00,35.8314,2.535245812988279,0.5007547080002954,[6.427462100982666],38.36664581298828
2014-01-24 11:10:00,35.8336,2.9725981201171905,0.5008318857381584,[8.8363447189331055],38.80619812011719
2014-01-24 11:15:00,35.835,2.0133123779296866,0.5008717632396824,[4.0534305572509766],37.84831237792969
2014-01-24 11:20:00,35.8336,1.1104536499023467,0.5008027067995877,[1.2331093549728394],36.944053649902344
2014-01-24 11:25:00,35.7143,0.22438255615234226,0.5008731055584725,[0.050348319113254547],35.938682556152344
2014-01-24 11:30:00,35.8314,-0.18915756835937714,0.5009617269467523,[0.035781275480985641],35.642242431640625
2014-01-24 11:35:00,35.8336,-0.5236787353515595,0.5010139829966451,[0.2742384672164917],35.30992126464844
2014-01-24 11:40:00,35.8336,-0.749279931640622,0.5010055463977521,[0.56141906976699829],35.084320068359375
2014-01-24 11:45:00,35.8314,-0.8865223754882834,0.5009466950930057,[0.78592514991760254],34.94487762451172
2014-01-24 11:50:00,35.835,-0.9719018554687509,0.5008523913718479,[0.9445914626121521],34.86309814453125
2014-01-24 11:55:00,35.7143,-0.8756540649414077,0.5007456171138176,[0.76676696538925171],34.838645935058594
2014-01-24 12:00:00,35.9543,-1.1001435058593785,0.5006180218698548,[1.2103155851364136],34.854156494140625
2014-01-24 12:05:00,35.8336,-0.9448213134765595,0.5005252819663308,[0.89268559217453003],34.88877868652344
2014-01-24 12:10:00,35.835,-0.8154306030273446,0.5004648580306221,[0.66492557525634766],35.019569396972656
2014-01-24 12:15:00,35.7143,-0.546346508789064,0.5004406321918233,[0.29849258065223694],35.16795349121094
2014-01-24 12:20:00,35.835,-0.5429925537109384,0.5004294857186704,[0.29483991861343384],35.29200744628906
2014-01-24 12:25:00,35.835,-0.4385690307617196,0.5004321147729667,[0.19234199821949005],35.39643096923828
2014-01-24 12:30:00,35.7143,-0.17788489990234524,0.5004500048086502,[0.031642414629459381],35.536415100097656
2014-01-24 12:35:00,35.9543,-0.23251350097656598,0.5004705156142258,[0.054062493145465851],35.72178649902344
2014-01-24 12:40:00,35.8336,-0.03119368896484076,0.5005000404982829,[0.00097298948094248772],35.802406311035156
2014-01-24 12:45:00,35.8314,0.16357985839843536,0.5005326664696803,[0.026757773011922836],35.99497985839844
2014-01-24 12:50:00,35.7143,0.42367760009765476,0.5005805492555491,[0.17950418591499329],36.137977600097656
2014-01-24 12:55:00,30.7692,5.491687145996092,0.5007826123217438,[30.158634185791016],36.260887145996094
2014-01-24 13:00:00,31.0238,4.987232104492186,0.5009649194943201,[24.87248420715332],36.01103210449219
2014-01-24 13:05:00,33.3333,0.10044633789062374,0.5009854193153644,[0.010089156217873096],33.433746337890625
2014-01-24 13:10:00,34.4407,-3.850739901733398,0.5008816830639762,[14.828202247619629],30.5899600982666
2014-01-24 13:15:00,33.4447,-3.767802951049802,0.5007771731098744,[14.19632625579834],29.676897048950195
2014-01-24 13:20:00,33.4447,-3.102561709594724,0.5006852662072143,[9.6258792877197266],30.342138290405273
2014-01-24 13:25:00,33.4447,-2.2182805511474584,0.5006228283752889,[4.9207611083984375],31.22641944885254
2014-01-24 13:30:00,33.4427,-1.3835111572265646,0.5005802492357434,[1.9141016006469727],32.05918884277344
2014-01-24 13:35:00,33.3333,0.2817741577148425,0.5005839077935574,[0.079395808279514313],33.615074157714844
2014-01-24 13:40:00,33.4447,1.1125814941406276,0.5006055108592463,[1.2378412485122681],34.557281494140625
2014-01-24 13:45:00,33.446,1.1785040893554708,0.5004688634162793,[1.3888739347457886],34.62450408935547
2014-01-24 13:50:00,33.3333,0.6506019775390612,0.5003314320550105,[0.42328092455863953],33.98390197753906
2014-01-24 13:55:00,35.9521,-2.168118676757814,0.5002597367793504,[4.7007336616516113],33.78398132324219
2014-01-24 14:00:00,35.8336,-1.8884248291015595,0.500321969701526,[3.5661449432373047],33.94517517089844
2014-01-24 14:05:00,35.835,-0.47506042480468835,0.5004262322832307,[0.22568154335021973],35.35993957519531
2014-01-24 14:10:00,35.7143,1.1265508300781235,0.5005600575433045,[1.2691206932067871],36.840850830078125
2014-01-24 14:15:00,35.9507,1.9533832519531273,0.5006920608853311,[3.8157105445861816],37.904083251953125
2014-01-24 14:20:00,35.7143,2.7247335083007798,0.5008220568242487,[7.4241824150085449],38.43903350830078
2014-01-24 14:25:00,35.8336,2.7304182495117217,0.5008994788086267,[7.4551887512207031],38.56401824951172
2014-01-24 14:30:00,35.8314,2.4560374389648416,0.5009419053042978,[6.0321111679077148],38.287437438964844
2014-01-24 14:35:00,35.7143,1.6463796264648423,0.500956658359303,[2.7105715274810791],37.360679626464844
2014-01-24 14:40:00,35.9543,0.607849047851559,0.500955331843121,[0.36948055028915405],36.56214904785156
2014-01-24 14:45:00,35.7143,0.1287480957031235,0.5010284468290913,[0.016576522961258888],35.843048095703125
2014-01-24 14:50:00,30.7692,4.842166271972655,0.5012420087950094,[23.44658088684082],35.611366271972656
2014-01-24 14:55:00,30.8992,4.140785656738281,0.5013885480144165,[17.146102905273438],35.03998565673828
2014-01-24 15:00:00,33.4725,-1.2170297241210903,0.5013143974244945,[1.4811609983444214],32.255470275878906
2014-01-24 15:05:00,33.3333,-4.141437893676759,0.5011211141865011,[17.151519775390625],29.191862106323242
2014-01-24 15:10:00,33.4725,-5.213796768188473,0.5008690795992217,[27.183675765991211],28.258703231811523
2014-01-24 15:15:00,33.4427,-4.9881769134521505,0.5006238221031185,[24.881902694702148],28.45452308654785
2014-01-24 15:20:00,33.3333,-4.051353817749025,0.5004168610252963,[16.413480758666992],29.281946182250977
2014-01-24 15:25:00,33.5587,-3.181775485229494,0.5002631778271291,[10.123699188232422],30.376924514770508
2014-01-24 15:30:00,33.3333,-1.1385978515625013,0.5002074334856501,[1.2964085340499878],32.1947021484375
2014-01-24 15:35:00,33.9987,-0.410580493164062,0.5001900806283817,[0.16857567429542542],33.58811950683594
2014-01-24 15:40:00,33.3333,0.6648536865234362,0.5000564077965445,[0.44202837347984314],33.99815368652344
2014-01-24 15:45:00,33.3333,0.7571998779296862,0.49994797163344373,[0.57334929704666138],34.09049987792969
2014-01-24 15:50:00,33.556,0.49356817626953386,0.5000022798007724,[0.24360978603363037],34.04956817626953
2014-01-24 15:55:00,33.3333,0.8262153808593737,0.5001607175743835,[0.6826292872428894],34.159515380859375
2014-01-24 16:00:00,33.5587,0.7715993774414045,0.5003518396749667,[0.59536474943161011],34.330299377441406
2014-01-24 16:05:00,33.3333,1.0189186279296862,0.5005437768259953,[1.0381920337677002],34.35221862792969
2014-01-24 16:10:00,33.556,0.8935620727539089,0.5007018847306572,[0.79845362901687622],34.449562072753906
2014-01-24 16:15:00,33.3333,0.995778674316405,0.5008355336412154,[0.99157208204269409],34.329078674316406
2014-01-24 16:20:00,35.9486,-1.5488655029296865,0.5008226528689677,[2.39898681640625],34.39973449707031
2014-01-24 16:25:00,35.7143,-1.2595346801757827,0.5007956656926085,[1.5864231586456299],34.45476531982422
2014-01-24 16:30:00,35.7143,-0.08236488037109524,0.5007717660765856,[0.0067836851812899113],35.631935119628906
2014-01-24 16:35:00,35.9543,0.9728240234374965,0.5007785910492959,[0.94638669490814209],36.9271240234375
2014-01-24 16:40:00,35.7143,2.038339770507811,0.5008279284391403,[4.1548361778259277],37.75263977050781
2014-01-24 16:45:00,36.07,2.2576901245117185,0.5008736396852209,[5.0971660614013672],38.32769012451172
2014-01-24 16:50:00,35.7143,2.5914632446289048,0.500931814693853,[6.7156906127929688],38.305763244628906
2014-01-24 16:55:00,30.8992,7.230026684570312,0.5011304754554426,[52.273281097412109],38.12922668457031
2014-01-24 17:00:00,35.8314,1.0870951782226541,0.5011367323143545,[1.181771993637085],36.918495178222656
2014-01-24 17:05:00,30.8992,2.901771984863281,0.5011978068888341,[8.4202785491943359],33.80097198486328
2014-01-24 17:10:00,30.7692,1.598338452148436,0.5012990194749938,[2.5546877384185791],32.36753845214844
2014-01-24 17:15:00,33.3333,-2.9960674102783216,0.5012437832011478,[8.9764289855957031],30.33723258972168
2014-01-24 17:20:00,33.4725,-5.462625656127926,0.5010715384297076,[29.840276718139648],28.00987434387207
2014-01-24 17:25:00,33.3333,-5.4837802703857434,0.5008645020692232,[30.071863174438477],27.849519729614258
2014-01-24 17:30:00,34.4353,-5.784442074584959,0.5006133324781243,[33.459758758544922],28.65085792541504
2014-01-24 17:35:00,33.5553,-2.8448641326904323,0.5004492449132083,[8.09326171875],30.71043586730957
2014-01-24 17:40:00,33.3333,-1.342853909301759,0.5003224937408367,[1.8032608032226562],31.990446090698242
2014-01-24 17:45:00,33.446,0.23802099609375205,0.5000968270873257,[0.056654401123523712],33.68402099609375
2014-01-24 17:50:00,33.4447,0.7189581420898463,0.5000846246237857,[0.51690322160720825],34.163658142089844
2014-01-24 17:55:00,33.3333,1.0458046142578112,0.5000243500346346,[1.0937041044235229],34.37910461425781
2014-01-24 18:00:00,33.6092,0.35876417236327995,0.4999840187570853,[0.12871207296848297],33.96796417236328
2014-01-24 18:05:00,33.4427,0.25281849365234166,0.5000886520978818,[0.063917480409145355],33.695518493652344
2014-01-24 18:10:00,30.8992,2.793739758300781,0.5003548515152153,[7.8049793243408203],33.69293975830078
2014-01-24 18:15:00,35.7143,-1.9278543823242202,0.5004699214375887,[3.7166156768798828],33.78644561767578
2014-01-24 18:20:00,35.835,-2.9422006225585946,0.5005621328723129,[8.6565389633178711],32.892799377441406
2014-01-24 18:25:00,37.1507,-3.1792568237304693,0.5005516761526025,[10.107671737670898],33.97144317626953
2014-01-24 18:30:00,35.8336,0.05410294189453424,0.5005968298687735,[0.0029272267129272223],35.88770294189453
2014-01-24 18:35:00,35.8336,2.186541601562503,0.5006596007541155,[4.780968189239502],38.0201416015625
2014-01-24 18:40:00,35.7143,3.5120717651367173,0.5007496041452013,[12.334660530090332],39.22637176513672
2014-01-24 18:45:00,31.0254,8.480169458007811,0.500989402744936,[71.91326904296875],39.50556945800781
2014-01-24 18:50:00,30.7692,8.620463696289061,0.5012561725625053,[74.312408447265625],39.38966369628906
2014-01-24 18:55:00,33.47,2.2509625244140636,0.5013208973088159,[5.0668268203735352],35.72096252441406
2014-01-24 19:00:00,33.446,-1.8220662078857401,0.5011716541747957,[3.3199222087860107],31.623933792114258
2014-01-24 19:05:00,33.4447,-4.135616061401365,0.5011007340356497,[17.103305816650391],29.309083938598633
2014-01-24 19:10:00,33.3333,-4.106647854614259,0.5010636245623094,[16.864568710327148],29.226652145385742
2014-01-24 19:15:00,33.4447,-3.670535800170896,0.501048292573823,[13.472821235656738],29.7741641998291
2014-01-24 19:20:00,33.4447,-2.7955701324462865,0.500956210821079,[7.8152031898498535],30.64912986755371
2014-01-24 19:25:00,33.4447,-1.30311369628906,0.5008430622818189,[1.6981009244918823],32.14158630371094
2014-01-24 19:30:00,33.4447,-0.18053221435546618,0.5007230798222183,[0.032591279596090317],33.26416778564453
2014-01-24 19:35:00,33.3333,0.13261186523437374,0.500451541061922,[0.017585497349500656],33.465911865234375
2014-01-24 19:40:00,33.446,-0.28675927734374795,0.5001616297663123,[0.082230396568775177],33.15924072265625
2014-01-24 19:45:00,33.446,-0.5244072875976542,0.500071141090028,[0.275002121925354],32.921592712402344
2014-01-24 19:50:00,33.446,-0.34463586425781045,0.500119061239596,[0.11877328902482986],33.10136413574219
2014-01-24 19:55:00,35.7143,-2.4412592285156265,0.5001743565573626,[5.9597382545471191],33.273040771484375
2014-01-24 20:00:00,33.6667,-0.132436389160155,0.5003037060439741,[0.017538988962769508],33.534263610839844
2014-01-24 20:05:00,35.8336,-1.1125993286132783,0.5003871046987716,[1.23787522315979],34.72100067138672
2014-01-24 20:10:00,35.8336,-0.5437211547851533,0.5004605114797496,[0.29563170671463013],35.289878845214844
2014-01-24 20:15:00,35.7143,0.555917895507811,0.5005210155917617,[0.30904665589332581],36.27021789550781
2014-01-24 20:20:00,35.9543,1.3889846069335903,0.5005720081384872,[1.9292784929275513],37.343284606933594
2014-01-24 20:25:00,35.7143,2.2077657348632798,0.5006394466884981,[4.874237060546875],37.92206573486328
2014-01-24 20:30:00,35.8314,2.4213923583984354,0.5007275897022112,[5.8631319999694824],38.25279235839844
2014-01-24 20:35:00,35.7143,2.0724813110351548,0.5008122104903506,[4.2951860427856445],37.786781311035156
2014-01-24 20:40:00,35.7143,1.877084887695311,0.5008846565545211,[3.5234541893005371],37.59138488769531
2014-01-24 20:45:00,31.0238,5.836475268554686,0.5011547103941234,[34.064445495605469],36.86027526855469
2014-01-24 20:50:00,30.7692,5.351001110839842,0.5013336039474476,[28.633218765258789],36.120201110839844
2014-01-24 20:55:00,30.8992,2.2076344116210933,0.501442247995511,[4.8736476898193359],33.106834411621094
2014-01-24 21:00:00,30.8977,-1.1114470245361332,0.5014241008841132,[1.2353130578994751],29.786252975463867
2014-01-24 21:05:00,31.0254,-3.5908850006103528,0.5012890150056823,[12.894455909729004],27.43451499938965
2014-01-24 21:10:00,33.3333,-7.344547634887697,0.5010039870525491,[53.942401885986328],25.988752365112305
2014-01-24 21:15:00,33.4427,-7.647856326293947,0.5006819919968574,[58.489696502685547],25.794843673706055
2014-01-24 21:20:00,33.4427,-6.185862155151369,0.5004005042354849,[38.264884948730469],27.256837844848633
2014-01-24 21:25:00,33.3333,-3.1053088958740247,0.5002309181453298,[9.6429529190063477],30.227991104125977
2014-01-24 21:30:00,33.446,-0.7704476318359355,0.5001439452356058,[0.59358823299407959],32.67555236816406
2014-01-24 21:35:00,33.4447,0.9379751708984401,0.49998277610050457,[0.87980055809020996],34.38267517089844
2014-01-24 21:40:00,33.4447,1.5896246459960963,0.49985874930955376,[2.526911735534668],35.034324645996094
2014-01-24 21:45:00,33.4447,1.8864996459960963,0.4998476335051161,[3.558887243270874],35.331199645996094
2014-01-24 21:50:00,33.4447,1.5758154418945338,0.49993544202996776,[2.4831995964050293],35.02051544189453
2014-01-24 21:55:00,33.3333,1.3797584716796862,0.5000984329576309,[1.9037292003631592],34.71305847167969
2014-01-24 22:00:00,33.5573,0.9256711914062521,0.5003701574489504,[0.85686612129211426],34.48297119140625
2014-01-24 22:05:00,33.4447,1.0316565063476588,0.5006555491140887,[1.0643185377120972],34.476356506347656
2014-01-24 22:10:00,33.446,1.0430975952148458,0.5008934036164994,[1.0880544185638428],34.489097595214844
2014-01-24 22:15:00,33.3333,1.1116310302734362,0.5010322298353298,[1.235720157623291],34.44493103027344
2014-01-24 22:20:00,33.4447,0.8788321044921901,0.5010865931412483,[0.77234882116317749],34.32353210449219
2014-01-24 22:25:00,33.4427,0.6997942016601542,0.5010788086393501,[0.48971271514892578],34.142494201660156
2014-01-24 22:30:00,33.3333,0.63863145751953,0.5010475216506269,[0.40784817934036255],33.97193145751953
2014-01-24 22:35:00,35.9529,-2.118076391601562,0.5009158384925627,[4.4862475395202637],33.83482360839844
2014-01-24 22:40:00,35.7143,-1.9964578979492202,0.500798302592433,[3.9858372211456299],33.71784210205078
2014-01-24 22:45:00,35.8314,-1.0193501342773459,0.5007192783530421,[1.0390784740447998],34.812049865722656
2014-01-24 22:50:00,35.8314,0.25784865722656036,0.5006972041077333,[0.066484987735748291],36.08924865722656
2014-01-24 22:55:00,35.7143,1.3303395874023423,0.5007069052746165,[1.7698080539703369],37.044639587402344
2014-01-24 23:00:00,35.9486,1.6370399536132823,0.5007263327405927,[2.6798973083496094],37.58563995361328
2014-01-24 23:05:00,33.47,4.158616333007814,0.5008265512113474,[17.294078826904297],37.62861633300781
2014-01-24 23:10:00,35.8336,1.5251417602539092,0.5008477866107908,[2.3260600566864014],37.358741760253906
2014-01-24 23:15:00,30.7692,4.706775036621092,0.5009798198543214,[22.153738021850586],35.475975036621094
2014-01-24 23:20:00,31.0254,3.268942041015624,0.501066573980868,[10.685980796813965],34.294342041015625
2014-01-24 23:25:00,30.7692,0.8083432586669907,0.5011635231716997,[0.6534198522567749],31.577543258666992
2014-01-24 23:30:00,33.4725,-4.642061386108395,0.5010766662646169,[21.548732757568359],28.8304386138916
2014-01-24 23:35:00,33.4447,-6.2991406890869115,0.5009026560219292,[39.679153442382812],27.145559310913086
2014-01-24 23:40:00,33.3333,-6.036983853149415,0.5006948280381963,[36.445194244384766],27.296316146850586
2014-01-24 23:45:00,33.5573,-4.42640820007324,0.5005044802195311,[19.593093872070312],29.130891799926758
2014-01-24 23:50:00,33.3333,-2.9435886199951184,0.5003528157629407,[8.6647233963012695],30.389711380004883
2014-01-24 23:55:00,33.4427,-0.8331495239257833,0.5001871163741453,[0.69413715600967407],32.60955047607422
2014-01-25 00:00:00,33.4447,0.41098237304687757,0.5001498782183563,[0.16890788078308105],33.855682373046875
2014-01-25 00:05:00,33.5553,1.34046721191406,0.5000376844105525,[1.7968478202819824],34.89576721191406
2014-01-25 00:10:00,33.3333,1.287343615722655,0.49997142391783456,[1.6572495698928833],34.620643615722656
2014-01-25 00:15:00,35.8336,-1.3834580932617158,0.4998984684580049,[1.9139537811279297],34.45014190673828
2014-01-25 00:20:00,33.4447,0.9415228393554713,0.500083724018856,[0.88646841049194336],34.38622283935547
2014-01-25 00:25:00,35.835,-0.2757577514648446,0.5002839098944241,[0.076041832566261292],35.559242248535156
2014-01-25 00:30:00,35.8336,0.172198339843753,0.5004903756857384,[0.029652580618858337],36.00579833984375
2014-01-25 00:35:00,35.7143,1.1177007324218735,0.5006747355485224,[1.2492588758468628],36.832000732421875
2014-01-25 00:40:00,33.47,4.369385986328126,0.5009177222598131,[19.091524124145508],37.839385986328125
2014-01-25 00:45:00,33.4725,4.707500305175785,0.5011017958140161,[22.160560607910156],38.18000030517578
2014-01-25 00:50:00,36.8014,0.39622420654296775,0.501101413976972,[0.15699423849582672],37.19762420654297
2014-01-25 00:55:00,35.7143,-0.35381873779297024,0.501045128713246,[0.12518645823001862],35.36048126220703
2014-01-25 01:00:00,35.9557,-0.23229606933593772,0.5009946096989596,[0.053961426019668579],35.72340393066406
2014-01-25 01:05:00,30.7692,5.018054333496092,0.5012076770774868,[25.180875778198242],35.787254333496094
2014-01-25 01:10:00,31.0262,4.748900708007813,0.5013343447710413,[22.552064895629883],35.77510070800781
2014-01-25 01:15:00,33.3333,-0.1314338500976575,0.5013394323664797,[0.017275262624025345],33.201866149902344
2014-01-25 01:20:00,33.47,-2.7291266632080067,0.5012431155260791,[7.4481391906738281],30.740873336791992
2014-01-25 01:25:00,33.4447,-3.4592435333251927,0.501090819782233,[11.966354370117188],29.985456466674805
2014-01-25 01:30:00,33.3333,-3.815479641723634,0.5008178322458322,[14.557896614074707],29.517820358276367
2014-01-25 01:35:00,33.4427,-3.6611009552001974,0.5005384697340136,[13.403656005859375],29.781599044799805
2014-01-25 01:40:00,33.4447,-3.148185488891599,0.5004202324647202,[9.9110612869262695],30.2965145111084
2014-01-25 01:45:00,33.4427,-1.3352552368164083,0.5003874550999703,[1.7829049825668335],32.107444763183594
2014-01-25 01:50:00,33.4447,-0.13866972656249743,0.5003904949877958,[0.019228830933570862],33.3060302734375
2014-01-25 01:55:00,33.3333,0.36233293457031124,0.5002343880906304,[0.13128404319286346],33.69563293457031
2014-01-25 02:00:00,33.554,-0.08280859375000205,0.500072322153601,[0.0068574044853448868],33.47119140625
2014-01-25 02:05:00,35.835,-2.4784173583984384,0.49999373256574575,[6.1425480842590332],33.35658264160156
2014-01-25 02:10:00,35.8314,-2.097482763671877,0.5000149207778577,[4.3994417190551758],33.733917236328125
2014-01-25 02:15:00,35.8314,-0.6823368896484396,0.5001079113801383,[0.46558612585067749],35.14906311035156
2014-01-25 02:20:00,35.7143,1.0284444458007798,0.5002701223598066,[1.057701587677002],36.74274444580078
2014-01-25 02:25:00,35.835,2.0682363891601554,0.5004620479954673,[4.2776055335998535],37.903236389160156
2014-01-25 02:30:00,33.47,5.095376281738282,0.5007381630187193,[25.962846755981445],38.56537628173828
2014-01-25 02:35:00,35.8336,2.8377104248046905,0.5008780170562888,[8.0526056289672852],38.67131042480469
2014-01-25 02:40:00,30.8992,6.515907727050781,0.5011008934829883,[42.457046508789062],37.41510772705078
2014-01-25 02:45:00,30.7692,5.356952038574217,0.5012682760165481,[28.696941375732422],36.12615203857422
2014-01-25 02:50:00,33.4725,-0.2451440429687466,0.5012630718402933,[0.060095526278018951],33.22735595703125
2014-01-25 02:55:00,33.47,-3.4164244842529286,0.5012321720888455,[11.671964645385742],30.05357551574707
2014-01-25 03:00:00,33.6092,-4.267473696899415,0.5011598873780303,[18.211328506469727],29.341726303100586
2014-01-25 03:05:00,33.3333,-3.7281955535888684,0.5010579852227902,[13.899453163146973],29.605104446411133
2014-01-25 03:10:00,33.446,-2.6325978240966776,0.5009351417274716,[6.9305667877197266],30.81340217590332
2014-01-25 03:15:00,35.222,-3.771585342407228,0.5007389271382197,[14.224857330322266],31.450414657592773
2014-01-25 03:20:00,33.556,-0.6366274414062474,0.5005457946767096,[0.40529417991638184],32.91937255859375
2014-01-25 03:25:00,33.3333,1.2103706542968737,0.5004907047015175,[1.4649933576583862],34.543670654296875
2014-01-25 03:30:00,35.8336,-0.8660935913085908,0.5002416939506117,[0.75011652708053589],34.967506408691406
2014-01-25 03:35:00,33.3333,1.0716530029296862,0.5000967588147747,[1.1484369039535522],34.40495300292969
2014-01-25 03:40:00,35.082,-0.161902648925782,0.5000993678801042,[0.026212705299258232],34.92009735107422
2014-01-25 03:45:00,35.8314,-0.8194676269531271,0.5001869664953642,[0.67153018712997437],35.011932373046875
2014-01-25 03:50:00,35.7143,-0.360189282226564,0.5003188468308352,[0.12973505258560181],35.35411071777344
2014-01-25 03:55:00,35.9543,0.04168693847655902,0.5004461310844721,[0.0017378069460391998],35.99598693847656
2014-01-25 04:00:00,35.835,0.9512243652343741,0.5005671026333518,[0.90482956171035767],36.786224365234375
2014-01-25 04:05:00,35.8336,1.6632414306640655,0.5007506867065232,[2.7663750648498535],37.49684143066406
2014-01-25 04:10:00,35.7143,1.8270589477539048,0.5008338452884333,[3.3381507396697998],37.541358947753906
2014-01-25 04:15:00,35.9543,1.6666335327148403,0.5008491315643555,[2.7776675224304199],37.620933532714844
2014-01-25 04:20:00,30.7692,6.367701855468749,0.5010933259590196,[40.547634124755859],37.13690185546875
2014-01-25 04:25:00,30.8977,5.600102734375,0.5012461512740396,[31.36115837097168],36.497802734375
2014-01-25 04:30:00,33.4725,-0.12872711181640284,0.5012475063030486,[0.016570629552006721],33.343772888183594
2014-01-25 04:35:00,33.3333,-3.2670215423583997,0.5011651642633692,[10.673439979553223],30.0662784576416
2014-01-25 04:40:00,33.6673,-4.646992459106443,0.5010205567911559,[21.594549179077148],29.020307540893555
2014-01-25 04:45:00,33.3333,-4.275947933959962,0.5008747464352303,[18.283744812011719],29.05735206604004
2014-01-25 04:50:00,33.3333,-3.4704021270751966,0.5007251931166365,[12.043701171875],29.862897872924805
2014-01-25 04:55:00,33.5587,-2.8432973968505877,0.5005725628619744,[8.0843429565429688],30.715402603149414
2014-01-25 05:00:00,33.5573,-1.2112535522460917,0.5004694773132051,[1.4671365022659302],32.346046447753906
2014-01-25 05:05:00,33.3333,0.28011094970703,0.5004222478860679,[0.078461281955242157],33.61341094970703
2014-01-25 05:10:00,30.7692,3.2525514038085923,0.5003158392776381,[10.579094886779785],34.021751403808594
2014-01-25 05:15:00,33.552,0.09015850830078165,0.5001283266587555,[0.0081288926303386688],33.64215850830078
2014-01-25 05:20:00,33.3333,-1.0798896606445325,0.5000959009122744,[1.1661649942398071],32.25341033935547
2014-01-25 05:25:00,33.556,-1.3214037475585911,0.5001620597950532,[1.7461072206497192],32.234596252441406
2014-01-25 05:30:00,35.7143,-2.9134882324218765,0.5002212522463945,[8.4884033203125],32.800811767578125
2014-01-25 05:35:00,35.7143,-2.2224710815429702,0.5002912974340457,[4.9393701553344727],33.49182891845703
2014-01-25 05:40:00,35.9557,-0.7620125610351565,0.5003835195640463,[0.58066302537918091],35.193687438964844
2014-01-25 05:45:00,35.7143,1.2583638793945298,0.5005230348627225,[1.5834840536117554],36.97266387939453
2014-01-25 05:50:00,35.9529,2.816402368164063,0.5006599285203331,[7.9321227073669434],38.76930236816406
2014-01-25 05:55:00,35.8314,3.469228662109373,0.500768238345958,[12.035534858703613],39.300628662109375
2014-01-25 06:00:00,35.9521,3.3841045288085922,0.500772318023745,[11.452171325683594],39.336204528808594
2014-01-25 06:05:00,30.7692,7.994036999511717,0.5010410664581826,[63.904636383056641],38.76323699951172
2014-01-25 06:10:00,30.8992,6.772354565429687,0.5013084040367501,[45.864780426025391],37.67155456542969
2014-01-25 06:15:00,30.8977,3.3193333862304684,0.5014667084191968,[11.017978668212891],34.21703338623047
2014-01-25 06:20:00,33.3333,-2.966644650268556,0.5014655699620867,[8.800990104675293],30.366655349731445
2014-01-25 06:25:00,35.8336,-7.907557443237302,0.5012725466449387,[62.529449462890625],27.926042556762695
2014-01-25 06:30:00,33.3333,-5.7664645965576184,0.5011023865179827,[33.252132415771484],27.566835403442383
2014-01-25 06:35:00,33.446,-3.848078628540037,0.5009283671881256,[14.807703018188477],29.59792137145996
2014-01-25 06:40:00,33.446,-2.490656753540037,0.5007471782879371,[6.203366756439209],30.95534324645996
2014-01-25 06:45:00,33.446,-0.7699517211914042,0.5006021870291972,[0.59282433986663818],32.676048278808594
2014-01-25 06:50:00,33.3333,0.46346055908203,0.5005020805666482,[0.21479426324367523],33.79676055908203
2014-01-25 06:55:00,33.4447,0.8647482421875026,0.5002576701697032,[0.74779242277145386],34.3094482421875
2014-01-25 07:00:00,35.9529,-2.2711296752929684,0.4999478806704001,[5.1580295562744141],33.68177032470703
2014-01-25 07:05:00,35.8314,-2.8722706665039084,0.4997357075125163,[8.2499494552612305],32.959129333496094
2014-01-25 07:10:00,35.7143,-1.507680737304689,0.4997855836673649,[2.2730958461761475],34.20661926269531
2014-01-25 07:15:00,35.8336,0.15252213134765924,0.5000617604788415,[0.023263277485966682],35.986122131347656
2014-01-25 07:20:00,35.8314,1.6299571166992166,0.5003151750961476,[2.6567542552947998],37.46135711669922
2014-01-25 07:25:00,35.8314,2.397367395019529,0.5005291600942913,[5.7473616600036621],38.22876739501953
2014-01-25 07:30:00,35.8314,2.7290476928710916,0.5007080286452923,[7.4476914405822754],38.560447692871094
2014-01-25 07:35:00,35.7143,2.7863790161132798,0.5008298688429909,[7.7639179229736328],38.50067901611328
2014-01-25 07:40:00,35.8336,1.9332838500976592,0.5008801931926437,[3.7375900745391846],37.766883850097656
2014-01-25 07:45:00,30.8954,6.117127465820314,0.5010600616935733,[37.419258117675781],37.01252746582031
2014-01-25 07:50:00,30.7692,5.398372021484374,0.5013232940166114,[29.142427444458008],36.167572021484375
2014-01-25 07:55:00,31.0262,2.3319771850585944,0.5015022995792658,[5.4381208419799805],33.358177185058594
2014-01-25 08:00:00,33.4725,-3.469198379516598,0.5014355335875134,[12.035336494445801],30.0033016204834
2014-01-25 08:05:00,33.4742,-5.685269107055667,0.5012355198745551,[32.322299957275391],27.788930892944336
2014-01-25 08:10:00,33.4447,-5.828727481079099,0.5009795405777799,[33.974044799804688],27.6159725189209
2014-01-25 08:15:00,33.446,-4.717776199340818,0.5007350690343708,[22.257404327392578],28.72822380065918
2014-01-25 08:20:00,33.4447,-3.458232638549802,0.5005222406081056,[11.95936107635498],29.986467361450195
2014-01-25 08:25:00,33.4427,-1.3430829956054708,0.5003799469575668,[1.8038704395294189],32.09961700439453
2014-01-25 08:30:00,33.3333,0.2847038452148425,0.5003229242506659,[0.081055402755737305],33.618003845214844
2014-01-25 08:35:00,31.0238,3.5185812866210924,0.5002326574649885,[12.380414962768555],34.542381286621094
2014-01-25 08:40:00,33.3333,0.7445198242187487,0.5000717262731089,[0.55430746078491211],34.07781982421875
2014-01-25 08:45:00,33.3333,-0.620188122558595,0.49996962184674243,[0.38463521003723145],32.713111877441406
2014-01-25 08:50:00,35.9543,-3.6425324218750035,0.4999638369458703,[13.268041610717773],32.311767578125
2014-01-25 08:55:00,35.7143,-2.7725809448242202,0.5000645955847767,[7.6871953010559082],32.94171905517578
2014-01-25 09:00:00,35.9543,-1.225189282226566,0.5002236914575815,[1.5010886192321777],34.72911071777344
2014-01-25 09:05:00,35.7143,0.9940740234374985,0.5004209534531245,[0.98818665742874146],36.7083740234375
2014-01-25 09:10:00,35.9507,2.24539069824219,0.5006179137919615,[5.0417847633361816],38.19609069824219
2014-01-25 09:15:00,35.7143,3.7154714233398423,0.5007924979026697,[13.804740905761719],39.429771423339844
2014-01-25 09:20:00,35.835,3.739272155761718,0.5009116665099036,[13.982163429260254],39.57427215576172
2014-01-25 09:25:00,30.7692,8.407763806152342,0.5010799873103606,[70.690505981445312],39.176963806152344
2014-01-25 09:30:00,30.7692,6.888514843749999,0.5012921066882539,[47.451644897460938],37.65771484375
2014-01-25 09:35:00,31.0215,3.183623901367188,0.5014237599826383,[10.135463714599609],34.20512390136719
2014-01-25 09:40:00,33.3333,-3.005279904174806,0.5014465184507217,[9.0317163467407227],30.328020095825195
2014-01-25 09:45:00,33.446,-5.442648788452146,0.5013548803311579,[29.622417449951172],28.00335121154785
2014-01-25 09:50:00,33.446,-5.862021347045896,0.501194980796005,[34.363285064697266],27.5839786529541
2014-01-25 09:55:00,33.3333,-4.771324520874025,0.5009956504787052,[22.765552520751953],28.561975479125977
2014-01-25 10:00:00,33.556,-3.8456709442138646,0.5007847462312174,[14.789182662963867],29.710329055786133
2014-01-25 10:05:00,33.446,-1.7024716339111308,0.500596793991072,[2.8984067440032959],31.743528366088867
2014-01-25 10:10:00,33.4447,-0.20101713867187243,0.500459859137183,[0.040407221764326096],33.243682861328125
2014-01-25 10:15:00,33.3333,0.83290635986328,0.5001963384885435,[0.69373041391372681],34.16620635986328
2014-01-25 10:20:00,33.4427,0.41051807861327916,0.49997082375797286,[0.16852556169033051],33.85321807861328
2014-01-25 10:25:00,33.4447,0.10661530761719007,0.4998635006818919,[0.011367179453372955],33.55131530761719
2014-01-25 10:30:00,33.4427,-0.017391772460939592,0.49996718654178096,[0.00030245399102568626],33.42530822753906
2014-01-25 10:35:00,33.4447,0.18118500976562757,0.5001626938556998,[0.032828610390424728],33.625885009765625
2014-01-25 10:40:00,33.4427,0.32512989501952916,0.5003779455841899,[0.10570982098579407],33.76782989501953
2014-01-25 10:45:00,35.7143,-1.8070658081054702,0.5004813428184887,[3.2654805183410645],33.90723419189453
2014-01-25 10:50:00,35.8314,-1.7225285400390646,0.5005554895079671,[2.9671108722686768],34.10887145996094
2014-01-25 10:55:00,35.835,-0.4904946899414071,0.5005977630862442,[0.24058414995670319],35.344505310058594
2014-01-25 11:00:00,35.9543,0.837463305664059,0.5006338445876559,[0.70134490728378296],36.79176330566406
2014-01-25 11:05:00,35.7143,2.134317553710936,0.5006789581560498,[4.5553188323974609],37.84861755371094
2014-01-25 11:10:00,35.8314,2.6745356689453104,0.500757633254137,[7.1531314849853516],38.50593566894531
2014-01-25 11:15:00,30.8977,7.7054494140625,0.5010219704625055,[59.37396240234375],38.6031494140625
2014-01-25 11:20:00,33.3333,4.7540641967773425,0.5011881301973727,[22.601112365722656],38.087364196777344
2014-01-25 11:25:00,33.4725,1.391040649414066,0.5012304083155841,[1.9349944591522217],34.86354064941406
2014-01-25 11:30:00,33.3333,-1.077219372558595,0.5011817318476344,[1.1604049205780029],32.256080627441406
2014-01-25 11:35:00,33.3333,-2.3597339447021497,0.5011628948910716,[5.5683517456054688],30.97356605529785
2014-01-25 11:40:00,33.5573,-3.202950863647459,0.5011116990917173,[10.25889778137207],30.35434913635254
2014-01-25 11:45:00,33.3333,-2.9229091461181653,0.5010271170206855,[8.5434064865112305],30.410390853881836
2014-01-25 11:50:00,33.5553,-2.846718075561526,0.500898644258758,[8.1038131713867188],30.708581924438477
2014-01-25 11:55:00,33.3333,-1.3769382293701184,0.5007759436692112,[1.895963191986084],31.956361770629883
2014-01-25 12:00:00,34.4433,-1.9243791015625007,0.5006151214036068,[3.7032284736633301],32.5189208984375
2014-01-25 12:05:00,35.7143,-2.812215649414064,0.5002468787786071,[7.9085469245910645],32.90208435058594
2014-01-25 12:10:00,35.9529,-2.5992241577148434,0.49998927128065984,[6.7559657096862793],33.353675842285156
2014-01-25 12:15:00,35.7143,-0.8686807983398452,0.49990988192675334,[0.75460326671600342],34.845619201660156
2014-01-25 12:20:00,35.9507,0.4075992553710961,0.49996163817746486,[0.16613808274269104],36.358299255371094
2014-01-25 12:25:00,35.7143,1.7393666870117173,0.5001050096534994,[3.0254025459289551],37.45366668701172
2014-01-25 12:30:00,35.9507,2.1677082031250023,0.5002930713851531,[4.6989636421203613],38.118408203125
2014-01-25 12:35:00,35.7143,2.6518117553710923,0.5004883728640217,[7.0321149826049805],38.366111755371094
2014-01-25 12:40:00,30.7692,7.35989698486328,0.500845923917318,[54.168094635009766],38.12909698486328
2014-01-25 12:45:00,33.6117,3.6068211181640635,0.5010206653819567,[13.009171485900879],37.21852111816406
2014-01-25 12:50:00,33.3333,0.7863746826171862,0.5011159897537967,[0.61838269233703613],34.11967468261719
2014-01-25 12:55:00,33.446,-1.3895882568359355,0.5011663619440803,[1.9309531450271606],32.05641174316406
2014-01-25 13:00:00,33.4447,-2.2802884552001927,0.5011780539755973,[5.1997079849243164],31.164411544799805
2014-01-25 13:05:00,33.556,-2.811708694458005,0.5011102105381899,[7.9057044982910156],30.744291305541992
2014-01-25 13:10:00,33.7813,-2.9056801116943376,0.5009940844390671,[8.4429740905761719],30.875619888305664
2014-01-25 13:15:00,33.4447,-2.183261630249021,0.5008563184376837,[4.7666239738464355],31.261438369750977
2014-01-25 13:20:00,33.4447,-0.7534463378906224,0.5007535539431541,[0.56767886877059937],32.691253662109375
2014-01-25 13:25:00,33.3333,-0.14021528320312626,0.5006551866810348,[0.019660757854580879],33.193084716796875
2014-01-25 13:30:00,33.5573,-0.10579243164062291,0.5003919497495198,[0.011192158795893192],33.451507568359375
2014-01-25 13:35:00,33.3333,-0.15254438476562626,0.5002592602192981,[0.023270260542631149],33.180755615234375
2014-01-25 13:40:00,35.8314,-2.506319128417971,0.5001432436700193,[6.2816448211669922],33.32508087158203
2014-01-25 13:45:00,35.8336,-2.3318986450195283,0.5001100853566371,[5.4377470016479492],33.50170135498047
2014-01-25 13:50:00,35.835,-1.0864648437500009,0.5001521727802409,[1.1804038286209106],34.74853515625
2014-01-25 13:55:00,35.8336,0.5176496948242217,0.5002695205232157,[0.26796215772628784],36.35124969482422
2014-01-25 14:00:00,35.835,1.7080297851562491,0.5004321844905636,[2.9173688888549805],37.54302978515625
2014-01-25 14:05:00,35.8336,2.504321142578128,0.500597473384489,[6.2716288566589355],38.337921142578125
2014-01-25 14:10:00,30.8954,7.661339807128908,0.5008939989098986,[58.696140289306641],38.556739807128906
2014-01-25 14:15:00,30.7692,7.417888012695311,0.5011604521677132,[55.025070190429688],38.18708801269531
2014-01-25 14:20:00,33.3333,1.5471550170898425,0.5012189147180764,[2.393683910369873],34.880455017089844
2014-01-25 14:25:00,33.4742,-2.288147677612308,0.501143807513138,[5.2356252670288086],31.186052322387695
2014-01-25 14:30:00,33.4742,-3.846649874877933,0.5010970060654334,[14.796724319458008],29.62755012512207
2014-01-25 14:35:00,33.4447,-3.8666760894775365,0.5010432847118225,[14.951170921325684],29.57802391052246
2014-01-25 14:40:00,33.3333,-3.2084087188720716,0.500968632734291,[10.293896675109863],30.12489128112793
2014-01-25 14:45:00,33.4447,-2.565105197143552,0.5008597833685304,[6.5797562599182129],30.879594802856445
2014-01-25 14:50:00,33.4447,-1.0789086791992162,0.5007611542850703,[1.1640403270721436],32.36579132080078
2014-01-25 14:55:00,33.556,-0.049736267089841135,0.5006705824154716,[0.0024736719205975533],33.506263732910156
2014-01-25 15:00:00,33.4427,0.3483461425781229,0.5004110066997826,[0.12134543061256409],33.791046142578125
2014-01-25 15:05:00,33.6647,-0.11868712158203465,0.500143366474396,[0.014086526818573475],33.54601287841797
2014-01-25 15:10:00,33.3333,0.07094346923827999,0.500090736684744,[0.005032756831496954],33.40424346923828
2014-01-25 15:15:00,33.4447,0.18412995605469007,0.5001783317973213,[0.033904455602169037],33.62882995605469
2014-01-25 15:20:00,33.446,0.3016730346679708,0.5003255409858852,[0.091007135808467865],33.74767303466797
2014-01-25 15:25:00,35.7143,-1.9253519409179702,0.5003946788582243,[3.7069733142852783],33.78894805908203
2014-01-25 15:30:00,35.9529,-2.003910131835937,0.5004376712786494,[4.015655517578125],33.94898986816406
2014-01-25 15:35:00,38.5714,-3.4801905883789033,0.5004054731347984,[12.111723899841309],35.091209411621094
2014-01-25 15:40:00,39.0357,-2.2947332031249985,0.5003623959620711,[5.2658085823059082],36.740966796875
2014-01-25 15:45:00,35.8336,3.3668165649414092,0.500483486174495,[11.33545970916748],39.200416564941406
2014-01-25 15:50:00,35.8336,5.782183691406253,0.5006761924035719,[33.433658599853516],41.61578369140625
2014-01-25 15:55:00,35.8336,5.816813513183597,0.5008868992306525,[33.835330963134766],41.650413513183594
2014-01-25 16:00:00,35.8314,4.599531091308592,0.5010477702316367,[21.155670166015625],40.430931091308594
2014-01-25 16:05:00,35.8314,2.655233300781248,0.5011356564143081,[7.0502543449401855],38.48663330078125
2014-01-25 16:10:00,30.8992,5.709442578125,0.5013279334378796,[32.597728729248047],36.608642578125
2014-01-25 16:15:00,30.8977,3.586049389648437,0.5015243254991004,[12.85975456237793],34.48374938964844
2014-01-25 16:20:00,33.4742,-2.654957522583011,0.50150173514895,[7.0488057136535645],30.819242477416992
2014-01-25 16:25:00,33.4447,-5.543285128784177,0.5014290790400479,[30.727991104125977],27.90141487121582
2014-01-25 16:30:00,35.8314,-8.391922079467776,0.5012126455320972,[70.424385070800781],27.439477920532227
2014-01-25 16:35:00,33.3333,-5.183102017211915,0.5009080279235893,[26.86456298828125],28.150197982788086
2014-01-25 16:40:00,33.4427,-3.4342828704834005,0.500579146363447,[11.794295310974121],30.0084171295166
2014-01-25 16:45:00,33.4427,-2.1923814727783224,0.5002930332804185,[4.8065338134765625],31.25031852722168
2014-01-25 16:50:00,33.446,-0.7844170532226542,0.5001004294772731,[0.61530876159667969],32.661582946777344
2014-01-25 16:55:00,33.446,0.3156348266601583,0.5000164710834428,[0.099625885486602783],33.761634826660156
2014-01-25 17:00:00,33.4447,0.4472143676757838,0.4998278289588688,[0.20000217854976654],33.89191436767578
2014-01-25 17:05:00,33.446,0.1861487426757833,0.49970576617030493,[0.034651674330234528],33.63214874267578
2014-01-25 17:10:00,35.7143,-2.5539224975585952,0.4997093632712436,[6.5225110054016113],33.160377502441406
2014-01-25 17:15:00,33.5587,0.148018444824217,0.4999129184839485,[0.021909294649958611],33.70671844482422
2014-01-25 17:20:00,35.7143,-0.5604608886718765,0.5001934208055328,[0.31411445140838623],35.153839111328125
2014-01-25 17:25:00,35.8336,0.21840958251953424,0.5003868948944561,[0.047703143209218979],36.05200958251953
2014-01-25 17:30:00,35.835,1.127577819824218,0.5005502721454703,[1.2714338302612305],36.96257781982422
2014-01-25 17:35:00,39.5043,-1.4350937622070319,0.500577582301152,[2.0594916343688965],38.06920623779297
2014-01-25 17:40:00,31.0215,7.869689575195313,0.5008871419595332,[61.932018280029297],38.89118957519531
2014-01-25 17:45:00,35.7143,4.85370079345703,0.501049521881144,[23.558427810668945],40.56800079345703
2014-01-25 17:50:00,35.835,2.409873046874999,0.5011198337167582,[5.807492733001709],38.244873046875
2014-01-25 17:55:00,35.7143,1.0402394897460923,0.5011505428450791,[1.0821018218994141],36.754539489746094
2014-01-25 18:00:00,35.9543,0.18304436035155902,0.5012490630775425,[0.033505264669656754],36.13734436035156
2014-01-25 18:05:00,30.7692,4.783084240722655,0.5014152932050765,[22.877901077270508],35.552284240722656
2014-01-25 18:10:00,33.6092,1.41461134033203,0.5014864105335258,[2.0011265277862549],35.02381134033203
2014-01-25 18:15:00,33.3333,-1.4397205169677747,0.5014272216922012,[2.0727996826171875],31.893579483032227
2014-01-25 18:20:00,33.446,-2.264845748901365,0.501305671303552,[5.1295223236083984],31.181154251098633
2014-01-25 18:25:00,33.4447,-2.986606356811521,0.5012504121903223,[8.9198074340820312],30.458093643188477
2014-01-25 18:30:00,33.3333,-3.111225491333009,0.5008554804382692,[9.6797332763671875],30.222074508666992
2014-01-25 18:35:00,34.3313,-4.417811611938475,0.500522028226493,[19.517049789428711],29.913488388061523
2014-01-25 18:40:00,34.3333,-4.060161953735353,0.5002892746867535,[16.484928131103516],30.27313804626465
2014-01-25 18:45:00,33.5573,-1.4048189208984354,0.5002011500394244,[1.9735177755355835],32.15248107910156
2014-01-25 18:50:00,34.7813,-1.444729260253908,0.5001424484324568,[2.0872414112091064],33.336570739746094
2014-01-25 18:55:00,36.1864,-2.2084184326171865,0.4998902563436065,[4.8771181106567383],33.97798156738281
2014-01-25 19:00:00,35.8314,-1.3172779907226584,0.49979153042777424,[1.7352261543273926],34.514122009277344
2014-01-25 19:05:00,31.0277,5.040041394042969,0.5000245506976022,[25.402013778686523],36.06774139404297
2014-01-25 19:10:00,35.7143,1.402628100585936,0.5001566143236026,[1.9673705101013184],37.11692810058594
2014-01-25 19:15:00,35.835,-0.21152587890625085,0.5002567325873111,[0.044742811471223831],35.62347412109375
2014-01-25 19:20:00,40.3379,-4.934999304199216,0.5001912895623934,[24.35420036315918],35.40290069580078
2014-01-25 19:25:00,30.7692,5.815989819335936,0.5005604180003558,[33.82574462890625],36.58518981933594
2014-01-25 19:30:00,30.8954,8.045960473632814,0.5009972212292301,[64.737495422363281],38.94136047363281
2014-01-25 19:35:00,33.3333,3.7999397460937487,0.501185164289387,[14.439530372619629],37.13323974609375
2014-01-25 19:40:00,33.4427,0.05729999999999791,0.5012397035859935,[0.0032833551522344351],33.5
2014-01-25 19:45:00,35.8314,-3.173227392578127,0.5012053740057096,[10.06938362121582],32.658172607421875
2014-01-25 19:50:00,33.4447,-1.7503316375732396,0.5011900990295174,[3.063654899597168],31.694368362426758
2014-01-25 19:55:00,33.3333,-0.8349784667968763,0.500977504228163,[0.69719159603118896],32.498321533203125
2014-01-25 20:00:00,33.554,-1.9458933868408224,0.5008564821077846,[3.7865045070648193],31.60810661315918
2014-01-25 20:05:00,33.4447,-0.6976449462890599,0.5008390066892949,[0.48670613765716553],32.74705505371094
2014-01-25 20:10:00,33.446,0.18087683105468955,0.5010246103149458,[0.032716736197471619],33.62687683105469
2014-01-25 20:15:00,33.3333,0.6448494140624987,0.5008370049976106,[0.41582876443862915],33.9781494140625
2014-01-25 20:20:00,33.47,-0.17481872558593636,0.5005386736037593,[0.030562013387680054],33.29518127441406
2014-01-25 20:25:00,33.4742,-1.041331042480472,0.5003629601243655,[1.084372878074646],32.43286895751953
2014-01-25 20:30:00,35.7143,-3.1537454956054702,0.5002466114646071,[9.9460992813110352],32.56055450439453
2014-01-25 20:35:00,35.9557,-2.994693835449219,0.5002533300212106,[8.9681911468505859],32.96100616455078
2014-01-25 20:40:00,38.9414,-4.448213049316408,0.5001556799260184,[19.786586761474609],34.493186950683594
2014-01-25 20:45:00,35.8314,0.4248179565429666,0.5002012498315598,[0.18046875298023224],36.25621795654297
2014-01-25 20:50:00,35.8336,2.9999800170898467,0.5003806043136257,[8.9998855590820312],38.833580017089844
2014-01-25 20:55:00,30.7692,9.157946911621092,0.5007379261603127,[83.868003845214844],39.927146911621094
2014-01-25 21:00:00,31.0238,8.349948779296874,0.5010341949484263,[69.721649169921875],39.373748779296875
2014-01-25 21:05:00,30.7692,5.403018322753905,0.5012068590141234,[29.19261360168457],36.172218322753906
2014-01-25 21:10:00,33.47,-1.6206061553955067,0.5011545923297741,[2.6263682842254639],31.849393844604492
2014-01-25 21:15:00,33.3333,-4.611481076049806,0.5010252651599312,[21.265771865844727],28.721818923950195
2014-01-25 21:20:00,33.4427,-6.1118341400146505,0.5009183456641833,[37.354511260986328],27.33086585998535
2014-01-25 21:25:00,33.4447,-5.100055453491208,0.500842315646894,[26.010549545288086],28.34464454650879
2014-01-25 21:30:00,33.446,-3.7936581573486308,0.5008667335342081,[14.391836166381836],29.652341842651367
2014-01-25 21:35:00,33.3333,-1.238840466308595,0.5008062548898283,[1.5347294807434082],32.094459533691406
2014-01-25 21:40:00,33.4427,0.09601154785156041,0.5007002893852961,[0.0092183267697691917],33.53871154785156
2014-01-25 21:45:00,33.446,1.0048743286132833,0.5004024700541856,[1.0097740888595581],34.45087432861328
2014-01-25 21:50:00,33.4447,0.6968939331054713,0.5001227460018649,[0.48566347360610962],34.14159393310547
2014-01-25 21:55:00,33.446,0.49201879882812705,0.4999430443082624,[0.242083340883255],33.938018798828125
2014-01-25 22:00:00,33.4447,0.34985566406250257,0.500014763870448,[0.12240014970302582],33.7945556640625
2014-01-25 22:05:00,35.835,-1.8989190673828134,0.5001139571366499,[3.6058900356292725],33.93608093261719
2014-01-25 22:10:00,39.405,-5.260201721191407,0.5001455832933928,[27.669710159301758],34.144798278808594
2014-01-25 22:15:00,35.835,-0.23699279785156335,0.5003233647323349,[0.056165151298046112],35.59800720214844
2014-01-25 22:20:00,35.7143,2.947275317382811,0.5005695933164757,[8.6864423751831055],38.66157531738281
2014-01-25 22:25:00,35.8336,4.205126806640628,0.5007683377927199,[17.683099746704102],40.038726806640625
2014-01-25 22:30:00,35.835,4.120856323242187,0.5009152497439264,[16.981464385986328],39.95585632324219
2014-01-25 22:35:00,35.7143,3.7333394653320298,0.5010148138667567,[13.937836647033691],39.44763946533203
2014-01-25 22:40:00,31.0238,7.49860753173828,0.5012632329676088,[56.229118347167969],38.52240753173828
2014-01-25 22:45:00,30.7692,6.073283520507811,0.5014672613160684,[36.884780883789062],36.84248352050781
2014-01-25 22:50:00,33.4725,-0.8589593505859341,0.5014233126648323,[0.73781090974807739],32.61354064941406
2014-01-25 22:55:00,33.4742,-4.385201205444339,0.5013329141244884,[19.229999542236328],29.088998794555664
2014-01-25 23:00:00,33.5573,-5.410577206420896,0.501328313187859,[29.274351119995117],28.1467227935791
2014-01-25 23:05:00,33.3333,-4.72188985900879,0.5011644818551828,[22.296258926391602],28.61141014099121
2014-01-25 23:10:00,33.4447,-4.200114962768552,0.5009026834731789,[17.640951156616211],29.244585037231445
2014-01-25 23:15:00,33.4447,-3.3757398101806615,0.5006246709171089,[11.395607948303223],30.068960189819336
2014-01-25 23:20:00,33.3333,-1.671844845581056,0.5004119660560624,[2.7950704097747803],31.661455154418945
2014-01-25 23:25:00,35.9529,-2.9619332031249996,0.5001660939699664,[8.7730474472045898],32.990966796875
2014-01-25 23:30:00,33.3333,0.1650139038085925,0.49989617211676596,[0.027229078114032745],33.498313903808594
2014-01-25 23:35:00,33.5587,0.9727941406249982,0.499708118760131,[0.9463273286819458],34.531494140625
2014-01-25 23:40:00,35.7143,-0.9244058959960952,0.4997054892678885,[0.85452300310134888],34.789894104003906
2014-01-25 23:45:00,35.835,-0.9526147460937509,0.49983164935714197,[0.90747308731079102],34.88238525390625
2014-01-25 23:50:00,39.8614,-3.9067491210937533,0.49988724072043467,[15.262693405151367],35.95465087890625
2014-01-25 23:55:00,35.8336,1.539507910156253,0.5001174530321095,[2.3700873851776123],37.37310791015625
2014-01-26 00:00:00,35.9521,4.1405208496093735,0.5004241181584498,[17.143922805786133],40.092620849609375
2014-01-26 00:05:00,35.8314,4.81815139160156,0.5007254910117898,[23.214565277099609],40.64955139160156
2014-01-26 00:10:00,35.7143,4.562296069335936,0.5009548243247037,[20.81456184387207],40.27659606933594
2014-01-26 00:15:00,35.9543,3.5795821411132778,0.5011957815698892,[12.813408851623535],39.53388214111328
2014-01-26 00:20:00,30.7692,7.404048291015624,0.5014621260277081,[54.819938659667969],38.173248291015625
2014-01-26 00:25:00,30.8977,5.58124287109375,0.5016317815023914,[31.150279998779297],36.47894287109375
2014-01-26 00:30:00,30.8954,1.2568674560546889,0.5017124982572261,[1.5797181129455566],32.15226745605469
2014-01-26 00:35:00,33.3333,-4.609798794555665,0.5015783440222183,[21.250259399414062],28.723501205444336
2014-01-26 00:40:00,33.5553,-6.90970254211426,0.5014685596341393,[47.744010925292969],26.645597457885742
2014-01-26 00:45:00,33.3333,-6.505951290893556,0.5011722454428664,[42.327423095703125],26.827348709106445
2014-01-26 00:50:00,30.7692,-2.7914148895263686,0.5009164348873111,[7.7919936180114746],27.977785110473633
2014-01-26 00:55:00,35.9529,-6.895719595336914,0.500484073850154,[47.550949096679688],29.057180404663086
2014-01-26 01:00:00,33.5573,-3.389256863403318,0.5001901933616235,[11.487066268920898],30.16804313659668
2014-01-26 01:05:00,33.3333,-0.7012504394531263,0.5000316459411338,[0.49175435304641724],32.632049560546875
2014-01-26 01:10:00,33.5587,0.9672170532226545,0.49979293712875295,[0.93550771474838257],34.525917053222656
2014-01-26 01:15:00,33.3333,1.06117784423828,0.49962505559484904,[1.126095175743103],34.39447784423828
2014-01-26 01:20:00,33.3333,1.0983864013671862,0.4996186769444396,[1.2064492702484131],34.43168640136719
2014-01-26 01:25:00,33.6067,0.6977433593750035,0.49981496397092984,[0.48684453964233398],34.304443359375
2014-01-26 01:30:00,36.13,-1.3073071289062526,0.500022577481961,[1.709054708480835],34.82269287109375
2014-01-26 01:35:00,37.1429,-2.550729284667966,0.5001693934392466,[6.5062127113342285],34.59217071533203
2014-01-26 01:40:00,35.7143,0.2710210449218735,0.5002828195046096,[0.073453359305858612],35.985321044921875
2014-01-26 01:45:00,35.9507,1.9889133422851586,0.5006122209355335,[3.9557807445526123],37.939613342285156
2014-01-26 01:50:00,35.7143,3.5484563476562485,0.5008693489089775,[12.591554641723633],39.26275634765625
2014-01-26 01:55:00,35.7143,3.892069018554686,0.5010395226685624,[15.148215293884277],39.60636901855469
2014-01-26 02:00:00,35.9543,3.4115065795898403,0.5011300225196351,[11.63837718963623],39.365806579589844
2014-01-26 02:05:00,35.9507,2.7184360473632836,0.5011914213592806,[7.3899006843566895],38.66913604736328
2014-01-26 02:10:00,30.7692,6.75790723876953,0.5014011326962288,[45.669319152832031],37.52710723876953
2014-01-26 02:15:00,31.0254,5.0193311401367176,0.5015614532034155,[25.193683624267578],36.04473114013672
2014-01-26 02:20:00,33.3333,-0.5602973754882825,0.5015896228361099,[0.31393489241600037],32.77300262451172
2014-01-26 02:25:00,33.4427,-3.8926263763427755,0.5015404900085934,[15.152535438537598],29.550073623657227
2014-01-26 02:30:00,33.5573,-5.042161373901365,0.5013436078739968,[25.423397064208984],28.515138626098633
2014-01-26 02:35:00,33.3333,-4.8850864227294934,0.501088437927282,[23.864084243774414],28.448213577270508
2014-01-26 02:40:00,33.5573,-4.508176235961912,0.5007889825331201,[20.323657989501953],29.049123764038086
2014-01-26 02:45:00,33.3333,-3.522808438110353,0.5005131141261887,[12.410190582275391],29.81049156188965
2014-01-26 02:50:00,33.3333,-1.8311694915771497,0.5003178260505217,[3.3531873226165771],31.50213050842285
2014-01-26 02:55:00,33.6687,-0.8740298950195324,0.5001838272413435,[0.76393032073974609],32.79467010498047
2014-01-26 03:00:00,33.5573,-0.3147462890624979,0.49991982164918036,[0.099065586924552917],33.2425537109375
2014-01-26 03:05:00,33.3333,-0.031099682617188762,0.4997310718909679,[0.00096728629432618618],33.30220031738281
2014-01-26 03:10:00,37.5879,-4.115190344238279,0.49959855284900045,[16.934776306152344],33.47270965576172
2014-01-26 03:15:00,39.7621,-5.755882043457028,0.49952933350963313,[33.130180358886719],34.00621795654297
2014-01-26 03:20:00,37.705,-1.267828063964842,0.49967010969397907,[1.6073926687240601],36.437171936035156
2014-01-26 03:25:00,30.7692,9.408679333496092,0.5002027472883961,[88.523262023925781],40.177879333496094
2014-01-26 03:30:00,35.835,6.219244995117187,0.5006028095318098,[38.679019927978516],42.05424499511719
2014-01-26 03:35:00,35.8314,3.8744029174804666,0.5008789049700831,[15.010983467102051],39.70580291748047
2014-01-26 03:40:00,30.7692,7.301196423339842,0.5012196335795556,[53.307479858398438],38.070396423339844
2014-01-26 03:45:00,30.8992,5.96011396484375,0.5014747622239049,[35.522953033447266],36.85931396484375
2014-01-26 03:50:00,30.7692,2.5697205932617173,0.5015826685658029,[6.6034669876098633],33.33892059326172
2014-01-26 03:55:00,33.615,-4.6242716217041036,0.5014115766035553,[21.383903503417969],28.9907283782959
2014-01-26 04:00:00,33.3333,-6.474281674194337,0.5013242826925695,[41.916343688964844],26.859018325805664
2014-01-26 04:05:00,33.4447,-5.392169711303708,0.5013388184582583,[29.075475692749023],28.05253028869629
2014-01-26 04:10:00,33.3333,-3.721382504272462,0.5012475530705187,[13.848699569702148],29.61191749572754
2014-01-26 04:15:00,33.5553,-2.9699518707275416,0.5007839783534458,[8.8206243515014648],30.58534812927246
2014-01-26 04:20:00,35.7143,-3.7811659210205093,0.5004093935652447,[14.297202110290527],31.933134078979492
2014-01-26 04:25:00,33.3333,0.17519914550781124,0.5002704770315494,[0.030694199725985527],33.50849914550781
2014-01-26 04:30:00,35.9543,-0.48918922119140973,0.499977990686961,[0.2393060177564621],35.465110778808594
2014-01-26 04:35:00,33.3333,2.1437355224609362,0.49983418096015686,[4.5955953598022461],35.47703552246094
2014-01-26 04:40:00,33.5553,2.41004729003906,0.49982758581477504,[5.8083200454711914],35.96534729003906
2014-01-26 04:45:00,33.3333,2.3871208374023425,0.5000904237098367,[5.698338508605957],35.720420837402344
2014-01-26 04:50:00,33.3333,1.7383476440429675,0.5003986709088317,[3.0218472480773926],35.07164764404297
2014-01-26 04:55:00,38.9314,-4.47793167724609,0.5004335217153117,[20.051874160766602],34.453468322753906
2014-01-26 05:00:00,34.1127,-0.37439586181640294,0.500559367151181,[0.14017331600189209],33.738304138183594
2014-01-26 05:05:00,33.3333,2.64388048095703,0.5007701929404331,[6.9900956153869629],35.97718048095703
2014-01-26 05:10:00,35.8336,0.5556059326171905,0.5009333690619029,[0.30869895219802856],36.38920593261719
2014-01-26 05:15:00,35.835,0.029479064941405397,0.5009279642298261,[0.00086906924843788147],35.864479064941406
2014-01-26 05:20:00,35.835,0.3322744750976554,0.5009589420022598,[0.11040693521499634],36.167274475097656
2014-01-26 05:25:00,35.835,0.9459829711914054,0.500913788723117,[0.89488554000854492],36.780982971191406
2014-01-26 05:30:00,30.7692,6.211909619140624,0.501056330049257,[38.58782958984375],36.981109619140625
2014-01-26 05:35:00,35.9529,-0.06631857910156214,0.500963973484217,[0.0043981452472507954],35.88658142089844
2014-01-26 05:40:00,35.7143,-2.0514505737304702,0.5008214130215857,[4.208442211151123],33.66284942626953
2014-01-26 05:45:00,30.7692,2.6111329467773423,0.5010885520677585,[6.8180184364318848],33.380332946777344
2014-01-26 05:50:00,33.6108,0.35042741699218993,0.501115997350944,[0.12279818207025528],33.96122741699219
2014-01-26 05:55:00,33.3333,-1.5385249908447278,0.5009584571079456,[2.3670639991760254],31.794775009155273
2014-01-26 06:00:00,33.556,-2.8727209625244114,0.5008294565121356,[8.2525243759155273],30.683279037475586
2014-01-26 06:05:00,33.3333,-2.6960414703369153,0.5007268943917278,[7.2686481475830078],30.637258529663086
2014-01-26 06:10:00,33.556,-1.9425718841552708,0.5006411961520842,[3.7735846042633057],31.613428115844727
2014-01-26 06:15:00,33.3333,-1.5148090179443372,0.5005483555930811,[2.2946510314941406],31.818490982055664
2014-01-26 06:20:00,33.3333,-1.3337253387451184,0.5002631488834834,[1.778827428817749],31.999574661254883
2014-01-26 06:25:00,33.5553,-0.8022711303710963,0.5002352709328299,[0.64364165067672729],32.753028869628906
2014-01-26 06:30:00,33.3333,-0.022463208007813762,0.500311898980466,[0.0005046650767326355],33.31083679199219
2014-01-26 06:35:00,35.872,-2.1093046875,0.5001333628689049,[4.4491734504699707],33.7626953125
2014-01-26 06:40:00,35.556,-1.7524263916015599,0.5000537761323643,[3.0709974765777588],33.80357360839844
2014-01-26 06:45:00,33.446,1.782149414062502,0.5001791157696369,[3.1760594844818115],35.2281494140625
2014-01-26 06:50:00,33.4447,3.130319836425784,0.5004060023993433,[9.7989130020141602],36.57501983642578
2014-01-26 06:55:00,33.3333,3.1827217285156237,0.500628322050767,[10.129707336425781],36.516021728515625
2014-01-26 07:00:00,35.9557,-0.12456138916015647,0.5006972515309345,[0.015515520237386227],35.831138610839844
2014-01-26 07:05:00,35.9521,-0.827328881835939,0.5007234384140087,[0.68447118997573853],35.12477111816406
2014-01-26 07:10:00,35.7143,-0.08933814697265774,0.5007706777314322,[0.0079809911549091339],35.624961853027344
2014-01-26 07:15:00,35.7143,0.47249046630859226,0.5008190290511012,[0.22324889898300171],36.186790466308594
2014-01-26 07:20:00,35.9543,0.583618090820309,0.5008420106092987,[0.34061014652252197],36.53791809082031
2014-01-26 07:25:00,30.7692,6.331096020507811,0.5011617942943619,[40.082786560058594],37.10029602050781
2014-01-26 07:30:00,35.835,1.4587088012695304,0.501283762830355,[2.1278340816497803],37.29370880126953
2014-01-26 07:35:00,33.3333,1.7495247070312487,0.5012824973078283,[3.0608313083648682],35.08282470703125
2014-01-26 07:40:00,30.7692,2.8136170776367173,0.501270291057369,[7.9164447784423828],33.58281707763672
2014-01-26 07:45:00,31.0238,1.3175696289062486,0.5011993862913191,[1.735990047454834],32.34136962890625
2014-01-26 07:50:00,33.3333,-3.5554240997314466,0.5010694979554511,[12.641051292419434],29.777875900268555
2014-01-26 07:55:00,33.4427,-5.194582553100588,0.5009040948108296,[26.983682632446289],28.248117446899414
2014-01-26 08:00:00,30.8977,-2.6729170562744144,0.5008061609616192,[7.1444821357727051],28.224782943725586
2014-01-26 08:05:00,33.552,-3.6312675018310543,0.5006503932645299,[13.186090469360352],29.920732498168945
2014-01-26 08:10:00,33.3333,-3.635052090454103,0.5004901435429553,[13.213614463806152],29.6982479095459
2014-01-26 08:15:00,35.22400000000001,-4.507575057983409,0.5000776318762366,[20.31822395324707],30.7164249420166
2014-01-26 08:20:00,36.1093,-3.8247541015624975,0.4998765168824548,[14.62873363494873],32.2845458984375
2014-01-26 08:25:00,33.4447,1.23802399902344,0.4998565825775758,[1.5327075719833374],34.68272399902344
2014-01-26 08:30:00,33.446,3.197363952636721,0.49987053355196476,[10.223141670227051],36.64336395263672
2014-01-26 08:35:00,35.7143,1.0221730834960923,0.49985885830802224,[1.0448414087295532],36.736473083496094
2014-01-26 08:40:00,35.835,0.8246374511718741,0.500025663409043,[0.68002843856811523],36.659637451171875
2014-01-26 08:45:00,36.3114,0.8476652465820322,0.5002560441526709,[0.71853405237197876],37.15906524658203
2014-01-26 08:50:00,36.3079,1.5371622558593785,0.5004165091544459,[2.3628695011138916],37.845062255859375
2014-01-26 08:55:00,35.8314,2.231779016113279,0.5006401476554267,[4.9808292388916016],38.06317901611328
2014-01-26 09:00:00,35.835,2.425955810546874,0.5008714749457599,[5.8852658271789551],38.260955810546875
2014-01-26 09:05:00,35.835,2.5563421630859366,0.501141282152465,[6.5348896980285645],38.39134216308594
2014-01-26 09:10:00,35.8314,2.460294641113279,0.5013814911390524,[6.0530405044555664],38.29169464111328
2014-01-26 09:15:00,30.8977,6.650418591308593,0.5015879072160501,[44.228076934814453],37.548118591308594
2014-01-26 09:20:00,35.8336,0.35743240966797174,0.5014794784353551,[0.12775857746601105],36.19103240966797
2014-01-26 09:25:00,35.7143,-2.657094799804689,0.5013392328428004,[7.0601434707641602],33.05720520019531
2014-01-26 09:30:00,30.8992,1.0952057464599605,0.5013496715888666,[1.1994746923446655],31.99440574645996
2014-01-26 09:35:00,33.4742,-1.199351062011722,0.501271631032715,[1.4384458065032959],32.27484893798828
2014-01-26 09:40:00,33.4725,-2.9297582244873013,0.5011010246374239,[8.5834827423095703],30.542741775512695
2014-01-26 09:45:00,33.446,-3.6671132049560526,0.5008755034774108,[13.447712898254395],29.778886795043945
2014-01-26 09:50:00,33.4447,-3.599418399047849,0.5006449723095635,[12.955801010131836],29.84528160095215
2014-01-26 09:55:00,33.8887,-2.986041537475586,0.5004327360044384,[8.9164352416992188],30.902658462524414
2014-01-26 10:00:00,38.46,-7.139258346557618,0.5000652037634257,[50.968997955322266],31.320741653442383
2014-01-26 10:05:00,33.556,-1.4463961181640599,0.49975438225892976,[2.0920610427856445],32.10960388183594
2014-01-26 10:10:00,33.3333,1.9673591796874987,0.49981563918247784,[3.8704960346221924],35.3006591796875
2014-01-26 10:15:00,33.3333,3.2643715087890612,0.5000423803515229,[10.656111717224121],36.59767150878906
2014-01-26 10:20:00,33.5573,2.563122363281252,0.5000982400425884,[6.5695934295654297],36.12042236328125
2014-01-26 10:25:00,33.3333,1.9418007080078112,0.5002185291339132,[3.7705841064453125],35.27510070800781
2014-01-26 10:30:00,35.8336,-1.208233789062497,0.5002847203407624,[1.4598267078399658],34.6253662109375
2014-01-26 10:35:00,35.7143,-1.4926126831054702,0.500368414408819,[2.2278873920440674],34.22168731689453
2014-01-26 10:40:00,35.8314,-1.5049229492187521,0.5004490876789837,[2.264798641204834],34.32647705078125
2014-01-26 10:45:00,35.8336,-0.00338454589843451,0.5005638043948846,[1.144899579230696e-05],35.83021545410156
2014-01-26 10:50:00,35.7143,1.4985219604492173,0.5008961246645542,[2.2455732822418213],37.21282196044922
2014-01-26 10:55:00,35.835,2.595938720703124,0.5010515379202095,[6.7389025688171387],38.430938720703125
2014-01-26 11:00:00,35.9521,2.5746257690429672,0.5010747196451986,[6.6287035942077637],38.52672576904297
2014-01-26 11:05:00,35.7143,2.625345385742186,0.50104988087131,[6.8924474716186523],38.33964538574219
2014-01-26 11:10:00,30.7692,6.817485180664061,0.5012131080427364,[46.478111267089844],37.58668518066406
2014-01-26 11:15:00,33.4725,2.967311706542972,0.5012524420487038,[8.8049392700195312],36.43981170654297
2014-01-26 11:20:00,33.4447,-0.14921354980468493,0.5012935024093914,[0.022264186292886734],33.29548645019531
2014-01-26 11:25:00,33.4427,-2.268587680053713,0.5012640546277435,[5.1464877128601074],31.17411231994629
2014-01-26 11:30:00,33.3333,-2.985096340942384,0.501207495975009,[8.9108095169067383],30.348203659057617
2014-01-26 11:35:00,33.4447,-3.5904233428955052,0.5010696233613239,[12.891127586364746],29.854276657104492
2014-01-26 11:40:00,37.8707,-7.899987338256835,0.5007077292765832,[62.409812927246094],29.970712661743164
2014-01-26 11:45:00,33.446,-2.9003590545654276,0.5004957408425408,[8.4120779037475586],30.54564094543457
2014-01-26 11:50:00,33.446,0.4077979125976583,0.5004118752724012,[0.16629983484745026],33.853797912597656
2014-01-26 11:55:00,33.4447,1.58183503417969,0.5003712350562073,[2.5022072792053223],35.02653503417969
2014-01-26 12:00:00,33.5553,1.1558587524414037,0.5001520094420742,[1.3360055685043335],34.711158752441406
2014-01-26 12:05:00,35.7143,-1.5750788085937515,0.49997629267306753,[2.4808676242828369],34.13922119140625
2014-01-26 12:10:00,35.835,-1.9559106445312509,0.49990638622633177,[3.8255829811096191],33.87908935546875
2014-01-26 12:15:00,35.8336,-1.011151269531247,0.4999549409854759,[1.0224250555038452],34.82244873046875
2014-01-26 12:20:00,35.8314,-0.3891163696289084,0.5000552873937706,[0.1514129638671875],35.442283630371094
2014-01-26 12:25:00,35.7143,0.9841786987304673,0.5002321772212188,[0.96861118078231812],36.69847869873047
2014-01-26 12:30:00,35.835,1.9310598754882804,0.5006127665021616,[3.7289958000183105],37.76605987548828
2014-01-26 12:35:00,31.0238,7.520938769531249,0.5010157450361339,[56.564521789550781],38.54473876953125
2014-01-26 12:40:00,33.4725,4.730975952148441,0.5011828768678187,[22.382135391235352],38.20347595214844
2014-01-26 12:45:00,33.4427,1.8430284545898417,0.5011929336513302,[3.3967559337615967],35.285728454589844
2014-01-26 12:50:00,33.3333,-0.44590986328125126,0.5011310068180841,[0.19883698225021362],32.88739013671875
2014-01-26 12:55:00,33.552,-1.823062850952148,0.501121764224062,[3.3235514163970947],31.72893714904785
2014-01-26 13:00:00,33.446,-2.377203842163084,0.5011058568785939,[5.6510939598083496],31.068796157836914
2014-01-26 13:05:00,33.4427,-2.3382020904541037,0.5010547529181806,[5.467186450958252],31.1044979095459
2014-01-26 13:10:00,33.3333,-2.0826381500244153,0.5009893432764345,[4.3373880386352539],31.250661849975586
2014-01-26 13:15:00,33.5573,-1.2642625854492167,0.5009022170892872,[1.5983613729476929],32.29303741455078
2014-01-26 13:20:00,36.3313,-3.618020275878905,0.5006870059970192,[13.090062141418457],32.713279724121094
2014-01-26 13:25:00,34.8893,-1.71010841064453,0.5003282069660147,[2.9244751930236816],33.17919158935547
2014-01-26 13:30:00,33.47,1.0053112792968761,0.5001830120155351,[1.0106483697891235],34.475311279296875
2014-01-26 13:35:00,33.446,2.1196509399414083,0.5001933405270045,[4.4929237365722656],35.565650939941406
2014-01-26 13:40:00,35.9507,-0.5693523437499977,0.500188446962694,[0.32416078448295593],35.38134765625
2014-01-26 13:45:00,35.7143,-0.7330988281250015,0.5002308258179095,[0.53743129968643188],34.981201171875
2014-01-26 13:50:00,35.8336,-0.20064254150390326,0.5003154942191795,[0.040257062762975693],35.632957458496094
2014-01-26 13:55:00,35.7143,0.7849904663085923,0.5004369808701825,[0.61621278524398804],36.499290466308594
2014-01-26 14:00:00,35.9543,0.7197646362304653,0.5005460505094075,[0.51806122064590454],36.67406463623047
2014-01-26 14:05:00,35.7143,1.2657415039062485,0.5006444988128773,[1.602105975151062],36.98004150390625
2014-01-26 14:10:00,35.9543,1.4575957519531215,0.5008422840905431,[2.1245856285095215],37.411895751953125
2014-01-26 14:15:00,30.7692,6.942523327636717,0.5011790448575225,[48.198638916015625],37.71172332763672
2014-01-26 14:20:00,33.3333,3.5568824951171862,0.5012783339691109,[12.651402473449707],36.89018249511719
2014-01-26 14:25:00,33.556,0.29125189208984636,0.501207103043613,[0.084827810525894165],33.847251892089844
2014-01-26 14:30:00,33.3333,-1.8372272308349622,0.5011579923977796,[3.3754096031188965],31.49607276916504
2014-01-26 14:35:00,33.5553,-2.7654535797119166,0.5010790996320418,[7.647742748260498],30.789846420288086
2014-01-26 14:40:00,33.3333,-3.054687863159181,0.5009680775860433,[9.3311271667480469],30.27861213684082
2014-01-26 14:45:00,33.446,-2.9369915924072245,0.5008230347424334,[8.6259145736694336],30.509008407592773
2014-01-26 14:50:00,33.4447,-2.667148348999021,0.5006909660270866,[7.1136713027954102],30.777551651000977
2014-01-26 14:55:00,33.3333,-1.2689460571289075,0.500591971453971,[1.6102280616760254],32.064353942871094
2014-01-26 15:00:00,35.456,-2.717497497558597,0.5004289014923872,[7.3847994804382324],32.738502502441406
2014-01-26 15:05:00,36.11,-2.8972314453124994,0.5000439925636306,[8.3939533233642578],33.2127685546875
2014-01-26 15:10:00,33.3333,0.9375282470703112,0.4999410897531903,[0.87895631790161133],34.27082824707031
2014-01-26 15:15:00,33.3333,2.6046577636718737,0.5000311350501006,[6.7842340469360352],35.937957763671875
2014-01-26 15:20:00,35.9529,0.1509284301757816,0.50010880893594,[0.02277941070497036],36.10382843017578
2014-01-26 15:25:00,35.8314,-0.20434006347656464,0.500209038070535,[0.041755609214305878],35.62705993652344
2014-01-26 15:30:00,35.8336,0.451739355468753,0.5003463147875772,[0.20406927168369293],36.28533935546875
2014-01-26 15:35:00,37.8621,-0.7093442626953106,0.5004336722346308,[0.50316745042800903],37.15275573730469
2014-01-26 15:40:00,38.2136,-0.6853559814453121,0.5005114372139394,[0.46971303224563599],37.52824401855469
2014-01-26 15:45:00,30.8954,7.682854699707033,0.5008617220169591,[59.026271820068359],38.57825469970703
2014-01-26 15:50:00,36.8986,2.9092994750976544,0.5010823130226774,[8.4640140533447266],39.807899475097656
2014-01-26 15:55:00,30.7692,6.945704785156249,0.501468082131098,[48.242824554443359],37.71490478515625
2014-01-26 16:00:00,33.6133,2.4242289916992164,0.501526425451317,[5.8768844604492188],36.03752899169922
2014-01-26 16:05:00,33.6133,-0.6508671386718774,0.5013988504948435,[0.42362844944000244],32.962432861328125
2014-01-26 16:10:00,33.3333,-2.735748654174806,0.5012859590468873,[7.4843292236328125],30.597551345825195
2014-01-26 16:15:00,33.3333,-3.511669522094728,0.501156550759849,[12.331833839416504],29.821630477905273
2014-01-26 16:20:00,33.5553,-4.415035488891604,0.5009658297523365,[19.4925537109375],29.1402645111084
2014-01-26 16:25:00,33.3333,-2.9267734344482434,0.5008790441868404,[8.5660114288330078],30.406526565551758
2014-01-26 16:30:00,33.5553,-2.7065241363525416,0.5007998988409272,[7.325282096862793],30.84877586364746
2014-01-26 16:35:00,33.3333,-1.1654075439453138,0.5004516896559328,[1.3581783771514893],32.16789245605469
2014-01-26 16:40:00,34.3347,-1.9589828369140605,0.5002601165685394,[3.8376197814941406],32.37571716308594
2014-01-26 16:45:00,36.984,-3.991392883300783,0.4998295660415025,[15.93122673034668],32.99260711669922
2014-01-26 16:50:00,33.3333,0.34338151855468624,0.49974723216171024,[0.11790980398654938],33.67668151855469
2014-01-26 16:55:00,35.9507,-0.2050258666992164,0.4997645321062958,[0.042035136371850967],35.74567413330078
2014-01-26 17:00:00,33.4427,2.921504406738279,0.4999869735875776,[8.535191535949707],36.36420440673828
2014-01-26 17:05:00,35.8336,1.1420546020507842,0.50017019587393,[1.304290771484375],36.97565460205078
2014-01-26 17:10:00,35.7143,1.1558477050781235,0.5003897293583225,[1.33598792552948],36.870147705078125
2014-01-26 17:15:00,35.9521,1.0803935913085922,0.5005476841210088,[1.167252779006958],37.032493591308594
2014-01-26 17:20:00,35.7143,1.732004321289061,0.5007226903992414,[2.999845027923584],37.44630432128906
2014-01-26 17:25:00,35.835,1.350966491699218,0.5008219299588883,[1.8251129388809204],37.18596649169922
2014-01-26 17:30:00,35.835,1.6332617187499991,0.5009637091809074,[2.6675467491149902],37.46826171875
2014-01-26 17:35:00,35.7143,1.509134448242186,0.5011810246158268,[2.2774920463562012],37.22343444824219
2014-01-26 17:40:00,35.835,1.5354910278320304,0.5012281218875029,[2.3577353954315186],37.37049102783203
2014-01-26 17:45:00,35.7143,0.911600268554686,0.5012723453614188,[0.83101826906204224],36.62590026855469
2014-01-26 17:50:00,30.8977,5.20435078125,0.5013621705793613,[27.085273742675781],36.10205078125
2014-01-26 17:55:00,33.4725,1.6199606323242222,0.501381093527539,[2.6242730617523193],35.09246063232422
2014-01-26 18:00:00,33.446,-0.993210693359373,0.5012963663404486,[0.98646581172943115],32.452789306640625
2014-01-26 18:05:00,33.4427,-2.9118829681396505,0.5011388325498687,[8.4790592193603516],30.53081703186035
2014-01-26 18:10:00,33.446,-3.530085464477537,0.5009309701693789,[12.46149730682373],29.91591453552246
2014-01-26 18:15:00,33.4447,-3.8151013824462865,0.5007268145286556,[14.554986000061035],29.62959861755371
2014-01-26 18:20:00,33.4447,-3.4478642913818334,0.5005258471361032,[11.88775634765625],29.996835708618164
2014-01-26 18:25:00,37.906,-7.403228622436522,0.500173329914498,[54.807765960693359],30.502771377563477
2014-01-26 18:30:00,33.556,-1.3574450073242161,0.5000585857930957,[1.8426562547683716],32.19855499267578
2014-01-26 18:35:00,33.3333,1.65517198486328,0.5000876762443529,[2.7395892143249512],34.98847198486328
2014-01-26 18:40:00,35.7143,0.35566917724609226,0.49989498307358005,[0.12650181353092194],36.069969177246094
2014-01-26 18:45:00,35.9543,-0.43051917724609723,0.4998133695437552,[0.18534669280052185],35.523780822753906
2014-01-26 18:50:00,35.7143,0.6503545410156235,0.4998782847772981,[0.42296332120895386],36.364654541015625
2014-01-26 18:55:00,35.835,1.5252676391601554,0.500054120501108,[2.326444149017334],37.360267639160156
2014-01-26 19:00:00,35.835,2.195181884765624,0.5002811764104247,[4.8188276290893555],38.030181884765625
2014-01-26 19:05:00,35.9543,1.7953719360351528,0.5005038648727193,[3.223360538482666],37.749671936035156
2014-01-26 19:10:00,35.7143,2.3031560546874985,0.5007322186356901,[5.3045358657836914],38.0174560546875
2014-01-26 19:15:00,35.835,2.3914480590820304,0.501121566191998,[5.7190279960632324],38.22644805908203
2014-01-26 19:20:00,35.8336,2.1029615844726592,0.5012591352054107,[4.4224510192871094],37.936561584472656
2014-01-26 19:25:00,30.8954,6.176110314941408,0.5014384627984562,[38.14434814453125],37.071510314941406
2014-01-26 19:30:00,33.4742,2.5738575561523405,0.5015266926903899,[6.6247363090515137],36.048057556152344
2014-01-26 19:35:00,33.3333,-0.09572828369140751,0.5015403116243317,[0.0091642001643776894],33.237571716308594
2014-01-26 19:40:00,33.446,-2.3192471466064433,0.5014225662678602,[5.3789033889770508],31.126752853393555
2014-01-26 19:45:00,33.4447,-3.2276456329345677,0.501233783716735,[10.417685508728027],30.21705436706543
2014-01-26 19:50:00,33.4447,-3.7099759552001927,0.5009990012814154,[13.763909339904785],29.734724044799805
2014-01-26 19:55:00,33.4447,-3.4953305694580052,0.5007885461653834,[12.217324256896973],29.949369430541992
2014-01-26 20:00:00,33.4447,-3.1382901641845677,0.5005718960684682,[9.8488550186157227],30.30640983581543
2014-01-26 20:05:00,38.112,-6.46228648376465,0.5002193541733029,[41.761138916015625],31.64971351623535
2014-01-26 20:10:00,33.5553,-0.8950521972656276,0.50009963820159,[0.80112141370773315],32.660247802734375
2014-01-26 20:15:00,33.3333,1.9282814208984362,0.49992957442667807,[3.7182633876800537],35.26158142089844
2014-01-26 20:20:00,33.5573,2.3676649047851583,0.49992079305571446,[5.6058344841003418],35.924964904785156
2014-01-26 20:25:00,33.3333,2.0954414550781237,0.5000078359541268,[4.3908681869506836],35.428741455078125
2014-01-26 20:30:00,33.4427,1.629290966796873,0.5001652379199499,[2.6545908451080322],35.071990966796875
2014-01-26 20:35:00,35.8336,-1.3723115478515595,0.5002394317412701,[1.8832365274429321],34.46128845214844
2014-01-26 20:40:00,35.7143,-1.5087030761718765,0.5003275270237102,[2.2761797904968262],34.205596923828125
2014-01-26 20:45:00,35.8314,-1.4046574462890646,0.5004112403580094,[1.9730676412582397],34.42674255371094
2014-01-26 20:50:00,35.835,0.0329122924804679,0.5005380676779703,[0.0010832792613655329],35.86791229248047
2014-01-26 20:55:00,35.8336,1.3505812133789092,0.5008506343237319,[1.8240721225738525],37.184181213378906
2014-01-26 21:00:00,35.8314,2.4925288330078104,0.5009860280800984,[6.2126908302307129],38.32392883300781
2014-01-26 21:05:00,35.8314,2.696714318847654,0.5010165571801452,[7.2722582817077637],38.528114318847656
2014-01-26 21:10:00,35.8336,2.5154982055664092,0.5010222603262278,[6.3277359008789062],38.349098205566406
2014-01-26 21:15:00,30.8977,6.661900830078125,0.5012045367361928,[44.380931854248047],37.559600830078125
2014-01-26 21:20:00,30.7692,5.64261182861328,0.5013648807169302,[31.839075088500977],36.41181182861328
2014-01-26 21:25:00,31.0277,2.1517738769531256,0.5015061658019491,[4.6301288604736328],33.179473876953125
2014-01-26 21:30:00,33.3333,-3.637268429565431,0.5014214927605176,[13.229732513427734],29.69603157043457
2014-01-26 21:35:00,33.4725,-5.967985305786129,0.5012393397422141,[35.616847991943359],27.504514694213867
2014-01-26 21:40:00,33.4742,-6.254021395874027,0.5009879094385645,[39.112796783447266],27.220178604125977
2014-01-26 21:45:00,37.908,-9.644219406127931,0.5005476809273461,[93.010986328125],28.26378059387207
2014-01-26 21:50:00,33.5573,-3.8315061614990213,0.5002940788616446,[14.68044376373291],29.725793838500977
2014-01-26 21:55:00,33.3333,0.41532670898437374,0.5002022239792534,[0.17249499261379242],33.748626708984375
2014-01-26 22:00:00,33.7525,2.1663003540039085,0.5001877551636588,[4.6928629875183105],35.918800354003906
2014-01-26 22:05:00,33.3333,2.831594104003905,0.5000332163171919,[8.0179166793823242],36.164894104003906
2014-01-26 22:10:00,33.4427,2.1525377319335917,0.4998923531962375,[4.6334209442138672],35.595237731933594
2014-01-26 22:15:00,33.4447,1.243303540039065,0.4998553898746019,[1.5458078384399414],34.68800354003906
2014-01-26 22:20:00,33.4447,0.6449606445312526,0.5000273960651149,[0.41597637534141541],34.08966064453125
2014-01-26 22:25:00,33.4447,-0.24329161376952868,0.5002577005523081,[0.059189997613430023],33.20140838623047
2014-01-26 22:30:00,33.3333,-0.05602491455078251,0.5005071890018398,[0.0031389640644192696],33.27727508544922
2014-01-26 22:35:00,35.8336,-2.2306184326171845,0.500806087592633,[4.9756546020507812],33.60298156738281
2014-01-26 22:40:00,35.8314,-1.6976338256835959,0.5008923384458087,[2.8819668292999268],34.133766174316406
2014-01-26 22:45:00,35.8314,-0.5065327514648459,0.5008553079272209,[0.25657728314399719],35.324867248535156
2014-01-26 22:50:00,35.7143,1.021646655273436,0.5008090721492626,[1.0437654256820679],36.73594665527344
2014-01-26 22:55:00,35.7143,1.979715502929686,0.5007744926961761,[3.9192802906036377],37.69401550292969
2014-01-26 23:00:00,35.9507,2.228216931152346,0.5007772864374364,[4.9649558067321777],38.178916931152344
2014-01-26 23:05:00,39.5279,-1.317038793945315,0.5006741429138681,[1.7345930337905884],38.21086120605469
2014-01-26 23:10:00,30.7692,7.517413464355467,0.5009506312374421,[56.511512756347656],38.28661346435547
2014-01-26 23:15:00,30.8992,7.914444409179687,0.5012791340848418,[62.638423919677734],38.81364440917969
2014-01-26 23:20:00,33.3333,2.4428230468749987,0.5013799546014335,[5.967376708984375],35.776123046875
2014-01-26 23:25:00,33.4447,-1.9553334686279271,0.501391552418241,[3.8233225345611572],31.48936653137207
2014-01-26 23:30:00,33.5593,-3.7752023284912113,0.5013082762249641,[14.252148628234863],29.78409767150879
2014-01-26 23:35:00,33.3333,-4.308716183471681,0.5011552759530772,[18.565048217773438],29.02458381652832
2014-01-26 23:40:00,33.6092,-4.434237002563478,0.50093530262143,[19.662452697753906],29.174962997436523
2014-01-26 23:45:00,33.3333,-4.295215969848634,0.5006820316777312,[18.448892593383789],29.038084030151367
2014-01-26 23:50:00,30.7692,-0.04935327453613425,0.5005898519583873,[0.0024356837384402752],30.719846725463867
2014-01-26 23:55:00,33.446,-1.3269967041015605,0.5005895899076099,[1.7609180212020874],32.11900329589844
2014-01-27 00:00:00,33.556,-1.7009947357177708,0.5002164230201099,[2.8933823108673096],31.855005264282227
2014-01-27 00:05:00,33.3333,-1.7253536041259778,0.4998259505202769,[2.9768502712249756],31.607946395874023
2014-01-27 00:10:00,33.5587,-1.277518664550783,0.49967506998364897,[1.632055401802063],32.28118133544922
2014-01-27 00:15:00,35.7143,-2.6628702514648452,0.49964640966103213,[7.0908684730529785],33.051429748535156
2014-01-27 00:20:00,35.7143,-1.7058771484375015,0.49973021681381147,[2.910010814666748],34.0084228515625
2014-01-27 00:25:00,35.9507,-0.17079277343749766,0.49989779346572794,[0.029169779270887375],35.7799072265625
2014-01-27 00:30:00,35.7143,2.246896899414061,0.5001683636869958,[5.048553466796875],37.96119689941406
2014-01-27 00:35:00,35.8314,3.332670129394529,0.500477390832422,[11.106678009033203],39.16407012939453
2014-01-27 00:40:00,35.8336,3.8012190307617217,0.5006331779170912,[14.449273109436035],39.63481903076172
2014-01-27 00:45:00,38.465,1.0470849609374966,0.5007294512083921,[1.0963865518569946],39.5120849609375
2014-01-27 00:50:00,36.7871,2.62948020019531,0.5009050632991887,[6.9141569137573242],39.41658020019531
2014-01-27 00:55:00,30.7692,8.983523693847655,0.5013391497003401,[80.703712463378906],39.752723693847656
2014-01-27 01:00:00,31.0215,8.07975732421875,0.5017186604307666,[65.282485961914062],39.10125732421875
2014-01-27 01:05:00,30.7692,4.407840100097655,0.502005918176976,[19.429059982299805],35.177040100097656
2014-01-27 01:10:00,33.4742,-2.52714227600098,0.5019732547824687,[6.3864541053771973],30.947057723999023
2014-01-27 01:15:00,30.7692,-3.0916468231201186,0.5018552128988121,[9.5582761764526367],27.677553176879883
2014-01-27 01:20:00,33.554,-6.843819717407229,0.501486443500453,[46.837879180908203],26.710180282592773
2014-01-27 01:25:00,33.3333,-7.679649716186525,0.5010393145799579,[58.977043151855469],25.653650283813477
2014-01-27 01:30:00,33.4447,-7.0688855621337865,0.500597627302164,[49.969120025634766],26.37581443786621
2014-01-27 01:35:00,33.4447,-4.43300986022949,0.5003749149317893,[19.651561737060547],29.011690139770508
2014-01-27 01:40:00,33.3333,-1.9838985260009778,0.5001870695945023,[3.9358594417572021],31.349401473999023
2014-01-27 01:45:00,33.5573,-0.4185823486328104,0.4998036952700865,[0.17521165311336517],33.13871765136719
2014-01-27 01:50:00,33.3333,0.136525744628905,0.4994794984782507,[0.018638856709003448],33.469825744628906
2014-01-27 01:55:00,33.4427,0.8103593872070292,0.4993322763498682,[0.65668326616287231],34.25305938720703
2014-01-27 02:00:00,33.5587,0.8769079101562482,0.4994706354429347,[0.76896649599075317],34.43560791015625
2014-01-27 02:05:00,33.4447,1.2627279785156276,0.49964782000625074,[1.5944861173629761],34.707427978515625
2014-01-27 02:10:00,35.7143,-0.8924692504882827,0.49989059284437,[0.79649823904037476],34.82183074951172
2014-01-27 02:15:00,35.8314,-0.6502476562500021,0.500177515906485,[0.42282438278198242],35.18115234375
2014-01-27 02:20:00,35.8336,0.5736494506835967,0.5004895102183369,[0.32907474040985107],36.407249450683594
2014-01-27 02:25:00,38.465,-0.6758383178710972,0.5006430789619125,[0.45675763487815857],37.789161682128906
2014-01-27 02:30:00,36.7679,2.0991883178710964,0.5008097078770389,[4.4065976142883301],38.867088317871094
2014-01-27 02:35:00,35.7143,4.8279058105468735,0.501023654339094,[23.308691024780273],40.542205810546875
2014-01-27 02:40:00,35.8336,5.3365202392578155,0.5012357595412316,[28.478458404541016],41.17012023925781
2014-01-27 02:45:00,35.7143,4.58203331298828,0.5013896516056762,[20.995044708251953],40.29633331298828
2014-01-27 02:50:00,35.9543,2.7175368530273403,0.5014648507911612,[7.3850069046020508],38.671836853027344
2014-01-27 02:55:00,30.7692,6.150889721679686,0.5016644021519452,[37.833450317382812],36.92008972167969
2014-01-27 03:00:00,33.6133,1.55688127441406,0.5017648135431525,[2.4238781929016113],35.17018127441406
2014-01-27 03:05:00,33.3333,-1.865509396362306,0.5017156085120698,[3.4801311492919922],31.467790603637695
2014-01-27 03:10:00,33.5573,-4.462552456665037,0.5015101247279867,[19.914379119873047],29.09474754333496
2014-01-27 03:15:00,33.3333,-4.814400082397462,0.5013413520926858,[23.178462982177734],28.51889991760254
2014-01-27 03:20:00,33.4447,-4.993606326293943,0.5010513614005665,[24.936086654663086],28.451093673706055
2014-01-27 03:25:00,33.4447,-4.511398074340818,0.5006689847108764,[20.352697372436523],28.93330192565918
2014-01-27 03:30:00,33.3333,-3.941364651489259,0.5002888171864073,[15.534367561340332],29.391935348510742
2014-01-27 03:35:00,35.1953,-4.202141659545902,0.49992870930018174,[17.658002853393555],30.9931583404541
2014-01-27 03:40:00,35.2207,-3.1930129272460945,0.49968622486444736,[10.195326805114746],32.027687072753906
2014-01-27 03:45:00,33.3333,0.36851274414062374,0.49944839698634746,[0.13580051064491272],33.701812744140625
2014-01-27 03:50:00,33.446,1.6128150024414083,0.4994501046694556,[2.60117506980896],35.058815002441406
2014-01-27 03:55:00,35.835,-0.2971810913085946,0.4995142063552217,[0.088316053152084351],35.537818908691406
2014-01-27 04:00:00,35.9543,-0.31537635498047223,0.4996843569801952,[0.099462196230888367],35.63892364501953
2014-01-27 04:05:00,38.5921,-1.8605097290039083,0.49980574506556485,[3.4614899158477783],36.731590270996094
2014-01-27 04:10:00,36.5479,1.6480915161132828,0.500078445016979,[2.7162017822265625],38.19599151611328
2014-01-27 04:15:00,35.9529,4.079555444335938,0.5004311993325565,[16.642772674560547],40.03245544433594
2014-01-27 04:20:00,35.7143,5.149706042480467,0.5008046084304298,[26.519491195678711],40.86400604248047
2014-01-27 04:25:00,35.9529,4.71598427734375,0.5011711766640599,[22.240509033203125],40.66888427734375
2014-01-27 04:30:00,35.7143,4.3064214355468735,0.5014795954311027,[18.545280456542969],40.020721435546875
2014-01-27 04:35:00,30.7692,7.826403942871092,0.5017860049315367,[61.252609252929688],38.595603942871094
2014-01-27 04:40:00,31.0238,5.586292163085936,0.5019493270627264,[31.206661224365234],36.61009216308594
2014-01-27 04:45:00,30.7692,1.5364640624999986,0.5020250960005563,[2.3607237339019775],32.3056640625
2014-01-27 04:50:00,33.6133,-5.081395779418948,0.5018296578337778,[25.820587158203125],28.531904220581055
2014-01-27 04:55:00,33.3333,-6.9901584442138684,0.5016193375675967,[48.862335205078125],26.343141555786133
2014-01-27 05:00:00,33.5553,-7.168110134887698,0.5012568239903272,[51.381828308105469],26.387189865112305
2014-01-27 05:05:00,33.3333,-5.854877835083009,0.5008477794748096,[34.279613494873047],27.478422164916992
2014-01-27 05:10:00,33.552,-4.9000129241943355,0.5004336037067543,[24.010108947753906],28.651987075805664
2014-01-27 05:15:00,33.3333,-2.575214749145509,0.5001327819994335,[6.6317391395568848],30.758085250854492
2014-01-27 05:20:00,33.446,-0.9927147827148417,0.4999138541610233,[0.98548096418380737],32.453285217285156
2014-01-27 05:25:00,33.4427,0.2411836669921854,0.4996001753526319,[0.058169834315776825],33.68388366699219
2014-01-27 05:30:00,33.3333,0.455373400878905,0.49938771493216993,[0.20736353099346161],33.788673400878906
2014-01-27 05:35:00,33.554,0.41053857421874795,0.4993407114784626,[0.16854122281074524],33.96453857421875
2014-01-27 05:40:00,36.0714,-1.9492305053710908,0.4994700814822073,[3.7994983196258545],34.122169494628906
2014-01-27 05:45:00,39.3814,-4.6418446411132805,0.4995674505307167,[21.546731948852539],34.73955535888672
2014-01-27 05:50:00,36.3093,0.22637504882812465,0.4998730766069429,[0.051245901733636856],36.535675048828125
2014-01-27 05:55:00,35.7143,4.055818713378905,0.5002825567712617,[16.449680328369141],39.770118713378906
2014-01-27 06:00:00,35.9507,5.404974743652346,0.5007084316704561,[29.213764190673828],41.355674743652344
2014-01-27 06:05:00,35.7143,5.549081958007811,0.5010442155681101,[30.792329788208008],41.26338195800781
2014-01-27 06:10:00,35.9529,4.719516687011719,0.5012803729304292,[22.273838043212891],40.67241668701172
2014-01-27 06:15:00,35.7143,3.7979680664062485,0.5014274646213204,[14.424574851989746],39.51226806640625
2014-01-27 06:20:00,30.8954,6.997445153808595,0.5016979670307274,[48.964252471923828],37.892845153808594
2014-01-27 06:25:00,33.4725,2.0251806640625034,0.5017649705012484,[4.1013574600219727],35.4976806640625
2014-01-27 06:30:00,33.3333,-1.2819770629882825,0.5017931482399234,[1.6434690952301025],32.05132293701172
2014-01-27 06:35:00,33.3333,-3.368114834594728,0.5018467733695988,[11.344207763671875],29.965185165405273
2014-01-27 06:40:00,33.4447,-4.09039282531738,0.5016684827044153,[16.731300354003906],29.354307174682617
2014-01-27 06:45:00,33.4427,-4.666700930786135,0.5013072324859538,[21.778091430664062],28.775999069213867
2014-01-27 06:50:00,33.4447,-4.495803591918943,0.5008968031292,[20.212234497070312],28.948896408081055
2014-01-27 06:55:00,33.446,-4.075415512084959,0.5004975456509704,[16.609004974365234],29.37058448791504
2014-01-27 07:00:00,33.4427,-2.6403680755615255,0.5001919700150786,[6.9715404510498047],30.802331924438477
2014-01-27 07:05:00,33.4427,-1.707106204223635,0.49996319092416763,[2.9142096042633057],31.735593795776367
2014-01-27 07:10:00,33.4447,-0.9966866943359349,0.4996306774529977,[0.99338102340698242],32.44801330566406
2014-01-27 07:15:00,33.4427,-0.6144300415039083,0.49952063563871896,[0.37752357125282288],32.828269958496094
2014-01-27 07:20:00,33.3333,0.08260118408202999,0.4995770455546087,[0.0068227006122469902],33.41590118408203
2014-01-27 07:25:00,40.005,-6.077219848632815,0.4994647307136759,[36.932613372802734],33.92778015136719
2014-01-27 07:30:00,36.7879,-2.067273168945313,0.4995488506850285,[4.2736144065856934],34.72062683105469
2014-01-27 07:35:00,35.9507,2.171759411621096,0.4998330230448722,[4.7165441513061523],38.122459411621094
2014-01-27 07:40:00,35.7143,4.967577136230467,0.5002263595756196,[24.676839828491211],40.68187713623047
2014-01-27 07:45:00,35.9543,5.252929614257809,0.5006142630048303,[27.593269348144531],41.20722961425781
2014-01-27 07:50:00,35.7143,5.323953784179686,0.5009455271610481,[28.344503402709961],41.03825378417969
2014-01-27 07:55:00,35.7143,4.5553533203124985,0.5012061276558895,[20.751260757446289],40.2696533203125
2014-01-27 08:00:00,35.9529,3.2289542480468754,0.5013821077544822,[10.426145553588867],39.181854248046875
2014-01-27 08:05:00,35.9486,1.0277870239257823,0.5014507023306842,[1.0563446283340454],36.97638702392578
2014-01-27 08:10:00,35.7143,-0.07891639404297024,0.5014442073091725,[0.0062275207601487637],35.63538360595703
2014-01-27 08:15:00,35.7143,-0.7541483276367202,0.5016667543136262,[0.56873703002929688],34.96015167236328
2014-01-27 08:20:00,35.9507,-1.163079455566404,0.5017049638537608,[1.3527511358261108],34.787620544433594
2014-01-27 08:25:00,30.7692,3.5426209838867173,0.5017620719420528,[12.550168037414551],34.31182098388672
2014-01-27 08:30:00,33.47,0.21975830078125114,0.501563991631863,[0.048293173313140869],33.68975830078125
2014-01-27 08:35:00,33.4725,-2.2782231903076138,0.5012497766586149,[5.1902999877929688],31.194276809692383
2014-01-27 08:40:00,33.4447,-4.007610079956052,0.500860313465292,[16.060924530029297],29.437089920043945
2014-01-27 08:45:00,33.4447,-4.298148867797849,0.5004906424450468,[18.474069595336914],29.14655113220215
2014-01-27 08:50:00,33.4447,-4.314712283325193,0.5001755451454584,[18.616727828979492],29.129987716674805
2014-01-27 08:55:00,33.4427,-3.6108461334228537,0.4999817352222927,[13.038206100463867],29.83185386657715
2014-01-27 09:00:00,34.0007,-3.4479980499267597,0.49984093034049304,[11.888703346252441],30.552701950073242
2014-01-27 09:05:00,37.4633,-5.2178394897460905,0.4996544321746331,[27.225835800170898],32.245460510253906
2014-01-27 09:10:00,33.4427,0.35731068115234166,0.49971775515228156,[0.12767133116722107],33.800010681152344
2014-01-27 09:15:00,33.4447,2.8849432495117213,0.4996895361340996,[8.3229074478149414],36.32964324951172
2014-01-27 09:20:00,35.7143,1.2446843749999985,0.4997320296675256,[1.5492435693740845],36.958984375
2014-01-27 09:25:00,35.9529,0.7823676391601566,0.49985995168761777,[0.61209923028945923],36.735267639160156
2014-01-27 09:30:00,35.7143,1.8262044555664048,0.500104117921427,[3.335029125213623],37.540504455566406
2014-01-27 09:35:00,35.8314,2.596670068359373,0.5003928407503955,[6.7426857948303223],38.428070068359375
2014-01-27 09:40:00,30.8977,7.909032177734375,0.5009046461941593,[62.552799224853516],38.806732177734375
2014-01-27 09:45:00,35.8314,2.229917443847654,0.5011495809630432,[4.9725236892700195],38.061317443847656
2014-01-27 09:50:00,30.7692,5.108943310546874,0.5015083200440846,[26.101308822631836],35.878143310546875
2014-01-27 09:55:00,33.3333,1.5992408935546862,0.5017946667540458,[2.5575664043426514],34.93254089355469
2014-01-27 10:00:00,33.6133,-0.6416203125000024,0.5017531225673284,[0.4116770327091217],32.9716796875
2014-01-27 10:05:00,33.4447,-2.5602109405517552,0.5015249521411946,[6.5546717643737793],30.884489059448242
2014-01-27 10:10:00,33.4427,-2.804071994018557,0.5013553725940997,[7.862816333770752],30.638628005981445
2014-01-27 10:15:00,33.4447,-3.003349063110349,0.5011967752011397,[9.0200958251953125],30.44135093688965
2014-01-27 10:20:00,33.446,-1.9362019500732401,0.5010389251716004,[3.7488746643066406],31.509798049926758
2014-01-27 10:25:00,33.4447,-1.8465878936767552,0.5008523202207233,[3.4098806381225586],31.598112106323242
2014-01-27 10:30:00,33.4447,-1.0656945678710912,0.5004747808700416,[1.1357014179229736],32.379005432128906
2014-01-27 10:35:00,33.3333,-0.8670677001953138,0.500344443346875,[0.75180906057357788],32.46623229980469
2014-01-27 10:40:00,35.0167,-2.2711708251953127,0.5000338283658496,[5.1582202911376953],32.74552917480469
2014-01-27 10:45:00,38.9286,-6.127765344238284,0.4997089069935079,[37.549510955810547],32.80083465576172
2014-01-27 10:50:00,35.8336,-1.7413072143554658,0.4996624941815001,[3.0321476459503174],34.09229278564453
2014-01-27 10:55:00,35.835,1.2588491821289054,0.49982300313215156,[1.5847035646438599],37.093849182128906
2014-01-27 11:00:00,35.9543,2.8770598632812465,0.500061914615146,[8.2774734497070312],38.83135986328125
2014-01-27 11:05:00,35.7143,3.550638354492186,0.5003376957288626,[12.60704517364502],39.26493835449219
2014-01-27 11:10:00,35.8336,3.583056494140628,0.5005699814387564,[12.838300704956055],39.416656494140625
2014-01-27 11:15:00,30.8954,8.073998498535158,0.5009875501294965,[65.189468383789062],38.969398498535156
2014-01-27 11:20:00,30.8977,6.863148999023437,0.5013214359230558,[47.102821350097656],37.76084899902344
2014-01-27 11:25:00,33.4742,0.30597425537109046,0.5013711215731427,[0.093619510531425476],33.780174255371094
2014-01-27 11:30:00,33.3333,-3.1438640411376966,0.50133487243044,[9.8838911056518555],30.189435958862305
2014-01-27 11:35:00,33.4427,-4.272928805541994,0.5014139830870536,[18.257915496826172],29.169771194458008
2014-01-27 11:40:00,33.4427,-4.146082492065432,0.501313100144235,[17.189994812011719],29.29661750793457
2014-01-27 11:45:00,33.4447,-3.7631680938720677,0.5011014609880113,[14.161421775817871],29.68153190612793
2014-01-27 11:50:00,33.4447,-3.0974194976806615,0.5008493303272019,[9.5939970016479492],30.347280502319336
2014-01-27 11:55:00,33.3333,-1.5619167144775403,0.500633311213454,[2.4395885467529297],31.77138328552246
2014-01-27 12:00:00,33.5573,-0.5349840209960917,0.5004591116513697,[0.28620851039886475],33.022315979003906
2014-01-27 12:05:00,33.5553,-0.13199830322265882,0.500111722498263,[0.017423991113901138],33.423301696777344
2014-01-27 12:10:00,33.3333,0.11179887695312374,0.49982568225432566,[0.0124986432492733],33.445098876953125
2014-01-27 12:15:00,33.4447,0.16343140869140882,0.4998193651668541,[0.026710370555520058],33.608131408691406
2014-01-27 12:20:00,37.28,-3.4242947387695324,0.4998076623576856,[11.725786209106445],33.85570526123047
2014-01-27 12:25:00,37.9586,-3.6619615112304658,0.49983375893434834,[13.409955024719238],34.29663848876953
2014-01-27 12:30:00,35.835,0.5778646850585929,0.50003368199243,[0.33392864465713501],36.412864685058594
2014-01-27 12:35:00,35.7143,3.3238546020507798,0.5003335752130065,[11.04802131652832],39.03815460205078
2014-01-27 12:40:00,30.8954,9.09818367919922,0.5008495666060193,[82.776962280273438],39.99358367919922
2014-01-27 12:45:00,30.7692,8.825000134277342,0.5012891332807763,[77.880638122558594],39.594200134277344
2014-01-27 12:50:00,33.4725,3.170337524414066,0.5014461497217646,[10.051040649414062],36.64283752441406
2014-01-27 12:55:00,33.446,-0.4646843872070292,0.5014323169506534,[0.21593078970909119],32.98131561279297
2014-01-27 13:00:00,33.554,-2.7362376251220724,0.501311954651246,[7.4870009422302246],30.81776237487793
2014-01-27 13:05:00,33.3333,-3.660072689819337,0.5011502017595562,[13.396142959594727],29.673227310180664
2014-01-27 13:10:00,33.4447,-3.735568759155271,0.5011375941951668,[13.954461097717285],29.709131240844727
2014-01-27 13:15:00,33.4427,-3.0525308563232443,0.5011640242553266,[9.3179407119750977],30.390169143676758
2014-01-27 13:20:00,35.7143,-3.9549940460205093,0.5009719588753108,[15.641963958740234],31.759305953979492
2014-01-27 13:25:00,35.9507,-2.96511955566406,0.5007049678019584,[8.7919273376464844],32.98558044433594
2014-01-27 13:30:00,35.7143,-1.3515299194335952,0.5002606075543428,[1.8266284465789795],34.362770080566406
2014-01-27 13:35:00,35.835,-0.18760009765625085,0.4998769847952692,[0.035193454474210739],35.64739990234375
2014-01-27 13:40:00,35.7143,0.8674337036132798,0.4997786049527184,[0.75244426727294922],36.58173370361328
2014-01-27 13:45:00,35.7143,1.7701970703124985,0.499873266110744,[3.1336038112640381],37.4844970703125
2014-01-27 13:50:00,35.9543,1.9726027709960903,0.5000733280844605,[3.8911619186401367],37.926902770996094
2014-01-27 13:55:00,30.7692,7.259120312499999,0.500537408421864,[52.694835662841797],38.0283203125
2014-01-27 14:00:00,33.4385,3.855437683105471,0.5008603628967432,[14.86440372467041],37.29393768310547
2014-01-27 14:05:00,35.0233,-0.6368177612304677,0.500963476498363,[0.40553706884384155],34.38648223876953
2014-01-27 14:10:00,33.47,-1.1661212158203114,0.5010826319288508,[1.3598415851593018],32.30387878417969
2014-01-27 14:15:00,33.4427,-1.1532789184570333,0.5011601826382673,[1.3300509452819824],32.28942108154297
2014-01-27 14:20:00,33.4427,-1.496962161254885,0.5011543130772933,[2.240894079208374],31.945737838745117
2014-01-27 14:25:00,33.4427,-1.742201419067385,0.5010883282657459,[3.0352637767791748],31.700498580932617
2014-01-27 14:30:00,33.4447,-1.8238255950927709,0.50097378720973,[3.32633376121521],31.620874404907227
2014-01-27 14:35:00,33.3333,-0.9175132568359388,0.5008592124892149,[0.84183341264724731],32.41578674316406
2014-01-27 14:40:00,33.4447,-0.6216027709960912,0.5007485252148407,[0.38638794422149658],32.823097229003906
2014-01-27 14:45:00,33.446,-0.7221764526367167,0.5004075883463801,[0.52153760194778442],32.72382354736328
2014-01-27 14:50:00,33.3333,-0.6595481689453138,0.5002146024407075,[0.43500581383705139],32.67375183105469
2014-01-27 14:55:00,35.9507,-2.93112297363281,0.5001167407952407,[8.5914754867553711],33.01957702636719
2014-01-27 15:00:00,35.8314,-2.3080006469726584,0.5000680293116101,[5.3268752098083496],33.523399353027344
2014-01-27 15:05:00,35.835,-0.8714379882812509,0.5000800145725615,[0.7594025731086731],34.96356201171875
2014-01-27 15:10:00,35.7143,0.893320239257811,0.5001820115746647,[0.79802417755126953],36.60762023925781
2014-01-27 15:15:00,35.9543,1.767181323242184,0.5003318630368663,[3.1229300498962402],37.72148132324219
2014-01-27 15:20:00,35.7143,2.6976644165039048,0.5005250215899346,[7.2774028778076172],38.411964416503906
2014-01-27 15:25:00,35.835,2.848166503906249,0.5006859006102166,[8.1120576858520508],38.68316650390625
2014-01-27 15:30:00,35.8314,2.7323664794921854,0.5008292492405868,[7.4658164978027344],38.56376647949219
2014-01-27 15:35:00,30.7692,7.02975782470703,0.5011605974470053,[49.417503356933594],37.79895782470703
2014-01-27 15:40:00,34.3631,2.2623043579101534,0.5012857039061407,[5.1180295944213867],36.625404357910156
2014-01-27 15:45:00,34.0167,-0.40689775390625016,0.5013941807206277,[0.16556638479232788],33.60980224609375
2014-01-27 15:50:00,33.4742,-1.5839202301025423,0.5014256562222973,[2.5088071823120117],31.89027976989746
2014-01-27 15:55:00,33.3333,-1.9342387969970716,0.5013805238995058,[3.7412858009338379],31.39906120300293
2014-01-27 16:00:00,33.554,-2.8558665313720724,0.5012201802931333,[8.1559782028198242],30.69813346862793
2014-01-27 16:05:00,33.3333,-2.8087123687744153,0.5010242411773339,[7.8888740539550781],30.524587631225586
2014-01-27 16:10:00,33.554,-3.0100222625732442,0.5007796040388868,[9.0602388381958008],30.543977737426758
2014-01-27 16:15:00,33.3333,-1.7721599395751966,0.50058137464304,[3.1405563354492188],31.561140060424805
2014-01-27 16:20:00,33.4447,-1.3941552612304662,0.500404198129397,[1.9436641931533813],32.05054473876953
2014-01-27 16:25:00,33.4447,-1.06147551269531,0.5000564506197235,[1.1267267465591431],32.38322448730469
2014-01-27 16:30:00,33.3333,-0.757761364746095,0.4999265053355074,[0.57420462369918823],32.575538635253906
2014-01-27 16:35:00,33.556,-0.39867425537109114,0.4999266848912617,[0.15894097089767456],33.157325744628906
2014-01-27 16:40:00,33.3333,0.22216569824218624,0.5000041350065018,[0.049356911331415176],33.55546569824219
2014-01-27 16:45:00,35.7143,-1.7544687622070327,0.5000118943133913,[3.0781545639038086],33.95983123779297
2014-01-27 16:50:00,35.9486,-1.5933525024414052,0.5000662484542532,[2.5387747287750244],34.355247497558594
2014-01-27 16:55:00,35.7143,-0.01429542236328274,0.5001863987855042,[0.00020430902077350765],35.70000457763672
2014-01-27 17:00:00,35.9507,1.3506000488281273,0.5003739082367621,[1.8241236209869385],37.301300048828125
2014-01-27 17:05:00,35.7143,2.602121508789061,0.5005619548964947,[6.7710456848144531],38.31642150878906
2014-01-27 17:10:00,35.9543,3.005035327148434,0.5007511324795548,[9.030238151550293],38.95933532714844
2014-01-27 17:15:00,35.7143,3.3313466674804673,0.5009401027468329,[11.097882270812988],39.04564666748047
2014-01-27 17:20:00,39.3857,-0.5792195922851562,0.5009479529143251,[0.33549559116363525],38.806480407714844
2014-01-27 17:25:00,35.8336,2.3361769165039092,0.5010657016335206,[5.4577269554138184],38.169776916503906
2014-01-27 17:30:00,31.0238,7.658695117187499,0.5013856819226379,[58.655612945556641],38.6824951171875
2014-01-27 17:35:00,30.7692,7.091327038574217,0.5017667367812102,[50.28692626953125],37.86052703857422
2014-01-27 17:40:00,33.3333,0.7106605712890612,0.5018664363751595,[0.50503623485565186],34.04396057128906
2014-01-27 17:45:00,33.6133,-3.404065762329104,0.5017208328459294,[11.587665557861328],30.2092342376709
2014-01-27 17:50:00,33.3333,-5.153625851440431,0.50144082220037,[26.55987548828125],28.17967414855957
2014-01-27 17:55:00,33.554,-5.46003828430176,0.5010933647685816,[29.812026977539062],28.093961715698242
2014-01-27 18:00:00,33.4725,-5.785303268432614,0.5007142697066722,[33.469730377197266],27.687196731567383
2014-01-27 18:05:00,33.5587,-4.860234652709963,0.5003607236316103,[23.62188720703125],28.69846534729004
2014-01-27 18:10:00,33.3333,-2.8279079254150403,0.5002637359571429,[7.9970717430114746],30.50539207458496
2014-01-27 18:15:00,33.446,-0.9032525024414042,0.5001235827334796,[0.81586354970932007],32.542747497558594
2014-01-27 18:20:00,33.4447,-0.15963530273437243,0.49978509966431495,[0.025482898578047752],33.285064697265625
2014-01-27 18:25:00,33.3333,0.14640581054687374,0.4994841857534855,[0.021434208378195763],33.479705810546875
2014-01-27 18:30:00,33.5553,0.28547453613280993,0.49946538431444243,[0.081494756042957306],33.84077453613281
2014-01-27 18:35:00,33.3333,0.9578605834960925,0.49965383139096065,[0.91749393939971924],34.291160583496094
2014-01-27 18:40:00,33.4427,1.2939104125976542,0.4999327074230828,[1.6742056608200073],34.736610412597656
2014-01-27 18:45:00,33.4447,1.5428869750976588,0.5002357849212312,[2.3805053234100342],34.987586975097656
2014-01-27 18:50:00,33.4447,1.7089483764648463,0.5005603178828532,[2.9205102920532227],35.153648376464844
2014-01-27 18:55:00,33.4427,1.7702898071289042,0.5008475777582133,[3.1339280605316162],35.212989807128906
2014-01-27 19:00:00,38.0007,-2.869115832519533,0.5008462061435374,[8.2318363189697266],35.13158416748047
2014-01-27 19:05:00,33.4447,1.8075354125976588,0.5009636387380498,[3.2671902179718018],35.252235412597656
2014-01-27 19:10:00,33.446,3.483199218750002,0.5011213726115227,[12.132682800292969],36.92919921875
2014-01-27 19:15:00,35.7143,1.3765508300781235,0.5011747287103212,[1.8948969841003418],37.090850830078125
2014-01-27 19:20:00,35.8336,0.160937353515628,0.501169444144548,[0.025901123881340027],35.994537353515625
2014-01-27 19:25:00,35.835,0.3111410522460929,0.5011414534823695,[0.096809327602386475],36.146141052246094
2014-01-27 19:30:00,35.7143,0.679056323242186,0.5011147832880904,[0.46111986041069031],36.39335632324219
2014-01-27 19:35:00,35.9507,0.5711505859375023,0.5010725994282126,[0.32621431350708008],36.5218505859375
2014-01-27 19:40:00,35.7143,0.09236351318359226,0.5010024159535739,[0.0085313422605395317],35.806663513183594
2014-01-27 19:45:00,35.9529,-0.18712241210937464,0.500917404339768,[0.035014770925045013],35.765777587890625
2014-01-27 19:50:00,35.7143,0.1307622558593735,0.5010479617489613,[0.017099225893616676],35.845062255859375
2014-01-27 19:55:00,30.7692,4.903697338867186,0.5011821595265257,[24.046253204345703],35.67289733886719
2014-01-27 20:00:00,31.0215,3.687377563476563,0.5011907119142034,[13.596755981445312],34.70887756347656
2014-01-27 20:05:00,30.7692,1.0178273590087876,0.5011751100441655,[1.0359737873077393],31.78702735900879
2014-01-27 20:10:00,33.4742,-4.641453494262699,0.5009666849588585,[21.543102264404297],28.832746505737305
2014-01-27 20:15:00,33.3333,-6.219726925659181,0.5006830338409909,[38.685020446777344],27.11357307434082
2014-01-27 20:20:00,33.554,-6.315930465698244,0.500379005548596,[39.890987396240234],27.238069534301758
2014-01-27 20:25:00,33.3333,-4.753277188110353,0.5001474245212907,[22.593658447265625],28.58002281188965
2014-01-27 20:30:00,33.556,-3.559087997436521,0.4999885042448229,[12.667105674743652],29.996912002563477
2014-01-27 20:35:00,34.0,-1.783782958984375,0.49991888707296994,[3.1818816661834717],32.216217041015625
2014-01-27 20:40:00,37.2153,-3.130209362792968,0.4997767880752292,[9.7982196807861328],34.08509063720703
2014-01-27 20:45:00,33.4427,2.398829846191404,0.4996668974681394,[5.754387378692627],35.841529846191406
2014-01-27 20:50:00,33.3333,4.3189445678710925,0.49969362056828437,[18.653268814086914],37.652244567871094
2014-01-27 20:55:00,33.6633,4.267951525878907,0.49983471021511894,[18.215414047241211],37.931251525878906
2014-01-27 21:00:00,33.4427,3.605090527343748,0.5001942055827996,[12.996682167053223],37.04779052734375
2014-01-27 21:05:00,35.835,0.7348699951171866,0.5004978292836706,[0.54003524780273438],36.56986999511719
2014-01-27 21:10:00,35.9486,-0.018485253906249,0.5007730062862235,[0.00034173304447904229],35.93011474609375
2014-01-27 21:15:00,35.835,0.4566183471679679,0.5010007373920806,[0.20850114524364471],36.29161834716797
2014-01-27 21:20:00,35.8336,0.7335615600585967,0.5011884537196494,[0.53811389207839966],36.567161560058594
2014-01-27 21:25:00,35.835,1.2442312622070304,0.5013208937940501,[1.5481137037277222],37.07923126220703
2014-01-27 21:30:00,38.0771,-0.5146991821289078,0.5014355896342976,[0.26491406559944153],37.562400817871094
2014-01-27 21:35:00,38.2229,-0.395942297363284,0.5013135375599953,[0.15677061676979065],37.82695770263672
2014-01-27 21:40:00,35.8336,2.691760107421878,0.5012421303020462,[7.245577335357666],38.525360107421875
2014-01-27 21:45:00,35.7143,3.1585408813476548,0.501193295961645,[9.9763917922973633],38.872840881347656
2014-01-27 21:50:00,35.8336,1.915087744140628,0.5011191633316048,[3.6675646305084229],37.748687744140625
2014-01-27 21:55:00,33.4725,2.7438085937500034,0.5012069625817812,[7.5284862518310547],36.21630859375
2014-01-27 22:00:00,31.0238,3.9062765991210924,0.5013786311490827,[15.258997917175293],34.930076599121094
2014-01-27 22:05:00,30.7692,1.8842347534179673,0.5014411806711374,[3.5503430366516113],32.65343475341797
2014-01-27 22:10:00,33.4725,-4.359628829956051,0.5012185887702698,[19.006362915039062],29.112871170043945
2014-01-27 22:15:00,34.8633,-8.573716793823245,0.5007891249439531,[73.508628845214844],26.289583206176758
2014-01-27 22:20:00,38.4343,-12.08439880065918,0.5002829979920707,[146.03268432617188],26.34990119934082
2014-01-27 22:25:00,33.4447,-4.7429578277587865,0.5000926857261058,[22.495634078979492],28.70174217224121
2014-01-27 22:30:00,33.4427,-0.9947401000976583,0.4999307833355473,[0.98950672149658203],32.447959899902344
2014-01-27 22:35:00,33.446,1.0573950805664083,0.49983815012212274,[1.1180862188339233],34.503395080566406
2014-01-27 22:40:00,33.3333,1.9821525756835925,0.4998405967246383,[3.9289226531982422],35.315452575683594
2014-01-27 22:45:00,33.5573,2.5245252563476583,0.4998303926934472,[6.3732247352600098],36.081825256347656
2014-01-27 22:50:00,33.3333,2.31264268798828,0.4997597993348837,[5.3483090400695801],35.64594268798828
2014-01-27 22:55:00,33.4447,1.5252783325195338,0.49974355314941565,[2.3264789581298828],34.96997833251953
2014-01-27 23:00:00,35.8336,-1.895703271484372,0.49985188936945946,[3.5936875343322754],33.937896728515625
2014-01-27 23:05:00,35.835,-1.6095513916015634,0.5001582365355797,[2.5906527042388916],34.22544860839844
2014-01-27 23:10:00,35.7143,0.1831304199218735,0.5006979166862828,[0.033537391573190689],35.897430419921875
2014-01-27 23:15:00,35.8314,1.8595790039062479,0.500988320804396,[3.4580273628234863],37.69097900390625
2014-01-27 23:20:00,35.8336,2.6440458740234405,0.501148288655686,[6.9909834861755371],38.47764587402344
2014-01-27 23:25:00,35.8336,3.0258512939453155,0.5012347286550152,[9.1557817459106445],38.85945129394531
2014-01-27 23:30:00,35.7143,3.1076833374023423,0.5012840703370024,[9.6577062606811523],38.821983337402344
2014-01-27 23:35:00,35.8336,2.5774794067382842,0.5012862421049823,[6.6434049606323242],38.41107940673828
2014-01-27 23:40:00,30.7692,6.62088331298828,0.5014754556663967,[43.836105346679688],37.39008331298828
2014-01-27 23:45:00,30.8977,5.044934582519531,0.5016302139490523,[25.451372146606445],35.94263458251953
2014-01-27 23:50:00,33.4742,-0.8946254150390658,0.501674758021148,[0.80035680532455444],32.57957458496094
2014-01-27 23:55:00,37.326,-8.101781631469727,0.5013896338536201,[65.638870239257812],29.224218368530273
2014-01-28 00:00:00,33.556,-5.075212722778318,0.5011584269054834,[25.757781982421875],28.48078727722168
2014-01-28 00:05:00,33.4447,-3.337497470092771,0.5009295716127726,[11.138877868652344],30.107202529907227
2014-01-28 00:10:00,33.4447,-2.338554141235349,0.5007099267124406,[5.4688277244567871],31.10614585876465
2014-01-28 00:15:00,33.3333,-2.198768978881837,0.5004794462726727,[4.8345918655395508],31.134531021118164
2014-01-28 00:20:00,33.4427,-1.1825757934570333,0.5002899843261546,[1.3984841108322144],32.26012420654297
2014-01-28 00:25:00,33.4447,-0.4192254516601537,0.5001574837683315,[0.17574858665466309],33.025474548339844
2014-01-28 00:30:00,33.4427,-0.14325389404297084,0.4998583201742616,[0.020521515980362892],33.29944610595703
2014-01-28 00:35:00,33.4447,-0.8014276000976537,0.49959965272049645,[0.64228349924087524],32.643272399902344
2014-01-28 00:40:00,33.4447,-0.5814340087890599,0.49961326730727273,[0.3380635678768158],32.86326599121094
2014-01-28 00:45:00,33.3333,0.2410331909179675,0.4999820671629204,[0.058096256107091904],33.57433319091797
2014-01-28 00:50:00,33.446,0.8558112182617208,0.500244257066621,[0.73241430521011353],34.30181121826172
2014-01-28 00:55:00,35.3427,-0.7701978637695319,0.5003578881730373,[0.59320622682571411],34.57250213623047
2014-01-28 01:00:00,35.9543,-1.0847397583007847,0.5004134579222783,[1.1766601800918579],34.86956024169922
2014-01-28 01:05:00,35.7143,0.21725670166015476,0.5005203756794558,[0.047201234847307205],35.931556701660156
2014-01-28 01:10:00,35.835,1.4909735107421866,0.5006386016603632,[2.2230048179626465],37.32597351074219
2014-01-28 01:15:00,35.8336,2.4104338134765655,0.5007636952862816,[5.8101954460144043],38.24403381347656
2014-01-28 01:20:00,35.7143,3.0187932617187485,0.5009035171535071,[9.1131229400634766],38.73309326171875
2014-01-28 01:25:00,35.9529,2.856838159179688,0.5010654453657254,[8.161524772644043],38.80973815917969
2014-01-28 01:30:00,35.7143,2.7341939575195298,0.5012122817251694,[7.4758262634277344],38.44849395751953
2014-01-28 01:35:00,35.8314,1.8037089477539041,0.5012815399914736,[3.253359317779541],37.635108947753906
2014-01-28 01:40:00,35.8314,0.7431620727539041,0.5012766159819271,[0.55228716135025024],36.574562072753906
2014-01-28 01:45:00,30.7692,4.911250439453124,0.5015283850623333,[24.120386123657227],35.680450439453125
2014-01-28 01:50:00,33.47,1.2386029052734386,0.5016316475784333,[1.5341341495513916],34.70860290527344
2014-01-28 01:55:00,33.4725,-1.559675369262692,0.5015531847406762,[2.432586669921875],31.912824630737305
2014-01-28 02:00:00,36.332,-6.429463607788087,0.5012022978331523,[41.3380126953125],29.902536392211914
2014-01-28 02:05:00,35.2167,-5.619564456176761,0.5008462410974948,[31.579521179199219],29.597135543823242
2014-01-28 02:10:00,33.3333,-2.6886943634033216,0.5005928707195968,[7.2290854454040527],30.64460563659668
2014-01-28 02:15:00,33.4447,-1.32990812988281,0.5004068138581468,[1.7686512470245361],32.11479187011719
2014-01-28 02:20:00,33.4447,-1.2320229980468724,0.5002304478333832,[1.5178765058517456],32.212677001953125
2014-01-28 02:25:00,33.4427,-0.4447751953125021,0.5001303178886447,[0.19782446324825287],32.9979248046875
2014-01-28 02:30:00,33.4427,-0.08792552490234584,0.5000931764696691,[0.0077307983301579952],33.354774475097656
2014-01-28 02:35:00,33.3333,0.13124620361328,0.49988015960038534,[0.017225161194801331],33.46454620361328
2014-01-28 02:40:00,33.4427,-0.4254728271484396,0.49980586888805556,[0.1810266375541687],33.01722717285156
2014-01-28 02:45:00,33.4447,-0.40478300781249743,0.4998571200581874,[0.16384793817996979],33.0399169921875
2014-01-28 02:50:00,33.4447,0.15502381591797132,0.5001502908455295,[0.024032900109887123],33.59972381591797
2014-01-28 02:55:00,33.446,0.8487845458984395,0.5004383633804133,[0.72043663263320923],34.29478454589844
2014-01-28 03:00:00,35.8336,-1.1643723999023408,0.500506410250116,[1.355760931968689],34.669227600097656
2014-01-28 03:05:00,35.8336,-0.8825959716796845,0.5005264234636128,[0.77897405624389648],34.95100402832031
2014-01-28 03:10:00,37.7386,-1.5890409790039044,0.5005106537910045,[2.5250566005706787],36.149559020996094
2014-01-28 03:15:00,35.8336,1.8136854614257842,0.5006111590997453,[3.2894582748413086],37.64728546142578
2014-01-28 03:20:00,37.5914,1.6726075683593749,0.5006895123402735,[2.7976155281066895],39.264007568359375
2014-01-28 03:25:00,35.8314,4.163503564453123,0.5008690231548254,[17.334747314453125],39.994903564453125
2014-01-28 03:30:00,35.7143,4.597330249023436,0.5010928181225223,[21.135461807250977],40.31163024902344
2014-01-28 03:35:00,35.835,3.991477050781249,0.5012888246682577,[15.931896209716797],39.82647705078125
2014-01-28 03:40:00,30.7692,7.331889477539061,0.5016087494639543,[53.756610870361328],38.10108947753906
2014-01-28 03:45:00,30.8977,5.272374462890625,0.5018060524886171,[27.797939300537109],36.170074462890625
2014-01-28 03:50:00,33.4725,-1.4780828094482388,0.5017925374154213,[2.1847283840179443],31.994417190551758
2014-01-28 03:55:00,33.3333,-4.916401272583009,0.501613063927417,[24.171016693115234],28.416898727416992
2014-01-28 04:00:00,33.5553,-6.409557583618167,0.5013984774911924,[41.082450866699219],27.145742416381836
2014-01-28 04:05:00,33.446,-6.121340652465818,0.501044357557505,[37.470802307128906],27.32465934753418
2014-01-28 04:10:00,33.4427,-5.337645144653322,0.5007313357937901,[28.490449905395508],28.10505485534668
2014-01-28 04:15:00,35.3333,-6.102711087036134,0.5002724446474669,[37.24310302734375],29.230588912963867
2014-01-28 04:20:00,35.9893,-4.914465176391602,0.499846933353676,[24.151966094970703],31.0748348236084
2014-01-28 04:25:00,33.4427,0.24204578857421666,0.499678683004693,[0.058586437255144119],33.68474578857422
2014-01-28 04:30:00,33.4447,2.3433554199218776,0.4994545406572496,[5.4913225173950195],35.788055419921875
2014-01-28 04:35:00,33.4447,2.593584301757815,0.4993337794266295,[6.7266883850097656],36.03828430175781
2014-01-28 04:40:00,33.4427,2.270076184082029,0.499501171262286,[5.1532483100891113],35.71277618408203
2014-01-28 04:45:00,33.4447,2.145731213378909,0.49981731140267904,[4.6041693687438965],35.590431213378906
2014-01-28 04:50:00,35.8336,-0.518506005859372,0.5000814311018666,[0.26884752511978149],35.315093994140625
2014-01-28 04:55:00,35.835,-0.8431405639648446,0.5003182397990347,[0.7108844518661499],34.991859436035156
2014-01-28 05:00:00,35.9543,-0.35446937255859723,0.5005418770196155,[0.12564848363399506],35.599830627441406
2014-01-28 05:05:00,35.7143,1.2684346801757798,0.5008726588124446,[1.6089309453964233],36.98273468017578
2014-01-28 05:10:00,35.8314,2.2776545654296854,0.5011954542962759,[5.1877021789550781],38.10905456542969
2014-01-28 05:15:00,35.8314,2.8431529174804666,0.5013120914616609,[8.0835084915161133],38.67455291748047
2014-01-28 05:20:00,35.7143,2.8587285644531235,0.5013350580643428,[8.1723394393920898],38.573028564453125
2014-01-28 05:25:00,35.8314,2.3529185424804666,0.5013241179777459,[5.536217212677002],38.18431854248047
2014-01-28 05:30:00,30.7692,6.41421827392578,0.5015097937920769,[41.142204284667969],37.18341827392578
2014-01-28 05:35:00,31.0262,4.748420056152344,0.5016264641457,[22.54749870300293],35.774620056152344
2014-01-28 05:40:00,30.7692,1.670237866210936,0.5017249851066334,[2.7896966934204102],32.43943786621094
2014-01-28 05:45:00,30.8977,-1.8829695465087894,0.5016787286986565,[3.5455718040466309],29.01473045349121
2014-01-28 05:50:00,30.8977,-4.11487643737793,0.5015102607257695,[16.93220329284668],26.78282356262207
2014-01-28 05:55:00,33.3333,-8.0476611907959,0.5010920264618524,[64.764877319335938],25.2856388092041
2014-01-28 06:00:00,33.6108,-8.499305935668943,0.5006078236073996,[72.238227844238281],25.111494064331055
2014-01-28 06:05:00,33.4427,-6.985018344116213,0.5001659110328527,[48.790473937988281],26.45768165588379
2014-01-28 06:10:00,33.4447,-4.050266024780271,0.4998549295774223,[16.404642105102539],29.394433975219727
2014-01-28 06:15:00,34.7613,-2.8747052276611313,0.4996194135937918,[8.2639255523681641],31.886594772338867
2014-01-28 06:20:00,35.1227,-1.1908915283203143,0.49927634676444377,[1.4182219505310059],33.93180847167969
2014-01-28 06:25:00,33.3333,2.4040199462890612,0.49916990381346726,[5.7793045043945312],35.73731994628906
2014-01-28 06:30:00,33.5573,3.8514905883789083,0.49926739663631037,[14.833975791931152],37.408790588378906
2014-01-28 06:35:00,33.3333,4.141309374999999,0.4995383337452709,[17.150430679321289],37.474609375
2014-01-28 06:40:00,35.835,1.0814428710937491,0.49977243538284066,[1.1695206165313721],36.91644287109375
2014-01-28 06:45:00,35.8336,0.699114843750003,0.5001670321548135,[0.48876282572746277],36.53271484375
2014-01-28 06:50:00,35.7143,1.4741765624999985,0.5006171565743149,[2.1732017993927002],37.1884765625
2014-01-28 06:55:00,35.9529,1.9710807128906254,0.5010215046377918,[3.8851594924926758],37.923980712890625
2014-01-28 07:00:00,35.8336,2.2212324584960967,0.5013047258729288,[4.9338774681091309],38.054832458496094
2014-01-28 07:05:00,35.8336,2.4858046020507842,0.5015468899431261,[6.1792292594909668],38.31940460205078
2014-01-28 07:10:00,35.8336,2.4485884155273467,0.5017113755549565,[5.9955897331237793],38.282188415527344
2014-01-28 07:15:00,30.8992,6.964043103027343,0.5019169744997927,[48.497890472412109],37.863243103027344
2014-01-28 07:20:00,30.7692,5.653521862792967,0.5019980921514594,[31.962316513061523],36.42272186279297
2014-01-28 07:25:00,33.6067,-0.7563658325195277,0.5017769308366331,[0.57209062576293945],32.85033416748047
2014-01-28 07:30:00,33.3333,-4.136047726440431,0.5015415965625889,[17.106903076171875],29.19725227355957
2014-01-28 07:35:00,33.4742,-5.350407351684574,0.5012686088334006,[28.626871109008789],28.12379264831543
2014-01-28 07:40:00,33.3333,-5.2827915008544934,0.5009634192282612,[27.907901763916016],28.050508499145508
2014-01-28 07:45:00,33.3333,-4.845856076049806,0.5006552868772434,[23.482336044311523],28.487443923950195
2014-01-28 07:50:00,37.4447,-8.177894351196286,0.5001850762834319,[66.8779296875],29.26680564880371
2014-01-28 07:55:00,34.0,-2.9556331634521484,0.4999386633585511,[8.7357673645019531],31.04436683654785
2014-01-28 08:00:00,33.5553,0.7894494506835912,0.4998631252570771,[0.62322777509689331],34.344749450683594
2014-01-28 08:05:00,33.4447,2.356088879394534,0.4996536062054623,[5.5511627197265625],35.80078887939453
2014-01-28 08:10:00,33.4447,2.0007956054687526,0.49948735121701704,[4.0031895637512207],35.44549560546875
2014-01-28 08:15:00,33.4447,1.8602850463867213,0.49960551784457274,[3.4606666564941406],35.30498504638672
2014-01-28 08:20:00,33.3333,1.763417834472655,0.49987277430784194,[3.1096370220184326],35.096717834472656
2014-01-28 08:25:00,33.552,1.388322875976563,0.5001783340801573,[1.9274455308914185],34.94032287597656
2014-01-28 08:30:00,35.8314,-1.6607762207031271,0.5003429048778403,[2.7581837177276611],34.170623779296875
2014-01-28 08:35:00,35.8336,-1.6743669067382783,0.5004871028446245,[2.8035016059875488],34.15923309326172
2014-01-28 08:40:00,35.8336,-0.3210420166015595,0.5008441221837834,[0.10306739062070847],35.51255798339844
2014-01-28 08:45:00,35.7143,1.4325429565429673,0.501043446165322,[2.0521843433380127],37.14684295654297
2014-01-28 08:50:00,35.9521,2.0003765014648422,0.5010983454575183,[4.0015106201171875],37.952476501464844
2014-01-28 08:55:00,30.7692,7.559825268554686,0.5013341272473121,[57.150966644287109],38.32902526855469
2014-01-28 09:00:00,31.0277,6.950289196777344,0.5015585470473342,[48.306514739990234],37.977989196777344
2014-01-28 09:05:00,30.8954,4.272507714843751,0.501667993953328,[18.254329681396484],35.16790771484375
2014-01-28 09:10:00,33.4725,-2.1155797576904263,0.5014919866842633,[4.4756770133972168],31.35692024230957
2014-01-28 09:15:00,33.3333,-4.534901028442384,0.5012231150456047,[20.565341949462891],28.798398971557617
2014-01-28 09:20:00,33.446,-5.401270767211912,0.5010536060487755,[29.173717498779297],28.044729232788086
2014-01-28 09:25:00,33.3333,-4.587562924194337,0.5009215869692274,[21.045747756958008],28.745737075805664
2014-01-28 09:30:00,33.4447,-4.02294897766113,0.5007534836880947,[16.184104919433594],29.421751022338867
2014-01-28 09:35:00,33.4447,-2.3736836883544896,0.5005803213986404,[5.634366512298584],31.071016311645508
2014-01-28 09:40:00,33.4447,-0.9398934814453099,0.5004463592048775,[0.88339662551879883],32.50480651855469
2014-01-28 09:45:00,33.4427,0.1355470703124979,0.5001076904453834,[0.018373161554336548],33.5782470703125
2014-01-28 09:50:00,33.3333,0.392629260253905,0.4998083325749145,[0.15415652096271515],33.725929260253906
2014-01-28 09:55:00,38.004,-4.180269531249998,0.4994229183257367,[17.474666595458984],33.82373046875
2014-01-28 10:00:00,35.9557,-1.6876412231445315,0.4994423132601252,[2.8481326103210449],34.26805877685547
2014-01-28 10:05:00,35.7143,0.9331838256835923,0.4996914975991136,[0.87083530426025391],36.647483825683594
2014-01-28 10:10:00,35.9507,2.60763435058594,0.5000566425787734,[6.7997627258300781],38.55833435058594
2014-01-28 10:15:00,35.7143,3.437631762695311,0.5004226254305173,[11.817324638366699],39.15193176269531
2014-01-28 10:20:00,35.9529,3.592990808105469,0.5007700871038456,[12.90958309173584],39.54589080810547
2014-01-28 10:25:00,35.7143,3.6098195678710923,0.5010431235371289,[13.030810356140137],39.324119567871094
2014-01-28 10:30:00,35.7143,3.1366597778320298,0.5012291884636924,[9.8386459350585938],38.85095977783203
2014-01-28 10:35:00,31.0254,6.45812813720703,0.5015176214923035,[41.707416534423828],37.48352813720703
2014-01-28 10:40:00,30.7692,5.113627758789061,0.5017331278170629,[26.149194717407227],35.88282775878906
2014-01-28 10:45:00,33.4725,-0.7426568603515591,0.5018908038307746,[0.55153900384902954],32.72984313964844
2014-01-28 10:50:00,33.4447,-3.941001651000974,0.5017885126705136,[15.53148078918457],29.503698348999023
2014-01-28 10:55:00,33.446,-5.001650711059568,0.5015177582881483,[25.016500473022461],28.44434928894043
2014-01-28 11:00:00,35.0007,-6.6219406158447285,0.5010961803161751,[43.850124359130859],28.378759384155273
2014-01-28 11:05:00,34.8893,-5.9679762237548815,0.5006662265123332,[35.616756439208984],28.921323776245117
2014-01-28 11:10:00,33.4427,-3.0262018157959005,0.5003633299562339,[9.1578941345214844],30.4164981842041
2014-01-28 11:15:00,33.4447,-0.7863748046874974,0.5001618597070931,[0.61838269233703613],32.6583251953125
2014-01-28 11:20:00,33.446,0.5532523193359395,0.5000432103505821,[0.30608907341957092],33.99925231933594
2014-01-28 11:25:00,33.3333,0.92323839111328,0.49978910375578944,[0.85236626863479614],34.25653839111328
2014-01-28 11:30:00,33.4447,0.6530325439453151,0.49958416779991643,[0.42645367980003357],34.09773254394531
2014-01-28 11:35:00,35.8314,-1.8191548217773459,0.499534702339272,[3.309330940246582],34.012245178222656
2014-01-28 11:40:00,36.0714,-1.9149592651367158,0.49962761151259416,[3.6670677661895752],34.15644073486328
2014-01-28 11:45:00,36.5493,-1.2071826904296898,0.49980166585076713,[1.4572927951812744],35.34211730957031
2014-01-28 11:50:00,38.4457,-1.2590239746093772,0.5000478474746843,[1.5851453542709351],37.186676025390625
2014-01-28 11:55:00,39.1786,-0.20603530273437798,0.5003123598071341,[0.042450673878192902],38.972564697265625
2014-01-28 12:00:00,42.1307,-1.0102089721679661,0.5004050118915412,[1.0205204486846924],41.12049102783203
2014-01-28 12:05:00,35.7143,7.589761889648436,0.5007888972312193,[57.604511260986328],43.30406188964844
2014-01-28 12:10:00,35.9543,9.472312854003903,0.5011976780935097,[89.724708557128906],45.426612854003906
2014-01-28 12:15:00,30.7692,13.16904005126953,0.5017590884243593,[173.42362976074219],43.93824005126953
2014-01-28 12:20:00,30.8954,9.105500268554689,0.5021468779421013,[82.910148620605469],40.00090026855469
2014-01-28 12:25:00,33.3333,1.1401191894531237,0.5022832657283076,[1.2998682260513306],34.473419189453125
2014-01-28 12:30:00,33.3333,-4.701588040161134,0.5021560823905904,[22.104944229125977],28.631711959838867
2014-01-28 12:35:00,33.554,-7.56569013977051,0.5018647774291443,[57.239681243896484],25.988309860229492
2014-01-28 12:40:00,33.3333,-8.85924566345215,0.5015163058938044,[78.486259460449219],24.47405433654785
2014-01-28 12:45:00,33.4447,-8.10772680969238,0.5011536758590933,[65.735206604003906],25.336973190307617
2014-01-28 12:50:00,33.4447,-6.59832739562988,0.5008972348839315,[43.53790283203125],26.846372604370117
2014-01-28 12:55:00,33.4427,-4.308668704223635,0.5003496122863831,[18.564620971679688],29.134031295776367
2014-01-28 13:00:00,33.4447,-2.4067380401611302,0.4998023368712051,[5.7923798561096191],31.037961959838867
2014-01-28 13:05:00,33.446,-1.2264718017578105,0.49913859459814147,[1.5042309761047363],32.21952819824219
2014-01-28 13:10:00,33.4427,-0.4582487060546896,0.4986972006413126,[0.20999135076999664],32.98445129394531
2014-01-28 13:15:00,33.4427,0.3734468505859354,0.4986612389509112,[0.13946297764778137],33.81614685058594
2014-01-28 13:20:00,33.446,1.2861701049804708,0.49893678892755444,[1.6542357206344604],34.73217010498047
2014-01-28 13:25:00,33.3333,2.1347480957031237,0.4993837325968208,[4.5571427345275879],35.468048095703125
2014-01-28 13:30:00,35.8314,0.1497019897460916,0.4997992521038822,[0.022410139441490173],35.981101989746094
2014-01-28 13:35:00,35.835,0.5503378295898429,0.5001987472446168,[0.30287274718284607],36.385337829589844
2014-01-28 13:40:00,35.835,1.7630606079101554,0.500584602667833,[3.1083860397338867],37.598060607910156
2014-01-28 13:45:00,37.1507,1.7344852416992182,0.500863563300827,[3.0084404945373535],38.88518524169922
2014-01-28 13:50:00,37.0143,2.582150805664064,0.5010938422513671,[6.6674962043762207],39.59645080566406
2014-01-28 13:55:00,37.985,2.4315573120117193,0.5012627428953593,[5.9124679565429688],40.41655731201172
2014-01-28 14:00:00,39.0207,1.8698715942382833,0.5013703132724792,[3.4964251518249512],40.89057159423828
2014-01-28 14:05:00,41.7907,-0.5675707275390636,0.5013270505905992,[0.32213538885116577],41.22312927246094
2014-01-28 14:10:00,37.9671,3.653726721191404,0.5014362869891744,[13.3497314453125],41.620826721191406
2014-01-28 14:15:00,36.1964,6.2473408447265655,0.5016259897279622,[39.029270172119141],42.44374084472656
2014-01-28 14:20:00,35.8336,5.668086096191409,0.5018809424677786,[32.127208709716797],41.501686096191406
2014-01-28 14:25:00,35.7143,2.751077807617186,0.5019828100318923,[7.5684385299682617],38.46537780761719
2014-01-28 14:30:00,35.9543,-0.503692700195316,0.5018782497183674,[0.25370627641677856],35.45060729980469
2014-01-28 14:35:00,35.7143,-2.9902170532226577,0.5016600778099919,[8.9413871765136719],32.724082946777344
2014-01-28 14:40:00,35.835,-4.880194625854493,0.5013151589903708,[23.816289901733398],30.954805374145508
2014-01-28 14:45:00,30.8977,-1.2890936614990238,0.5011430348152047,[1.6617608070373535],29.608606338500977
2014-01-28 14:50:00,30.8954,-1.5959329132080065,0.5009826707293399,[2.5469989776611328],29.299467086791992
2014-01-28 14:55:00,33.3333,-5.223545437622072,0.5007674795829687,[27.285442352294922],28.10975456237793
2014-01-28 15:00:00,33.6108,-6.695656033325193,0.5002882333472806,[44.831832885742188],26.915143966674805
2014-01-28 15:05:00,33.4447,-5.789783236694333,0.499730296555027,[33.521572113037109],27.654916763305664
2014-01-28 15:10:00,33.4427,-4.3721185638427755,0.49926456450973244,[19.115415573120117],29.070581436157227
2014-01-28 15:15:00,33.3333,-2.6296314056396497,0.4990146889614624,[6.9149694442749023],30.70366859436035
2014-01-28 15:20:00,33.446,-1.136032958984373,0.49898500724313555,[1.2905689477920532],32.309967041015625
2014-01-28 15:25:00,33.4447,0.9274466064453151,0.4991664153638372,[0.86016029119491577],34.37214660644531
2014-01-28 15:30:00,33.3333,2.9009224121093737,0.49952719691150105,[8.4153423309326172],36.234222412109375
2014-01-28 15:35:00,33.5573,3.5439725830078146,0.49975106744938114,[12.559737205505371],37.10127258300781
2014-01-28 15:40:00,33.3333,3.828725451660155,0.5000025259267571,[14.659127235412598],37.162025451660156
2014-01-28 15:45:00,33.5553,3.6134011718749974,0.5004128323816683,[13.056655883789062],37.168701171875
2014-01-28 15:50:00,33.3333,3.7099052612304675,0.500896311643618,[13.763385772705078],37.04320526123047
2014-01-28 15:55:00,33.3333,3.3774391357421862,0.501322472944487,[11.407084465026855],36.71073913574219
2014-01-28 16:00:00,33.554,2.5718468627929667,0.5016454946931159,[6.6143918037414551],36.12584686279297
2014-01-28 16:05:00,34.554,0.7907189331054667,0.5018048865631539,[0.62523508071899414],35.34471893310547
2014-01-28 16:10:00,36.78,-2.067681579589845,0.5017620755789487,[4.2753019332885742],34.712318420410156
2014-01-28 16:15:00,35.8336,-1.1936311279296845,0.5016637260601912,[1.4247530698776245],34.63996887207031
2014-01-28 16:20:00,35.8336,-0.276867822265622,0.5015159695136984,[0.076655291020870209],35.556732177734375
2014-01-28 16:25:00,35.8314,0.3334635864257791,0.5013665278860073,[0.11119674891233444],36.16486358642578
2014-01-28 16:30:00,35.7143,0.5035268432617173,0.5012116356554778,[0.25354105234146118],36.21782684326172
2014-01-28 16:35:00,35.8314,0.3632029663085916,0.5010601740258281,[0.13191506266593933],36.194602966308594
2014-01-28 16:40:00,35.7143,0.156625903320311,0.5008945192689616,[0.024532223120331764],35.87092590332031
2014-01-28 16:45:00,35.8336,-0.4049653564453095,0.5007181557707207,[0.16399620473384857],35.42863464355469
2014-01-28 16:50:00,35.8314,-1.1257267822265646,0.5005457468533238,[1.2672648429870605],34.70567321777344
2014-01-28 16:55:00,35.7143,-1.3924387329101577,0.5004439733890845,[1.9388808012008667],34.321861267089844
2014-01-28 17:00:00,35.9486,-1.6098472534179677,0.5004654924790541,[2.5916106700897217],34.33875274658203
2014-01-28 17:05:00,35.8314,-1.3148136962890646,0.5004599410601989,[1.728739857673645],34.51658630371094
2014-01-28 17:10:00,30.8992,3.9127125366210933,0.5006551123339185,[15.30931568145752],34.811912536621094
2014-01-28 17:15:00,30.7692,3.9716370971679673,0.5008246108266243,[15.773905754089355],34.74083709716797
2014-01-28 17:20:00,33.6092,-0.9999852172851575,0.5007544960895763,[0.999969482421875],32.609214782714844
2014-01-28 17:25:00,33.3333,-3.186981564331056,0.5005889240709038,[10.156861305236816],30.146318435668945
2014-01-28 17:30:00,33.5573,-3.6658567474365213,0.5004105869153392,[13.438509941101074],29.891443252563477
2014-01-28 17:35:00,33.3333,-2.9545215423583997,0.5002916134107251,[8.7292070388793945],30.3787784576416
2014-01-28 17:40:00,33.3333,-2.2666667755126966,0.5002384047042336,[5.1377854347229004],31.066633224487305
2014-01-28 17:45:00,33.5553,-1.667457821655276,0.5002256230334309,[2.780421257019043],31.887842178344727
2014-01-28 17:50:00,33.3333,-0.09890211181640751,0.5002962553936146,[0.0097819333896040916],33.234397888183594
2014-01-28 17:55:00,33.4447,1.2223608520507838,0.5004148194577058,[1.494170069694519],34.66706085205078
2014-01-28 18:00:00,33.446,1.6545096435546895,0.5003087432827331,[2.7374050617218018],35.10050964355469
2014-01-28 18:05:00,33.5553,1.4488885375976537,0.500190239846227,[2.0992732048034668],35.004188537597656
2014-01-28 18:10:00,33.8887,1.09683466796875,0.5002882475369121,[1.2030494213104248],34.98553466796875
2014-01-28 18:15:00,37.33,-2.2417202758789045,0.5003327451968032,[5.0253181457519531],35.088279724121094
2014-01-28 18:20:00,35.9507,-0.46931572265624766,0.5004826205130704,[0.22025616466999054],35.48138427734375
2014-01-28 18:25:00,35.7143,1.3539296752929673,0.5006845031134932,[1.8331303596496582],37.06822967529297
2014-01-28 18:30:00,35.9543,2.3322982055664028,0.5008999995452496,[5.4396152496337891],38.286598205566406
2014-01-28 18:35:00,37.9764,0.48368300781250184,0.5010009612166197,[0.23395073413848877],38.4600830078125
2014-01-28 18:40:00,38.0957,0.5724213378906242,0.5010324910269017,[0.32766696810722351],38.668121337890625
2014-01-28 18:45:00,35.8314,3.4898127685546854,0.5011386134181046,[12.178780555725098],39.32121276855469
2014-01-28 18:50:00,35.8314,3.9832591186523416,0.501247606257448,[15.866338729858398],39.814659118652344
2014-01-28 18:55:00,35.8314,2.536313928222654,0.5012985230591661,[6.4328789710998535],38.367713928222656
2014-01-28 19:00:00,30.8977,5.697102856445312,0.5015141429880674,[32.456989288330078],36.59480285644531
2014-01-28 19:05:00,30.8954,4.049508142089845,0.5018095870441337,[16.398523330688477],34.944908142089844
2014-01-28 19:10:00,33.47,-1.9280287933349598,0.5017415483025078,[3.7172996997833252],31.54197120666504
2014-01-28 19:15:00,33.4725,-5.612005386352536,0.5014149007237584,[31.494602203369141],27.86049461364746
2014-01-28 19:20:00,33.3333,-6.640255337524415,0.500993798824341,[44.093009948730469],26.693044662475586
2014-01-28 19:25:00,33.446,-6.335654159545896,0.5006737662972515,[40.1405029296875],27.1103458404541
2014-01-28 19:30:00,33.446,-5.280306716918943,0.5003989310339108,[27.881629943847656],28.165693283081055
2014-01-28 19:35:00,33.4447,-4.0416333648681615,0.5000447468733031,[16.334787368774414],29.403066635131836
2014-01-28 19:40:00,33.4447,-2.2157552215576146,0.4997528928914122,[4.9095640182495117],31.228944778442383
2014-01-28 19:45:00,33.3333,-0.25975263671875126,0.4996209474178285,[0.06747223436832428],33.07354736328125
2014-01-28 19:50:00,33.5573,0.5314756347656271,0.4993771669583391,[0.28246575593948364],34.088775634765625
2014-01-28 19:55:00,33.446,1.0961371459960958,0.49923746176370754,[1.2015185356140137],34.542137145996094
2014-01-28 20:00:00,33.554,1.5496224365234355,0.4994008418253534,[2.4013271331787109],35.10362243652344
2014-01-28 20:05:00,33.3333,2.3118416015624987,0.4997739038987886,[5.3446044921875],35.6451416015625
2014-01-28 20:10:00,33.5587,2.390968884277342,0.500199395145954,[5.7167296409606934],35.949668884277344
2014-01-28 20:15:00,33.5553,2.44471525878906,0.5006132691088943,[5.9766244888305664],36.00001525878906
2014-01-28 20:20:00,40.5943,-4.692200390624997,0.5006416065726838,[22.016738891601562],35.902099609375
2014-01-28 20:25:00,35.9521,0.274477758789061,0.5008453328459247,[0.075338676571846008],36.22657775878906
2014-01-28 20:30:00,35.7143,3.1940786010742173,0.5011004399410597,[10.202149391174316],38.90837860107422
2014-01-28 20:35:00,35.9507,4.358053967285159,0.5013181144691757,[18.992645263671875],40.308753967285156
2014-01-28 20:40:00,35.7143,3.8794118530273423,0.5014759656211607,[15.049849510192871],39.593711853027344
2014-01-28 20:45:00,35.835,3.2825003051757804,0.501579081097934,[10.774814605712891],39.11750030517578
2014-01-28 20:50:00,35.8336,2.132800146484378,0.5016066139765475,[4.5488405227661133],37.966400146484375
2014-01-28 20:55:00,35.8314,1.0281581054687479,0.5015460284189583,[1.0571053028106689],36.85955810546875
2014-01-28 21:00:00,30.8977,3.9753468749999996,0.5016206791793859,[15.803387641906738],34.873046875
2014-01-28 21:05:00,35.835,-2.5821771240234384,0.5013834308411649,[6.6676340103149414],33.25282287597656
2014-01-28 21:10:00,30.7692,0.134187069702147,0.5016120097597248,[0.018006337806582451],30.90338706970215
2014-01-28 21:15:00,30.8977,-0.853474307250977,0.5015589759716911,[0.72841727733612061],30.044225692749023
2014-01-28 21:20:00,33.4742,-4.727303256225589,0.5011847336475986,[22.347408294677734],28.746896743774414
2014-01-28 21:25:00,33.3333,-6.638103848266603,0.5006649006561616,[44.064441680908203],26.6951961517334
2014-01-28 21:30:00,33.4427,-5.996512026977541,0.5001977839664259,[35.958148956298828],27.44618797302246
2014-01-28 21:35:00,33.4427,-4.95097217102051,0.4998081185062546,[24.512119293212891],28.491727828979492
2014-01-28 21:40:00,33.4447,-2.8773381683349584,0.4995707666333653,[8.2790651321411133],30.56736183166504
2014-01-28 21:45:00,33.4427,-1.4179655029296896,0.49945466861285825,[2.0106246471405029],32.02473449707031
2014-01-28 21:50:00,33.3333,0.241628283691405,0.4992772308799164,[0.058383479714393616],33.574928283691406
2014-01-28 21:55:00,33.446,1.5711127319335958,0.499473679619565,[2.468397855758667],35.017112731933594
2014-01-28 22:00:00,34.001999999999995,1.7802265625000047,0.49955123437413107,[3.1692104339599609],35.7822265625
2014-01-28 22:05:00,33.8873,2.119856372070309,0.4996917861403014,[4.4937968254089355],36.00715637207031
2014-01-28 22:10:00,33.6687,2.755555371093749,0.5000464286533737,[7.5930790901184082],36.42425537109375
2014-01-28 22:15:00,33.4447,3.301279309082034,0.5005178458906869,[10.898455619812012],36.74597930908203
2014-01-28 22:20:00,33.8887,2.7370858276367187,0.5009323070657532,[7.4916467666625977],36.62578582763672
2014-01-28 22:25:00,39.9893,-3.7799951904296876,0.5009884939083675,[14.288361549377441],36.20930480957031
2014-01-28 22:30:00,36.0679,0.18090981445312337,0.5011339009182503,[0.03272777795791626],36.248809814453125
2014-01-28 22:35:00,36.675,1.7851135253906278,0.5012860626146309,[3.1866331100463867],38.460113525390625
2014-01-28 22:40:00,35.8336,3.7162199462890655,0.5014509615367668,[13.810297012329102],39.54981994628906
2014-01-28 22:45:00,35.8336,3.2738066162109405,0.5015317264471095,[10.717815399169922],39.10740661621094
2014-01-28 22:50:00,35.8336,2.798174902343753,0.501580018869182,[7.8297877311706543],38.63177490234375
2014-01-28 22:55:00,35.8336,1.6248121704101592,0.5015564891267051,[2.6400175094604492],37.458412170410156
2014-01-28 23:00:00,35.8336,0.5901899780273467,0.5014535711458883,[0.34832528233528137],36.423789978027344
2014-01-28 23:05:00,35.7143,-1.187856518554689,0.501240181090921,[1.4109989404678345],34.52644348144531
2014-01-28 23:10:00,35.835,-2.4157418823242196,0.5009952224664243,[5.8358044624328613],33.41925811767578
2014-01-28 23:15:00,35.8336,-2.841931298828122,0.501040359201312,[8.076568603515625],32.991668701171875
2014-01-28 23:20:00,30.7692,2.38894971923828,0.5011453648153681,[5.7070837020874023],33.15814971923828
2014-01-28 23:25:00,33.4742,-0.5231959716796908,0.5010355284733242,[0.27373528480529785],32.95100402832031
2014-01-28 23:30:00,33.47,-2.3961798858642567,0.5007444987456772,[5.7416839599609375],31.073820114135742
2014-01-28 23:35:00,33.4447,-3.5899236175537084,0.5004176325716447,[12.887539863586426],29.85477638244629
2014-01-28 23:40:00,33.4447,-3.269817111206052,0.5001285107189675,[10.691693305969238],30.174882888793945
2014-01-28 23:45:00,33.4427,-3.030356021118166,0.49990661919678125,[9.1830539703369141],30.412343978881836
2014-01-28 23:50:00,33.3333,-2.116737728881837,0.4997774809148394,[4.4805850982666016],31.216562271118164
2014-01-28 23:55:00,33.4447,-1.489738223266599,0.4997630160987361,[2.2193150520324707],31.9549617767334
2014-01-29 00:00:00,33.5573,-0.15710010986327916,0.49987065172241874,[0.024680623784661293],33.40019989013672
2014-01-29 00:05:00,33.446,1.056929687500002,0.5000565396988182,[1.1171021461486816],34.5029296875
2014-01-29 00:10:00,33.3333,1.7699562255859362,0.5000265695082587,[3.1327395439147949],35.10325622558594
2014-01-29 00:15:00,33.556,1.7872998657226589,0.5001365911198723,[3.1944417953491211],35.343299865722656
2014-01-29 00:20:00,33.3333,2.1851860229492175,0.5003551806717853,[4.7750310897827148],35.51848602294922
2014-01-29 00:25:00,37.1229,-1.53909110107422,0.5004533576363334,[2.36879563331604],35.58380889892578
2014-01-29 00:30:00,39.3043,-3.5750366943359353,0.5004391536097913,[12.780876159667969],35.72926330566406
2014-01-29 00:35:00,39.6579,-2.280405187988279,0.5004752604209053,[5.2002558708190918],37.37749481201172
2014-01-29 00:40:00,32.6018,7.657294238281253,0.5009419542689952,[58.634170532226562],40.25909423828125
2014-01-29 00:45:00,1.334,40.78996240234375,0.5029589524132569,[1663.821044921875],42.12396240234375
2014-01-29 00:50:00,0.996,36.71547918701172,0.5047170850948617,[1348.0264892578125],37.71147918701172
2014-01-29 00:55:00,1.006,17.83962873840332,0.5055181233793357,[318.25234985351562],18.84562873840332
2014-01-29 01:00:00,0.6659999999999999,-2.021001449584961,0.5053382890507061,[4.0844464302062988],-1.355001449584961
2014-01-29 01:05:00,0.0,-17.519447326660156,0.5044173722479446,[306.9310302734375],-17.519447326660156
2014-01-29 01:10:00,0.334,-22.729418167114257,0.5032281229437969,[516.62640380859375],-22.395418167114258
2014-01-29 01:15:00,0.0,-22.41912078857422,0.5022316644462934,[502.61697387695312],-22.41912078857422
2014-01-29 01:20:00,0.334,-18.51618994140625,0.501518854526992,[342.84927368164062],-18.18218994140625
2014-01-29 01:25:00,0.0,-9.640552520751953,0.5011677854131988,[92.940254211425781],-9.640552520751953
2014-01-29 01:30:00,0.0,-2.1845264434814453,0.5006967246313552,[4.77215576171875],-2.1845264434814453
2014-01-29 01:35:00,0.328,3.3741937370300294,0.4989034355901041,[11.385183334350586],3.7021937370300293
2014-01-29 01:40:00,0.0,2.729781150817871,0.4972737150655778,[7.4517049789428711],2.729781150817871
2014-01-29 01:45:00,0.334,4.192015758514405,0.49661802574998015,[17.572996139526367],4.526015758514404
2014-01-29 01:50:00,0.0,3.9851038455963135,0.4969044762676086,[15.88105297088623],3.9851038455963135
2014-01-29 01:55:00,0.0,3.509507179260254,0.4979117153287359,[12.316640853881836],3.509507179260254
2014-01-29 02:00:00,0.328,3.856165954589844,0.4991860467832997,[14.870015144348145],4.184165954589844
2014-01-29 02:05:00,0.338,2.644016324996948,0.500388134390077,[6.9908218383789062],2.9820163249969482
2014-01-29 02:10:00,0.0,4.482858180999756,0.5014915182704678,[20.096017837524414],4.482858180999756
2014-01-29 02:15:00,0.328,2.4104769916534425,0.5020700601007737,[5.810399055480957],2.7384769916534424
2014-01-29 02:20:00,0.0,3.4551331996917725,0.502340834988376,[11.937945365905762],3.4551331996917725
2014-01-29 02:25:00,0.0,2.6565027236938477,0.5023064474949511,[7.0570068359375],2.6565027236938477
2014-01-29 02:30:00,10.008,-6.999498708724975,0.5018402311122439,[48.992992401123047],3.0085012912750244
2014-01-29 02:35:00,3.962,-1.5987335319519045,0.5015624067632857,[2.5559484958648682],2.3632664680480957
2014-01-29 02:40:00,0.0,2.6829257011413574,0.5014996841658258,[7.1980905532836914],2.6829257011413574
2014-01-29 02:45:00,0.0,4.313091278076172,0.5015379811263394,[18.602756500244141],4.313091278076172
2014-01-29 02:50:00,0.328,0.7366710395812988,0.5013880550347858,[0.54268419742584229],1.0646710395812988
2014-01-29 02:55:00,0.0,0.2838449478149414,0.5012746438070226,[0.08056795597076416],0.2838449478149414
2014-01-29 03:00:00,0.334,-2.8917850341796876,0.5009202364481934,[8.3624210357666016],-2.5577850341796875
2014-01-29 03:05:00,0.0,-0.7903656959533691,0.5007663072592357,[0.62467795610427856],-0.7903656959533691
2014-01-29 03:10:00,0.334,-0.882722267150879,0.5005575556644248,[0.77919858694076538],-0.5487222671508789
2014-01-29 03:15:00,0.0,1.2258520126342773,0.5004884556121094,[1.5027132034301758],1.2258520126342773
2014-01-29 03:20:00,0.338,0.20263081741333006,0.5008353778784636,[0.041059248149394989],0.5406308174133301
2014-01-29 03:25:00,0.0,3.495042085647583,0.5010804481252773,[12.215319633483887],3.495042085647583
2014-01-29 03:30:00,0.334,2.043800464630127,0.5010494811165189,[4.1771197319030762],2.377800464630127
2014-01-29 03:35:00,5.084,-0.9512676086425778,0.5007958660907105,[0.90491026639938354],4.132732391357422
2014-01-29 03:40:00,0.334,2.1428261909484863,0.5008634401815286,[4.5917034149169922],2.4768261909484863
2014-01-29 03:45:00,0.0,2.822380542755127,0.5009855904015867,[7.9658317565917969],2.822380542755127
2014-01-29 03:50:00,0.334,1.5364323768615722,0.5011991584414826,[2.3606245517730713],1.8704323768615723
2014-01-29 03:55:00,0.0,0.2652244567871094,0.5012502131304388,[0.070344015955924988],0.2652244567871094
2014-01-29 04:00:00,0.328,0.20835740280151366,0.5013030154456288,[0.04341280460357666],0.5363574028015137
2014-01-29 04:05:00,0.0,-0.7814540863037109,0.5012063411016605,[0.61067050695419312],-0.7814540863037109
2014-01-29 04:10:00,0.338,2.2517698402404784,0.5013051744638533,[5.0704669952392578],2.5897698402404785
2014-01-29 04:15:00,0.6559999999999999,1.5473038139343263,0.501211027666447,[2.3941490650177002],2.203303813934326
2014-01-29 04:20:00,3.034,-1.0711453762054441,0.501060756018672,[1.1473522186279297],1.9628546237945557
2014-01-29 04:25:00,0.0,2.436269998550415,0.5012243088200947,[5.9354114532470703],2.436269998550415
2014-01-29 04:30:00,14.014,-12.003708423614501,0.500541885098788,[144.08900451660156],2.010291576385498
2014-01-29 04:35:00,0.0,2.0027191638946533,0.5005019467629006,[4.0108842849731445],2.0027191638946533
2014-01-29 04:40:00,0.0,3.2135562896728516,0.5005826267064875,[10.326944351196289],3.2135562896728516
2014-01-29 04:45:00,0.338,3.4339922065734862,0.5007355041772362,[11.792302131652832],3.7719922065734863
2014-01-29 04:50:00,0.0,-0.890019416809082,0.5006824662541611,[0.79213458299636841],-0.890019416809082
2014-01-29 04:55:00,0.338,-0.2536475067138672,0.5007080554695522,[0.064337059855461121],0.08435249328613281
2014-01-29 05:00:00,0.0,-4.234468460083008,0.5003944695566045,[17.930723190307617],-4.234468460083008
2014-01-29 05:05:00,0.334,1.3010560188293456,0.5003822992685525,[1.6927467584609985],1.6350560188293457
2014-01-29 05:10:00,0.0,-0.7488961219787598,0.5003979323323329,[0.56084537506103516],-0.7488961219787598
2014-01-29 05:15:00,0.334,0.16831170654296873,0.5002879119267077,[0.028328834101557732],0.5023117065429688
2014-01-29 05:20:00,0.0,1.9554924964904785,0.5009643205262617,[3.8239510059356689],1.9554924964904785
2014-01-29 05:25:00,0.0,2.3414764404296875,0.500980520966656,[5.4825119972229004],2.3414764404296875
2014-01-29 05:30:00,0.328,3.6740241737365724,0.5010024598385047,[13.498453140258789],4.002024173736572
2014-01-29 05:35:00,0.0,2.4022293090820312,0.5009521749215589,[5.7707056999206543],2.4022293090820312
2014-01-29 05:40:00,0.328,3.7300430030822755,0.5011759804928608,[13.913220405578613],4.058043003082275
2014-01-29 05:45:00,0.0,3.5035815238952637,0.5013580449491721,[12.275083541870117],3.5035815238952637
2014-01-29 05:50:00,0.0,3.1519150733947754,0.5017164648049203,[9.9345684051513672],3.1519150733947754
2014-01-29 05:55:00,0.6659999999999999,3.124280818939209,0.5018048795254505,[9.7611312866210938],3.790280818939209
2014-01-29 06:00:00,0.334,2.440884223937988,0.5019598181476868,[5.9579153060913086],2.7748842239379883
2014-01-29 06:05:00,0.0,3.172398328781128,0.5021057155607063,[10.06411075592041],3.172398328781128
2014-01-29 06:10:00,0.0,2.5696284770965576,0.5021356038110593,[6.6029906272888184],2.5696284770965576
2014-01-29 06:15:00,0.328,2.403552839279175,0.5021386895624067,[5.7770657539367676],2.731552839279175
2014-01-29 06:20:00,0.0,2.1316730976104736,0.5020637888969958,[4.5440301895141602],2.1316730976104736
2014-01-29 06:25:00,2.63,-0.681802635192871,0.5019142235031704,[0.46485498547554016],1.948197364807129
2014-01-29 06:30:00,11.03,-7.813565521240234,0.5013538601897762,[61.051803588867188],3.2164344787597656
2014-01-29 06:35:00,0.328,2.5435190887451173,0.5013069830777879,[6.4694890975952148],2.871519088745117
2014-01-29 06:40:00,0.0,3.8264529705047607,0.501339486802918,[14.641742706298828],3.8264529705047607
2014-01-29 06:45:00,0.334,3.1469846878051757,0.5013403570154089,[9.9035120010375977],3.480984687805176
2014-01-29 06:50:00,0.0,-0.16085433959960938,0.5012138325122875,[0.025874119251966476],-0.16085433959960938
2014-01-29 06:55:00,0.0,0.2502880096435547,0.5010715806851805,[0.06264408677816391],0.2502880096435547
2014-01-29 07:00:00,0.338,-3.208551109313965,0.5007905154362993,[10.294800758361816],-2.870551109313965
2014-01-29 07:05:00,0.334,1.256745449066162,0.50073448441714,[1.579409122467041],1.590745449066162
2014-01-29 07:10:00,0.0,-0.14101314544677734,0.5006237096654045,[0.019884707406163216],-0.14101314544677734
2014-01-29 07:15:00,0.0,0.9963126182556152,0.5007054096456343,[0.99263882637023926],0.9963126182556152
2014-01-29 07:20:00,0.334,1.0362316284179687,0.501136996309553,[1.0737760066986084],1.3702316284179688
2014-01-29 07:25:00,0.0,2.4187378883361816,0.5011307156102062,[5.8502931594848633],2.4187378883361816
2014-01-29 07:30:00,0.338,2.3693540687561034,0.5010594116796707,[5.6138381958007812],2.7073540687561035
2014-01-29 07:35:00,0.0,3.1915438175201416,0.5010612743578022,[10.185952186584473],3.1915438175201416
2014-01-29 07:40:00,0.334,2.132064929962158,0.5011730683442588,[4.5457005500793457],2.466064929962158
2014-01-29 07:45:00,0.0,3.5316293239593506,0.5013330153346052,[12.472405433654785],3.5316293239593506
2014-01-29 07:50:00,0.0,2.4556877613067627,0.5016096059519701,[6.0304021835327148],2.4556877613067627
2014-01-29 07:55:00,0.334,3.3370760593414306,0.5017110783819548,[11.136077880859375],3.6710760593414307
2014-01-29 08:00:00,0.0,2.1433959007263184,0.5018227360433833,[4.5941457748413086],2.1433959007263184
2014-01-29 08:05:00,0.334,3.3561841163635253,0.5019379797201599,[11.263971328735352],3.6901841163635254
2014-01-29 08:10:00,0.0,3.2579164505004883,0.5020465367533584,[10.614019393920898],3.2579164505004883
2014-01-29 08:15:00,0.334,2.552975288391113,0.5020531274385343,[6.5176820755004883],2.8869752883911133
2014-01-29 08:20:00,0.0,3.453878402709961,0.5021061000869396,[11.929276466369629],3.453878402709961
2014-01-29 08:25:00,12.014,-9.444567264556884,0.5014891852837939,[89.199844360351562],2.5694327354431152
2014-01-29 08:30:00,1.64,1.9281934356689454,0.5014791674364364,[3.7179300785064697],3.5681934356689453
2014-01-29 08:35:00,0.0,2.7420296669006348,0.501440355614863,[7.5187268257141113],2.7420296669006348
2014-01-29 08:40:00,0.4225,3.8028847122192384,0.5015060462042074,[14.461931228637695],4.225384712219238
2014-01-29 08:45:00,0.0,-0.23235464096069336,0.5013314148593041,[0.053988680243492126],-0.23235464096069336
2014-01-29 08:50:00,0.328,-0.07112305450439455,0.5012230708600893,[0.0050584902055561543],0.25687694549560547
2014-01-29 08:55:00,0.0,-2.874720573425293,0.5009181481855681,[8.2640180587768555],-2.874720573425293
2014-01-29 09:00:00,0.334,0.9529524955749511,0.5008050736796806,[0.90811848640441895],1.2869524955749512
2014-01-29 09:05:00,0.0,-0.28761720657348633,0.50066583019355,[0.082723654806613922],-0.28761720657348633
2014-01-29 09:10:00,0.334,0.4761515769958496,0.5005196889754544,[0.22672033309936523],0.8101515769958496
2014-01-29 09:15:00,0.0,1.6761417388916016,0.5010651273882732,[2.8094511032104492],1.6761417388916016
2014-01-29 09:20:00,0.338,2.46577197265625,0.5010912969349215,[6.0800309181213379],2.80377197265625
2014-01-29 09:25:00,0.0,3.4165632724761963,0.5011240794984819,[11.672904968261719],3.4165632724761963
2014-01-29 09:30:00,0.0,2.2968952655792236,0.5010499455349595,[5.2757277488708496],2.2968952655792236
2014-01-29 09:35:00,0.334,3.082443347930908,0.5012124674193684,[9.5014562606811523],3.416443347930908
2014-01-29 09:40:00,0.0,2.1395084857940674,0.5013209450797114,[4.5774965286254883],2.1395084857940674
2014-01-29 09:45:00,0.338,3.087670862197876,0.5016137325173964,[9.5337114334106445],3.425670862197876
2014-01-29 09:50:00,0.0,3.0864126682281494,0.5017184493379074,[9.5259428024291992],3.0864126682281494
2014-01-29 09:55:00,0.328,2.3737927169799806,0.5018492724542469,[5.6348915100097656],2.7017927169799805
2014-01-29 10:00:00,0.0,3.2294747829437256,0.501984568914458,[10.429507255554199],3.2294747829437256
2014-01-29 10:05:00,0.328,2.1149821968078615,0.5020062225392232,[4.473149299621582],2.4429821968078613
2014-01-29 10:10:00,0.0,3.3191871643066406,0.5020481270742716,[11.017003059387207],3.3191871643066406
2014-01-29 10:15:00,0.338,1.7346213455200195,0.5019654745759118,[3.0089108943939209],2.0726213455200195
2014-01-29 10:20:00,2.0340000000000003,1.26853791809082,0.5019150179543768,[1.6091886758804321],3.3025379180908203
2014-01-29 10:25:00,11.652,-9.482189704895019,0.5012977797892544,[89.91192626953125],2.1698102951049805
2014-01-29 10:30:00,0.0,2.66550612449646,0.5013235061058928,[7.1049227714538574],2.66550612449646
2014-01-29 10:35:00,0.328,2.969083377838135,0.50131744767926,[8.815455436706543],3.2970833778381348
2014-01-29 10:40:00,0.0,3.2020344734191895,0.5013228978944497,[10.253025054931641],3.2020344734191895
2014-01-29 10:45:00,0.328,-0.9637674598693848,0.5011586691627026,[0.92884773015975952],-0.6357674598693848
2014-01-29 10:50:00,0.0,-0.5421833992004395,0.5009728970465508,[0.29396283626556396],-0.5421833992004395
2014-01-29 10:55:00,0.0,-2.4668350219726562,0.5007473169993549,[6.0852751731872559],-2.4668350219726562
2014-01-29 11:00:00,0.334,1.984066120147705,0.5006812181568243,[3.9365184307098389],2.318066120147705
2014-01-29 11:05:00,0.334,-1.1991151657104493,0.5005366098733001,[1.4378771781921387],-0.8651151657104492
2014-01-29 11:10:00,0.0,1.2867522239685059,0.5005373108309118,[1.6557313203811646],1.2867522239685059
2014-01-29 11:15:00,0.0,1.3842010498046875,0.501073579522906,[1.9160125255584717],1.3842010498046875
2014-01-29 11:20:00,0.338,2.233112871170044,0.5010520435239096,[4.986793041229248],2.571112871170044
2014-01-29 11:25:00,0.0,2.201284646987915,0.5010139332657666,[4.8456540107727051],2.201284646987915
2014-01-29 11:30:00,0.328,2.042255470275879,0.5009564573310108,[4.1708073616027832],2.370255470275879
2014-01-29 11:35:00,0.0,2.7966105937957764,0.5011420115088006,[7.8210306167602539],2.7966105937957764
2014-01-29 11:40:00,0.334,1.8961280498504638,0.501262423190067,[3.595301628112793],2.230128049850464
2014-01-29 11:45:00,0.0,3.0272483825683594,0.5015338422081203,[9.1642332077026367],3.0272483825683594
2014-01-29 11:50:00,0.0,2.229377269744873,0.5015459093656194,[4.9701228141784668],2.229377269744873
2014-01-29 11:55:00,0.334,2.7452975425720214,0.5017409111105844,[7.5366578102111816],3.0792975425720215
2014-01-29 12:00:00,0.338,1.6089060897827148,0.5017569208235446,[2.5885787010192871],1.9469060897827148
2014-01-29 12:05:00,0.0,3.077977180480957,0.5018406341738182,[9.4739437103271484],3.077977180480957
2014-01-29 12:10:00,0.0,2.372514247894287,0.5018475292681711,[5.6288237571716309],2.372514247894287
2014-01-29 12:15:00,0.334,2.1334246311187743,0.501844195687528,[4.5515012741088867],2.4674246311187744
2014-01-29 12:20:00,10.39,-8.27586187362671,0.5013344446076959,[68.489891052246094],2.114138126373291
2014-01-29 12:25:00,3.334,-1.0498050537109376,0.5011441793371365,[1.1020908355712891],2.2841949462890625
2014-01-29 12:30:00,0.334,2.0091439399719238,0.5011496443879717,[4.036658763885498],2.343143939971924
2014-01-29 12:35:00,0.0,3.632693290710449,0.5011793101676035,[13.196460723876953],3.632693290710449
2014-01-29 12:40:00,0.0,0.4544835090637207,0.501091379736587,[0.20655526220798492],0.4544835090637207
2014-01-29 12:45:00,0.334,-0.38693560028076174,0.5009361935639812,[0.14971914887428284],-0.05293560028076172
2014-01-29 12:50:00,0.0,-2.7639055252075195,0.5007196867120507,[7.6391739845275879],-2.7639055252075195
2014-01-29 12:55:00,0.334,-0.9401315536499024,0.5005204369658418,[0.88384729623794556],-0.6061315536499023
2014-01-29 13:00:00,0.0,-0.17461824417114258,0.5003939978153102,[0.030491530895233154],-0.17461824417114258
2014-01-29 13:05:00,0.4175,-0.12589691162109373,0.5002817765092857,[0.01585002988576889],0.29160308837890625
2014-01-29 13:10:00,0.0,1.0396490097045898,0.500744152147069,[1.0808700323104858],1.0396490097045898
2014-01-29 13:15:00,0.334,1.664511791229248,0.500878785689101,[2.7705996036529541],1.998511791229248
2014-01-29 13:20:00,0.0,2.7582778930664062,0.5009157059451834,[7.6080970764160156],2.7582778930664062
2014-01-29 13:25:00,0.0,2.0242574214935303,0.5008355752235701,[4.0976181030273438],2.0242574214935303
2014-01-29 13:30:00,0.338,2.3913860912322997,0.5009315949901827,[5.7187271118164062],2.7293860912323
2014-01-29 13:35:00,0.0,1.9015109539031982,0.5010452064994534,[3.61574387550354],1.9015109539031982
2014-01-29 13:40:00,0.334,2.5059486541748046,0.5013070768556703,[6.279778003692627],2.8399486541748047
2014-01-29 13:45:00,0.0,2.872670888900757,0.5014965460837156,[8.2522382736206055],2.872670888900757
2014-01-29 13:50:00,0.0,2.3157341480255127,0.5016203787591986,[5.3626246452331543],2.3157341480255127
2014-01-29 13:55:00,0.328,2.481118747711182,0.5017500585716546,[6.1559500694274902],2.8091187477111816
2014-01-29 14:00:00,0.334,1.761468521118164,0.5017860442555482,[3.1027712821960449],2.095468521118164
2014-01-29 14:05:00,0.0,2.869319200515747,0.5018459535809763,[8.2329931259155273],2.869319200515747
2014-01-29 14:10:00,0.0,2.178075075149536,0.5018170733820098,[4.7440109252929688],2.178075075149536
2014-01-29 14:15:00,1.69,0.6122053241729737,0.5017469383590911,[0.37479528784751892],2.3022053241729736
2014-01-29 14:20:00,12.328,-10.271521976470947,0.5011174374697176,[105.50417327880859],2.0564780235290527
2014-01-29 14:25:00,0.338,1.9124596710205077,0.501117853247167,[3.6575016975402832],2.250459671020508
2014-01-29 14:30:00,0.0,3.133053779602051,0.5011488314030648,[9.8160257339477539],3.133053779602051
2014-01-29 14:35:00,0.334,2.9367695960998534,0.5011517727121884,[8.6246147155761719],3.2707695960998535
2014-01-29 14:40:00,0.0,-0.6498727798461914,0.5010040441048699,[0.42233464121818542],-0.6498727798461914
2014-01-29 14:45:00,0.334,-0.2985376205444336,0.5008654732164597,[0.089124709367752075],0.035462379455566406
2014-01-29 14:50:00,0.0,-3.194234848022461,0.500618593447265,[10.203136444091797],-3.194234848022461
2014-01-29 14:55:00,0.0,1.770322322845459,0.5005634909961924,[3.1340410709381104],1.770322322845459
2014-01-29 15:00:00,0.334,-1.0681065406799317,0.5004015036772977,[1.140851616859436],-0.7341065406799316
2014-01-29 15:05:00,0.328,-0.022849014282226576,0.500369721261843,[0.00052207784028723836],0.30515098571777344
2014-01-29 15:10:00,0.0,1.2551884651184082,0.5009453710800971,[1.575498104095459],1.2551884651184082
2014-01-29 15:15:00,0.328,1.9170814247131347,0.5009454280170197,[3.6752009391784668],2.2450814247131348
2014-01-29 15:20:00,0.334,1.903567663192749,0.5008837987656987,[3.6235699653625488],2.237567663192749
2014-01-29 15:25:00,0.0,2.0797476768493652,0.5008407384300565,[4.325350284576416],2.0797476768493652
2014-01-29 15:30:00,0.334,1.867125144958496,0.5009664225456745,[3.4861562252044678],2.201125144958496
2014-01-29 15:35:00,0.0,1.8661837577819824,0.5010745479228633,[3.4826419353485107],1.8661837577819824
2014-01-29 15:40:00,0.334,1.5335465583801269,0.5013110167691913,[2.3517651557922363],1.867546558380127
2014-01-29 15:45:00,2.34,-0.3974266910552977,0.5012027406362956,[0.15794791281223297],1.9425733089447021
2014-01-29 15:50:00,0.328,1.601075002670288,0.5013362960553654,[2.5634410381317139],1.929075002670288
2014-01-29 15:55:00,0.0,2.233088493347168,0.5014491433649118,[4.9866843223571777],2.233088493347168
2014-01-29 16:00:00,0.338,1.7335632438659667,0.5014730804390888,[3.0052413940429688],2.071563243865967
2014-01-29 16:05:00,0.0,-0.2562980651855469,0.5013644359609964,[0.06568869948387146],-0.2562980651855469
2014-01-29 16:10:00,0.328,1.0859914512634277,0.5013235051446896,[1.1793773174285889],1.4139914512634277
2014-01-29 16:15:00,6.662000000000001,-5.993418991088868,0.5009197663391523,[35.921073913574219],0.6685810089111328
2014-01-29 16:20:00,6.95,-3.967410755157471,0.5006278094556582,[15.740346908569336],2.9825892448425293
2014-01-29 16:25:00,0.0,1.5185508728027344,0.5006101732269008,[2.3059966564178467],1.5185508728027344
2014-01-29 16:30:00,0.338,3.4196570510864257,0.5007043329272192,[11.694053649902344],3.757657051086426
2014-01-29 16:35:00,0.0,1.7264060974121094,0.5008106863770061,[2.980478048324585],1.7264060974121094
2014-01-29 16:40:00,0.328,-0.6615375785827637,0.5006972548363962,[0.4376319944858551],-0.33353757858276367
2014-01-29 16:45:00,0.0,-1.707502841949463,0.5004996636127366,[2.9155659675598145],-1.707502841949463
2014-01-29 16:50:00,0.334,-1.6414655532836915,0.5003303621095596,[2.6944091320037842],-1.3074655532836914
2014-01-29 16:55:00,0.0,0.6662445068359375,0.5003765297232377,[0.44388175010681152],0.6662445068359375
2014-01-29 17:00:00,0.334,-0.6526640739440919,0.5002891942212316,[0.42597037553787231],-0.3186640739440918
2014-01-29 17:05:00,0.0,0.839177131652832,0.5006323412374862,[0.70421826839447021],0.839177131652832
2014-01-29 17:10:00,0.338,1.2417462463378905,0.5008940086823721,[1.541933536529541],1.5797462463378906
2014-01-29 17:15:00,0.0,2.6424810886383057,0.5009502349946532,[6.9827060699462891],2.6424810886383057
2014-01-29 17:20:00,0.0,1.9187145233154297,0.5008745810694308,[3.6814653873443604],1.9187145233154297
2014-01-29 17:25:00,0.328,2.295381853103638,0.5009029608421258,[5.2687773704528809],2.6233818531036377
2014-01-29 17:30:00,0.0,1.8121733665466309,0.5010272526425528,[3.2839722633361816],1.8121733665466309
2014-01-29 17:35:00,0.328,2.3160839767456056,0.5012295411953871,[5.3642444610595703],2.6440839767456055
2014-01-29 17:40:00,0.0,2.5870587825775146,0.5014422112446106,[6.6928730010986328],2.5870587825775146
2014-01-29 17:45:00,0.338,1.7693746681213378,0.5014977254530515,[3.1306865215301514],2.107374668121338
2014-01-29 17:50:00,0.0,2.6105072498321533,0.5016619457188045,[6.8147482872009277],2.6105072498321533
2014-01-29 17:55:00,0.0,2.0318801403045654,0.5017220205110611,[4.1285367012023926],2.0318801403045654
2014-01-29 18:00:00,0.334,2.2396353397369384,0.5017722814566916,[5.0159668922424316],2.5736353397369385
2014-01-29 18:05:00,0.334,1.3609844360351562,0.5017077976149067,[1.8522787094116211],1.6949844360351562
2014-01-29 18:10:00,0.0,2.5610761642456055,0.5017401141643281,[6.5591111183166504],2.5610761642456055
2014-01-29 18:15:00,1.64,0.4877492046356202,0.5016491719582175,[0.2378993034362793],2.12774920463562
2014-01-29 18:20:00,11.996,-9.924218603134156,0.5010586819393528,[98.490127563476562],2.0717813968658447
2014-01-29 18:25:00,0.334,1.688073745727539,0.5010268821533317,[2.849592924118042],2.022073745727539
2014-01-29 18:30:00,0.0,3.155500650405884,0.5010552535469955,[9.9571847915649414],3.155500650405884
2014-01-29 18:35:00,0.334,2.7605472717285156,0.5011050285181264,[7.6206207275390625],3.0945472717285156
2014-01-29 18:40:00,0.0,-0.8351445198059082,0.5009312813935489,[0.69746637344360352],-0.8351445198059082
2014-01-29 18:45:00,0.0,0.09839868545532227,0.500833694262651,[0.0096823014318943024],0.09839868545532227
2014-01-29 18:50:00,0.334,-3.3806156005859376,0.5005502651715649,[11.428562164306641],-3.0466156005859375
2014-01-29 18:55:00,0.0,1.6494274139404297,0.5005646016758087,[2.7206108570098877],1.6494274139404297
2014-01-29 19:00:00,0.334,-1.0144866790771485,0.5003839997986286,[1.0291831493377686],-0.6804866790771484
2014-01-29 19:05:00,0.0,1.0020341873168945,0.5004098020854133,[1.0040725469589233],1.0020341873168945
2014-01-29 19:10:00,0.334,0.31243287658691404,0.5009273207850155,[0.097614310681819916],0.6464328765869141
2014-01-29 19:15:00,0.0,2.4985408782958984,0.5009680588874971,[6.242706298828125],2.4985408782958984
2014-01-29 19:20:00,0.338,1.6235962505340575,0.5008904291420858,[2.6360645294189453],1.9615962505340576
2014-01-29 19:25:00,0.0,2.472506284713745,0.5008755941959464,[6.1132874488830566],2.472506284713745
2014-01-29 19:30:00,0.0,1.7427854537963867,0.5010059092249879,[3.0373010635375977],1.7427854537963867
2014-01-29 19:35:00,0.338,2.112308084487915,0.5011076858700882,[4.4618453979492188],2.450308084487915
2014-01-29 19:40:00,0.0,1.7299003601074219,0.5013663768490275,[2.9925551414489746],1.7299003601074219
2014-01-29 19:45:00,0.334,2.1164590034484863,0.501389938694605,[4.479398250579834],2.4504590034484863
2014-01-29 19:50:00,0.0,2.446871042251587,0.5015651784741394,[5.987177848815918],2.446871042251587
2014-01-29 19:55:00,0.334,1.6425005111694335,0.5015976526846893,[2.6978080272674561],1.9765005111694336
2014-01-29 20:00:00,0.0,2.431974411010742,0.5017050149595228,[5.9144997596740723],2.431974411010742
2014-01-29 20:05:00,0.334,1.5774995002746581,0.501658374980784,[2.4885046482086182],1.9114995002746582
2014-01-29 20:10:00,0.0,2.3896231651306152,0.5016971665197805,[5.710299015045166],2.3896231651306152
2014-01-29 20:15:00,0.334,1.3657461318969726,0.5016411078046021,[1.865262508392334],1.6997461318969727
2014-01-29 20:20:00,13.34,-10.975002136230469,0.5009974086712905,[120.45067596435547],2.3649978637695312
2014-01-29 20:25:00,0.328,1.460358211517334,0.50096421908458,[2.132645845413208],1.788358211517334
2014-01-29 20:30:00,0.0,2.833974838256836,0.5010199798053281,[8.0314130783081055],2.833974838256836
2014-01-29 20:35:00,0.334,3.2082773361206054,0.5010750968899862,[10.29304313659668],3.5422773361206055
2014-01-29 20:40:00,0.0,-0.8923993110656738,0.5009057150918539,[0.79637652635574341],-0.8923993110656738
2014-01-29 20:45:00,0.0,0.05783700942993164,0.5008252658011314,[0.0033451197668910027],0.05783700942993164
2014-01-29 20:50:00,0.334,-3.7513755645751954,0.500511575239188,[14.072819709777832],-3.4173755645751953
2014-01-29 20:55:00,0.0,1.814131736755371,0.5005233352138947,[3.2910740375518799],1.814131736755371
2014-01-29 21:00:00,0.328,-1.1946906356811524,0.5003412253096047,[1.42728590965271],-0.8666906356811523
2014-01-29 21:05:00,0.0,0.8909659385681152,0.5003168893616292,[0.79382032155990601],0.8909659385681152
2014-01-29 21:10:00,0.338,0.07665616226196287,0.5008789548707733,[0.0058761672116816044],0.4146561622619629
2014-01-29 21:15:00,0.0,2.398024320602417,0.5009264101807493,[5.7505207061767578],2.398024320602417
2014-01-29 21:20:00,0.334,1.5395365867614745,0.500860404909962,[2.3701729774475098],1.8735365867614746
2014-01-29 21:25:00,0.0,2.3547627925872803,0.5008167064891061,[5.5449080467224121],2.3547627925872803
2014-01-29 21:30:00,0.334,1.329355827331543,0.5009297017607431,[1.7671868801116943],1.663355827331543
2014-01-29 21:35:00,0.0,2.3359434604644775,0.5010454926212438,[5.4566316604614258],2.3359434604644775
2014-01-29 21:40:00,0.334,1.4046608123779296,0.5013080683999426,[1.9730720520019531],1.7386608123779297
2014-01-29 21:45:00,0.0,2.3250961303710938,0.5013339674682991,[5.4060721397399902],2.3250961303710938
2014-01-29 21:50:00,0.338,1.3980124588012695,0.5014660998703804,[1.9544386863708496],1.7360124588012695
2014-01-29 21:55:00,0.0,2.3110978603363037,0.5015384013427389,[5.3411731719970703],2.3110978603363037
2014-01-29 22:00:00,0.41,1.3224395179748536,0.5016019772176676,[1.7488464117050171],1.7324395179748535
2014-01-29 22:05:00,0.0,2.287869930267334,0.5015962993224812,[5.2343487739562988],2.287869930267334
2014-01-29 22:10:00,0.4225,1.3570333862304689,0.501587049251091,[1.8415396213531494],1.7795333862304688
2014-01-29 22:15:00,2.0,0.16056537628173828,0.5014752929451023,[0.025781240314245224],2.1605653762817383
2014-01-29 22:20:00,11.662,-9.914797603607179,0.5009028091736911,[98.303199768066406],1.7472023963928223
2014-01-29 22:25:00,0.0,1.886754035949707,0.500879696268985,[3.5598406791687012],1.886754035949707
2014-01-29 22:30:00,0.328,2.6254451961517336,0.5009417566673036,[6.8929619789123535],2.9534451961517334
2014-01-29 22:35:00,0.0,2.7608556747436523,0.5009637314734809,[7.6223239898681641],2.7608556747436523
2014-01-29 22:40:00,0.338,-1.0912081604003907,0.5008367702339546,[1.1907353401184082],-0.7532081604003906
2014-01-29 22:45:00,0.0,-0.5972929000854492,0.500688260739887,[0.35675880312919617],-0.5972929000854492
2014-01-29 22:50:00,0.0,-2.427051544189453,0.5004969151488543,[5.8905792236328125],-2.427051544189453
2014-01-29 22:55:00,0.334,1.63043772315979,0.5004630536329125,[2.6583271026611328],1.96443772315979
2014-01-29 23:00:00,0.328,-1.328532627105713,0.5003258291548689,[1.7649991512298584],-1.000532627105713
2014-01-29 23:05:00,0.0,0.5909528732299805,0.5003476899484014,[0.34922531247138977],0.5909528732299805
2014-01-29 23:10:00,0.0,1.109570026397705,0.5009115711288527,[1.2311456203460693],1.109570026397705
2014-01-29 23:15:00,0.338,1.4921033973693847,0.5008912458967745,[2.2263724803924561],1.8301033973693848
2014-01-29 23:20:00,0.0,1.767441749572754,0.5008471545104718,[3.1238503456115723],1.767441749572754
2014-01-29 23:25:00,0.328,1.4689727516174316,0.5007808627101127,[2.1578807830810547],1.7969727516174316
2014-01-29 23:30:00,0.0,2.174251079559326,0.5009478682996662,[4.7273678779602051],2.174251079559326
2014-01-29 23:35:00,0.334,1.4513050231933593,0.5010527082178131,[2.1062862873077393],1.7853050231933594
2014-01-29 23:40:00,0.0,2.2484517097473145,0.5012921087094594,[5.0555353164672852],2.2484517097473145
2014-01-29 23:45:00,0.0,1.794156551361084,0.5013004284300309,[3.2189977169036865],1.794156551361084
2014-01-29 23:50:00,0.334,1.8530858669281005,0.5014634687960733,[3.4339272975921631],2.1870858669281006
2014-01-29 23:55:00,0.0,1.5138916969299316,0.5015108051466691,[2.2918679714202881],1.5138916969299316
2014-01-30 00:00:00,0.334,1.84808909034729,0.5015486615703775,[3.415433406829834],2.18208909034729
2014-01-30 00:05:00,0.0,2.250868320465088,0.5015875226201392,[5.0664081573486328],2.250868320465088
2014-01-30 00:10:00,0.328,1.423913547515869,0.5015699420793791,[2.0275294780731201],1.7519135475158691
2014-01-30 00:15:00,0.0,2.1974704265594482,0.5016072807743005,[4.8288764953613281],2.1974704265594482
2014-01-30 00:20:00,13.68,-11.948783092498779,0.5008838697783583,[142.7734375],1.7312169075012207
2014-01-30 00:25:00,0.334,1.7990900192260741,0.5009015574727913,[3.236724853515625],2.133090019226074
2014-01-30 00:30:00,0.0,2.6553244590759277,0.5009221782258928,[7.0507478713989258],2.6553244590759277
2014-01-30 00:35:00,0.6679999999999999,2.6833321876525877,0.5009675864338607,[7.2002716064453125],3.351332187652588
2014-01-30 00:40:00,0.0,-0.9879379272460938,0.5008217831580919,[0.97602134943008423],-0.9879379272460938
2014-01-30 00:45:00,0.328,-0.2655925064086914,0.5007303845029989,[0.070539385080337524],0.062407493591308594
2014-01-30 00:50:00,0.0,-2.720792770385742,0.500495826080811,[7.4027132987976074],-2.720792770385742
2014-01-30 00:55:00,0.0,1.7497162818908691,0.5004697895219876,[3.061506986618042],1.7497162818908691
2014-01-30 01:00:00,0.4225,-1.4512470817565917,0.5003220210322079,[2.1061182022094727],-1.0287470817565918
2014-01-30 01:05:00,0.0,-0.033898353576660156,0.5002071258845951,[0.0011490983888506889],-0.033898353576660156
2014-01-30 01:10:00,0.0,1.107907772064209,0.5008788960634103,[1.2274596691131592],1.107907772064209
2014-01-30 01:15:00,0.0,2.3804378509521484,0.5009085755767115,[5.6664843559265137],2.3804378509521484
2014-01-30 01:20:00,0.334,1.4729863319396972,0.5008475669329067,[2.1696887016296387],1.8069863319396973
2014-01-30 01:25:00,0.0,2.4994735717773438,0.5008378246094574,[6.247368335723877],2.4994735717773438
2014-01-30 01:30:00,0.328,1.6689148635864257,0.5009745374653858,[2.7852766513824463],1.9969148635864258
2014-01-30 01:35:00,0.0,2.4065918922424316,0.501112011508314,[5.791684627532959],2.4065918922424316
2014-01-30 01:40:00,0.0,1.7247443199157715,0.5013410479259572,[2.9747428894042969],1.7247443199157715
2014-01-30 01:45:00,0.334,1.7345508251190185,0.5013402135230463,[3.0086665153503418],2.0685508251190186
2014-01-30 01:50:00,0.334,1.3009339485168456,0.5014821466196193,[1.6924291849136353],1.6349339485168457
2014-01-30 01:55:00,0.0,1.9949462413787842,0.5015867471903583,[3.9798104763031006],1.9949462413787842
2014-01-30 02:00:00,0.328,1.4629770011901855,0.5016051099251031,[2.1403014659881592],1.7909770011901855
2014-01-30 02:05:00,0.0,1.6682367324829102,0.5015683756545066,[2.7830138206481934],1.6682367324829102
2014-01-30 02:10:00,0.328,1.40183980178833,0.5015647494688078,[1.9651546478271484],1.72983980178833
2014-01-30 02:15:00,5.612,-3.9707560653686524,0.5012314029920106,[15.766903877258301],1.6412439346313477
2014-01-30 02:20:00,8.056000000000001,-6.590372329711915,0.5008058236124888,[43.433002471923828],1.465627670288086
2014-01-30 02:25:00,0.0,1.3267641067504883,0.5007499109268436,[1.7603030204772949],1.3267641067504883
2014-01-30 02:30:00,0.328,2.7935615272521974,0.5008048033961265,[7.803985595703125],3.1215615272521973
2014-01-30 02:35:00,0.0,1.8471450805664062,0.5008104244810996,[3.4119448661804199],1.8471450805664062
2014-01-30 02:40:00,0.0,-0.5477724075317383,0.5007149649832119,[0.30005460977554321],-0.5477724075317383
2014-01-30 02:45:00,0.334,-1.6051396217346192,0.5005290317549591,[2.5764732360839844],-1.2711396217346191
2014-01-30 02:50:00,0.0,-2.1698360443115234,0.5003413858503098,[4.708188533782959],-2.1698360443115234
2014-01-30 02:55:00,0.334,0.42075645065307615,0.5002767200849082,[0.17703600227832794],0.7547564506530762
2014-01-30 03:00:00,0.328,-0.8081020622253419,0.5001623750823042,[0.65302896499633789],-0.4801020622253418
2014-01-30 03:05:00,4.918,-4.9381735496521,0.500112812368154,[24.385560989379883],-0.02017354965209961
2014-01-30 03:10:00,0.328,0.6324415893554687,0.500486540723919,[0.39998236298561096],0.9604415893554688
2014-01-30 03:15:00,0.0,0.9839167594909668,0.5004686214007162,[0.96809220314025879],0.9839167594909668
2014-01-30 03:20:00,0.0,1.179328441619873,0.5003848138996488,[1.3908156156539917],1.179328441619873
2014-01-30 03:25:00,0.334,-0.9391707267761231,0.5002405103984393,[0.88204163312911987],-0.605170726776123
2014-01-30 03:30:00,0.0,-0.26839685440063477,0.5002549232536777,[0.072036869823932648],-0.26839685440063477
2014-01-30 03:35:00,0.328,-1.2564567832946778,0.500273061854646,[1.5786838531494141],-0.9284567832946777
2014-01-30 03:40:00,0.0,2.5957770347595215,0.5005197263719535,[6.7380585670471191],2.5957770347595215
2014-01-30 03:45:00,0.334,0.7365933570861816,0.5005359807935417,[0.54256981611251831],1.0705933570861816
2014-01-30 03:50:00,0.0,1.5092134475708008,0.5006559675608877,[2.2777252197265625],1.5092134475708008
2014-01-30 03:55:00,0.0,1.3988308906555176,0.5009845923859182,[1.9567278623580933],1.3988308906555176
2014-01-30 04:00:00,0.338,1.5985980625152587,0.5010346119385707,[2.5555155277252197],1.9365980625152588
2014-01-30 04:05:00,0.0,1.4232850074768066,0.5010573323594266,[2.0257401466369629],1.4232850074768066
2014-01-30 04:10:00,0.328,1.6027396411895751,0.5010792121094907,[2.5687742233276367],1.9307396411895752
2014-01-30 04:15:00,13.652,-11.554917385101318,0.5005294286974655,[133.51614379882812],2.0970826148986816
2014-01-30 04:20:00,0.0,1.587615966796875,0.5006256119194008,[2.5205245018005371],1.587615966796875
2014-01-30 04:25:00,0.334,2.3552738342285156,0.5008129699905811,[5.5473141670227051],2.6892738342285156
2014-01-30 04:30:00,0.0,3.4403319358825684,0.5008564607044036,[11.835884094238281],3.4403319358825684
2014-01-30 04:35:00,0.328,-1.3891653327941895,0.5007461822461281,[1.9297804832458496],-1.0611653327941895
2014-01-30 04:40:00,0.0,-0.41838836669921875,0.5006460293876078,[0.175048828125],-0.41838836669921875
2014-01-30 04:45:00,0.0,-2.8983850479125977,0.5004228981067373,[8.4006357192993164],-2.8983850479125977
2014-01-30 04:50:00,0.328,1.8502264709472656,0.5004356972564941,[3.4233376979827881],2.1782264709472656
2014-01-30 04:55:00,0.0,-1.2128057479858398,0.5002986293507684,[1.4708977937698364],-1.2128057479858398
2014-01-30 05:00:00,0.338,-0.01977270889282229,0.5002140974750168,[0.0003909599909093231],0.31822729110717773
2014-01-30 05:05:00,0.0,1.0519981384277344,0.5008701902227468,[1.10670006275177],1.0519981384277344
2014-01-30 05:10:00,0.338,1.2452877159118652,0.500852258816828,[1.5507413148880005],1.5832877159118652
2014-01-30 05:15:00,0.0,2.006678581237793,0.5008338941066006,[4.026759147644043],2.006678581237793
2014-01-30 05:20:00,0.338,1.3104675407409667,0.5007228078729673,[1.71732497215271],1.6484675407409668
2014-01-30 05:25:00,0.0,1.8979830741882324,0.5008938819940304,[3.6023397445678711],1.8979830741882324
2014-01-30 05:30:00,0.0,1.5173368453979492,0.500994646047931,[2.3023111820220947],1.5173368453979492
2014-01-30 05:35:00,0.328,1.5597668380737304,0.5012269647202988,[2.4328722953796387],1.8877668380737305
2014-01-30 05:40:00,0.0,1.491370677947998,0.501208200440767,[2.2241864204406738],1.491370677947998
2014-01-30 05:45:00,0.338,1.5621505374908446,0.5013528838915204,[2.4403140544891357],1.9001505374908447
2014-01-30 05:50:00,0.0,2.1033222675323486,0.501463556090828,[4.4239645004272461],2.1033222675323486
2014-01-30 05:55:00,0.0,1.550992488861084,0.5014895965588544,[2.4055776596069336],1.550992488861084
2014-01-30 06:00:00,0.328,1.6409834117889404,0.5015102457390535,[2.6928262710571289],1.9689834117889404
2014-01-30 06:05:00,0.328,1.1767335624694824,0.5014669716839693,[1.3847017288208008],1.5047335624694824
2014-01-30 06:10:00,11.612,-9.748979579925537,0.5008908130240839,[95.0426025390625],1.863020420074463
2014-01-30 06:15:00,2.0,-0.270937442779541,0.5007776102316835,[0.073407098650932312],1.729062557220459
2014-01-30 06:20:00,0.0,2.0451066493988037,0.5008049554870231,[4.1824612617492676],2.0451066493988037
2014-01-30 06:25:00,0.334,3.089044681549072,0.5008845195184595,[9.5421962738037109],3.4230446815490723
2014-01-30 06:30:00,0.0,-0.4632096290588379,0.5007824626004866,[0.21456316113471985],-0.4632096290588379
2014-01-30 06:35:00,0.338,-0.683576286315918,0.5006651606983168,[0.46727654337882996],-0.34557628631591797
2014-01-30 06:40:00,0.0,-2.9006128311157227,0.5004038290024891,[8.4135551452636719],-2.9006128311157227
2014-01-30 06:45:00,0.0,1.004931926727295,0.5003750761162755,[1.0098881721496582],1.004931926727295
2014-01-30 06:50:00,0.334,-0.9443940010070802,0.500239850003503,[0.89188003540039062],-0.6103940010070801
2014-01-30 06:55:00,0.0,0.39641714096069336,0.500198860755227,[0.15714654326438904],0.39641714096069336
2014-01-30 07:00:00,0.338,0.158248722076416,0.500717385354231,[0.025042658671736717],0.496248722076416
2014-01-30 07:05:00,0.0,2.7090983390808105,0.5008730994816335,[7.3392138481140137],2.7090983390808105
2014-01-30 07:10:00,0.338,1.1970193977355956,0.5008285820572902,[1.4328552484512329],1.5350193977355957
2014-01-30 07:15:00,0.0,1.949578046798706,0.5007686812264823,[3.8008544445037842],1.949578046798706
2014-01-30 07:20:00,0.334,1.2641960296630859,0.5008590676677358,[1.5981916189193726],1.598196029663086
2014-01-30 07:25:00,0.0,1.8385882377624512,0.5009910798886623,[3.3804066181182861],1.8385882377624512
2014-01-30 07:30:00,0.334,1.1399489555358886,0.5012028499888881,[1.2994836568832397],1.4739489555358887
2014-01-30 07:35:00,0.0,1.8316655158996582,0.5012461025279857,[3.3549985885620117],1.8316655158996582
2014-01-30 07:40:00,0.0,1.5719618797302246,0.5013780328461933,[2.4710640907287598],1.5719618797302246
2014-01-30 07:45:00,0.334,1.4905906829833984,0.5014354236178671,[2.2218606472015381],1.8245906829833984
2014-01-30 07:50:00,0.0,1.464341640472412,0.5015039662249243,[2.144296407699585],1.464341640472412
2014-01-30 07:55:00,0.334,1.488221279144287,0.5014398997653324,[2.2148025035858154],1.822221279144287
2014-01-30 08:00:00,0.0,2.0312674045562744,0.5014836297987251,[4.1260471343994141],2.0312674045562744
2014-01-30 08:05:00,13.968,-12.481639450073242,0.5007275438292249,[155.79133605957031],1.4863605499267578
2014-01-30 08:10:00,0.0,1.9066760540008545,0.5007610659188013,[3.635413646697998],1.9066760540008545
2014-01-30 08:15:00,0.0,2.737703561782837,0.5008079798178551,[7.495020866394043],2.737703561782837
2014-01-30 08:20:00,0.328,2.8047288150787355,0.5008951433531705,[7.8665032386779785],3.1327288150787354
2014-01-30 08:25:00,0.0,-1.2178006172180176,0.5007350711183023,[1.4830383062362671],-1.2178006172180176
2014-01-30 08:30:00,0.338,-0.8387538795471192,0.5006084555262852,[0.70350807905197144],-0.5007538795471191
2014-01-30 08:35:00,0.0,-3.401662826538086,0.5003516039578169,[11.571310043334961],-3.401662826538086
2014-01-30 08:40:00,0.334,1.4093891296386718,0.5003484627910807,[1.9863777160644531],1.7433891296386719
2014-01-30 08:45:00,0.0,-1.079972267150879,0.5002134068172636,[1.1663401126861572],-1.079972267150879
2014-01-30 08:50:00,0.0,-0.08210515975952148,0.5001020938456187,[0.0067412573844194412],-0.08210515975952148
2014-01-30 08:55:00,0.334,0.13325034713745115,0.5007659856599506,[0.017755657434463501],0.46725034713745117
2014-01-30 09:00:00,0.338,0.993066608428955,0.5007177848030491,[0.98618131875991821],1.331066608428955
2014-01-30 09:05:00,0.0,1.7966899871826172,0.5006680142474895,[3.2280948162078857],1.7966899871826172
2014-01-30 09:10:00,0.0,1.7970685958862305,0.5006147091792947,[3.2294554710388184],1.7970685958862305
2014-01-30 09:15:00,0.328,1.1757746429443359,0.5007406689309918,[1.3824458122253418],1.503774642944336
2014-01-30 09:20:00,0.0,1.53269624710083,0.5008654771177945,[2.3491578102111816],1.53269624710083
2014-01-30 09:25:00,0.334,1.1793419036865234,0.5011068672535732,[1.3908473253250122],1.5133419036865234
2014-01-30 09:30:00,0.0,1.8811273574829102,0.5011316105570498,[3.538640022277832],1.8811273574829102
2014-01-30 09:35:00,0.0,1.5878567695617676,0.5012722257772269,[2.5212891101837158],1.5878567695617676
2014-01-30 09:40:00,0.328,1.550838539123535,0.5013583200241679,[2.4050998687744141],1.8788385391235352
2014-01-30 09:45:00,0.0,1.5223875045776367,0.501431594604373,[2.3176636695861816],1.5223875045776367
2014-01-30 09:50:00,0.338,1.431057273864746,0.5014547166203773,[2.0479247570037842],1.769057273864746
2014-01-30 09:55:00,6.95,-5.064521026611328,0.5010933459441601,[25.649372100830078],1.8854789733886719
2014-01-30 10:00:00,6.666,-5.226729503631592,0.5007232381832087,[27.318700790405273],1.4392704963684082
2014-01-30 10:05:00,0.334,0.7099991950988769,0.5006985665595358,[0.50409889221191406],1.043999195098877
2014-01-30 10:10:00,0.0,3.157754421234131,0.5007840227813456,[9.9714126586914062],3.157754421234131
2014-01-30 10:15:00,0.328,0.9500900001525878,0.5007718214422354,[0.90267097949981689],1.278090000152588
2014-01-30 10:20:00,0.0,-0.5020651817321777,0.5006459568811714,[0.25206944346427917],-0.5020651817321777
2014-01-30 10:25:00,0.0,-1.1644001007080078,0.5005006049520501,[1.3558275699615479],-1.1644001007080078
2014-01-30 10:30:00,0.328,-1.9508575706481934,0.5003156532729321,[3.8058454990386963],-1.6228575706481934
2014-01-30 10:35:00,0.0,0.25579261779785156,0.500248549686197,[0.065429866313934326],0.25579261779785156
2014-01-30 10:40:00,0.328,-0.5090932159423829,0.5001458772919927,[0.25917592644691467],-0.1810932159423828
2014-01-30 10:45:00,0.0,0.7370357513427734,0.5004526666177592,[0.54322171211242676],0.7370357513427734
2014-01-30 10:50:00,0.334,0.6884518775939941,0.5007656231874378,[0.47396600246429443],1.0224518775939941
2014-01-30 10:55:00,0.0,1.8610868453979492,0.500826355325151,[3.46364426612854],1.8610868453979492
2014-01-30 11:00:00,0.338,1.175941764831543,0.5007213017716905,[1.3828388452529907],1.513941764831543
2014-01-30 11:05:00,0.0,1.7396912574768066,0.5007629210695731,[3.0265257358551025],1.7396912574768066
2014-01-30 11:10:00,0.0,1.4074697494506836,0.5008639375080489,[1.980971097946167],1.4074697494506836
2014-01-30 11:15:00,0.338,1.3846581573486327,0.5009988952634369,[1.9172780513763428],1.7226581573486328
2014-01-30 11:20:00,0.0,1.376563549041748,0.5011751758370541,[1.8949272632598877],1.376563549041748
2014-01-30 11:25:00,0.338,1.3843777770996093,0.5012349612501574,[1.9165016412734985],1.7223777770996094
2014-01-30 11:30:00,0.0,1.9523396492004395,0.5013653831322744,[3.8116300106048584],1.9523396492004395
2014-01-30 11:35:00,0.328,1.0941653938293456,0.5013843593934935,[1.1971977949142456],1.4221653938293457
2014-01-30 11:40:00,0.0,1.8183870315551758,0.501444252485338,[3.3065314292907715],1.8183870315551758
2014-01-30 11:45:00,0.0,1.4798078536987305,0.5014240203455292,[2.1898312568664551],1.4798078536987305
2014-01-30 11:50:00,14.036,-12.337529884338378,0.5007084406060331,[152.21464538574219],1.698470115661621
2014-01-30 11:55:00,0.0,1.2917065620422363,0.5006845067572586,[1.6685057878494263],1.2917065620422363
2014-01-30 12:00:00,0.338,2.074017822265625,0.5007196476716324,[4.3015499114990234],2.412017822265625
2014-01-30 12:05:00,0.0,3.3369250297546387,0.50082293540224,[11.135068893432617],3.3369250297546387
2014-01-30 12:10:00,0.338,-1.4769398574829102,0.5006715621875188,[2.1813514232635498],-1.1389398574829102
2014-01-30 12:15:00,0.0,-0.2977585792541504,0.5005822150424414,[0.088660173118114471],-0.2977585792541504
2014-01-30 12:20:00,2.372,-5.264318725585937,0.5001992684331402,[27.713048934936523],-2.8923187255859375
2014-01-30 12:25:00,0.338,1.740146457672119,0.5002332857979657,[3.0281095504760742],2.078146457672119
2014-01-30 12:30:00,0.0,-0.9746198654174805,0.5000847798134709,[0.94988387823104858],-0.9746198654174805
2014-01-30 12:35:00,0.672,-0.6979547233581543,0.49996889408418876,[0.48714077472686768],-0.025954723358154297
2014-01-30 12:40:00,0.0,-1.175755500793457,0.5005627538176157,[1.3824009895324707],-1.175755500793457
2014-01-30 12:45:00,0.328,0.4235749931335449,0.5005164803678641,[0.17941576242446899],0.7515749931335449
2014-01-30 12:50:00,0.0,1.4012479782104492,0.500480458959409,[1.9634958505630493],1.4012479782104492
2014-01-30 12:55:00,0.0,2.0909225940704346,0.5004138111096067,[4.3719573020935059],2.0909225940704346
2014-01-30 13:00:00,0.328,1.8007693977355956,0.5005880848475679,[3.2427701950073242],2.1287693977355957
2014-01-30 13:05:00,0.338,1.4349015350341796,0.5006801852555631,[2.0589423179626465],1.7729015350341797
2014-01-30 13:10:00,0.0,2.6499552726745605,0.5011015364697393,[7.0222630500793457],2.6499552726745605
2014-01-30 13:15:00,0.0,2.0053391456604004,0.5011155211955065,[4.0213851928710938],2.0053391456604004
2014-01-30 13:20:00,0.338,1.1711991424560546,0.5012298698770823,[1.3717073202133179],1.5091991424560547
2014-01-30 13:25:00,0.0,1.516768455505371,0.501347901842113,[2.300586462020874],1.516768455505371
2014-01-30 13:30:00,0.338,1.1083376998901366,0.501469742196379,[1.2284122705459595],1.4463376998901367
2014-01-30 13:35:00,0.0,1.799311637878418,0.5015430949044217,[3.2375223636627197],1.799311637878418
2014-01-30 13:40:00,3.724,-2.1940212478637697,0.501351758264001,[4.8137292861938477],1.5299787521362305
2014-01-30 13:45:00,10.328,-8.529887130737304,0.500786172748507,[72.75897216796875],1.7981128692626953
2014-01-30 13:50:00,0.0,1.320082187652588,0.5007603783247231,[1.7426170110702515],1.320082187652588
2014-01-30 13:55:00,0.338,2.3674038047790527,0.5008098927109257,[5.6046004295349121],2.7054038047790527
2014-01-30 14:00:00,0.0,2.5525906085968018,0.500804404849381,[6.515718936920166],2.5525906085968018
2014-01-30 14:05:00,0.338,-1.1438667182922364,0.5006363619206958,[1.3084311485290527],-0.8058667182922363
2014-01-30 14:10:00,0.328,-0.7525166778564454,0.5005336692231237,[0.56628137826919556],-0.4245166778564453
2014-01-30 14:15:00,0.0,-1.9944181442260742,0.5003462435372752,[3.9777038097381592],-1.9944181442260742
2014-01-30 14:20:00,0.338,0.7940037841796874,0.5003292687377532,[0.63044202327728271],1.1320037841796875
2014-01-30 14:25:00,0.0,-0.691948413848877,0.5001960748535448,[0.47879260778427124],-0.691948413848877
2014-01-30 14:30:00,5.296,-5.391709800720215,0.5000256342977969,[29.070533752441406],-0.09570980072021484
2014-01-30 14:35:00,1.016,-0.1402666244506836,0.5004743124401021,[0.019674735143780708],0.8757333755493164
2014-01-30 14:40:00,0.0,0.5624985694885254,0.5004336641689282,[0.31640464067459106],0.5624985694885254
2014-01-30 14:45:00,0.0,1.3039617538452148,0.5003765320104658,[1.700316309928894],1.3039617538452148
2014-01-30 14:50:00,0.328,-0.7191967277526856,0.5002014109245401,[0.51724392175674438],-0.39119672775268555
2014-01-30 14:55:00,0.0,-0.10247993469238281,0.5002570820921337,[0.010502137243747711],-0.10247993469238281
2014-01-30 15:00:00,0.328,-1.4244231491088868,0.5002211860964932,[2.0289814472198486],-1.0964231491088867
2014-01-30 15:05:00,0.0,1.7563180923461914,0.5004217950220506,[3.0846531391143799],1.7563180923461914
2014-01-30 15:10:00,0.41,0.5284121894836427,0.5004074441129094,[0.27921947836875916],0.9384121894836426
2014-01-30 15:15:00,0.0,1.7325572967529297,0.500537113006011,[3.0017547607421875],1.7325572967529297
2014-01-30 15:20:00,0.334,0.8791586074829101,0.5008731539179487,[0.77291989326477051],1.2131586074829102
2014-01-30 15:25:00,0.0,1.7698421478271484,0.5009754055398834,[3.1323411464691162],1.7698421478271484
2014-01-30 15:30:00,0.334,1.049467674255371,0.5010014687589115,[1.1013823747634888],1.383467674255371
2014-01-30 15:35:00,10.334,-8.67952764892578,0.5004670641302558,[75.334190368652344],1.6544723510742188
2014-01-30 15:40:00,3.2880000000000003,-1.8402136688232424,0.5004071047042943,[3.3863866329193115],1.4477863311767578
2014-01-30 15:45:00,0.0,1.690742015838623,0.5005030785668827,[2.8586084842681885],1.690742015838623
2014-01-30 15:50:00,0.328,2.9531355590820314,0.5007376732848638,[8.7210092544555664],3.2811355590820312
2014-01-30 15:55:00,0.0,0.014175891876220703,0.5006441467900946,[0.00020095591025892645],0.014175891876220703
2014-01-30 16:00:00,0.338,-0.5392834548950196,0.5005868710098179,[0.29082664847373962],-0.20128345489501953
2014-01-30 16:05:00,0.0,-2.4485321044921875,0.500362551857322,[5.9953093528747559],-2.4485321044921875
2014-01-30 16:10:00,0.338,-0.6636216049194337,0.500279669083421,[0.44039362668991089],-0.3256216049194336
2014-01-30 16:15:00,0.0,-0.21811246871948242,0.500172762958599,[0.047573048621416092],-0.21811246871948242
2014-01-30 16:20:00,0.0,0.16791200637817383,0.5001252377902445,[0.028194442391395569],0.16791200637817383
2014-01-30 16:25:00,0.672,-0.27604872894287114,0.5005770347082719,[0.076202899217605591],0.3959512710571289
2014-01-30 16:30:00,0.0,1.6202664375305176,0.5007629372390568,[2.6252632141113281],1.6202664375305176
2014-01-30 16:35:00,0.0,1.4961342811584473,0.5007523045405711,[2.2384178638458252],1.4961342811584473
2014-01-30 16:40:00,0.334,1.423807731628418,0.5006698533611527,[2.0272285938262939],1.757807731628418
2014-01-30 16:45:00,0.0,1.415818214416504,0.5007451205902307,[2.0045411586761475],1.415818214416504
2014-01-30 16:50:00,0.334,1.2219353828430175,0.5008398064629469,[1.4931261539459229],1.5559353828430176
2014-01-30 16:55:00,0.0,1.2920637130737305,0.5010411152852435,[1.6694285869598389],1.2920637130737305
2014-01-30 17:00:00,0.328,1.1851030082702636,0.5011406330333493,[1.4044690132141113],1.5131030082702637
2014-01-30 17:05:00,0.0,1.9581184387207031,0.5012577413992847,[3.8342278003692627],1.9581184387207031
2014-01-30 17:10:00,0.338,1.202292739868164,0.5013134719434001,[1.4455076456069946],1.540292739868164
2014-01-30 17:15:00,0.0,1.8146390914916992,0.5014260833654056,[3.2929151058197021],1.8146390914916992
2014-01-30 17:20:00,0.328,1.0110750885009765,0.5013932960652889,[1.0222727060317993],1.3390750885009766
2014-01-30 17:25:00,0.0,1.7197813987731934,0.5014053119101789,[2.9576480388641357],1.7197813987731934
2014-01-30 17:30:00,0.0,1.4166908264160156,0.5014049260052611,[2.0070128440856934],1.4166908264160156
2014-01-30 17:35:00,0.334,1.3778592262268066,0.5014028810353514,[1.8984960317611694],1.7118592262268066
2014-01-30 17:40:00,7.34,-6.008071746826172,0.5010136697419509,[36.096927642822266],1.3319282531738281
2014-01-30 17:45:00,6.284,-4.567544063568115,0.5006980650782062,[20.862457275390625],1.7164559364318848
2014-01-30 17:50:00,0.328,0.8776159973144531,0.5006813659594146,[0.77020984888076782],1.2056159973144531
2014-01-30 17:55:00,0.0,2.8365116119384766,0.5007284445436215,[8.0457983016967773],2.8365116119384766
2014-01-30 18:00:00,0.334,0.9244962844848632,0.5007133425849153,[0.85469341278076172],1.2584962844848633
2014-01-30 18:05:00,0.0,-0.48094940185546875,0.5005894013485859,[0.2313123345375061],-0.48094940185546875
2014-01-30 18:10:00,0.41,-1.5930453872680663,0.5004488708110593,[2.5377933979034424],-1.1830453872680664
2014-01-30 18:15:00,0.0,-1.5083417892456055,0.5002745350988737,[2.2750949859619141],-1.5083417892456055
2014-01-30 18:20:00,0.338,0.017722904205322243,0.5001988135838163,[0.00031410134397447109],0.35572290420532227
2014-01-30 18:25:00,0.0,-0.14900970458984375,0.5001161613038141,[0.022203892469406128],-0.14900970458984375
2014-01-30 18:30:00,0.334,-0.06778610610961916,0.5004373521311292,[0.0045949551276862621],0.26621389389038086
2014-01-30 18:35:00,0.0,1.3445310592651367,0.5007569863649268,[1.8077638149261475],1.3445310592651367
2014-01-30 18:40:00,0.0,1.420668125152588,0.5007862186821421,[2.0182979106903076],1.420668125152588
2014-01-30 18:45:00,0.334,1.3787819061279296,0.5007071738129787,[1.9010396003723145],1.7127819061279297
2014-01-30 18:50:00,0.0,1.3941287994384766,0.500732436810069,[1.9435950517654419],1.3941287994384766
2014-01-30 18:55:00,0.328,1.3956313819885253,0.5008339008603677,[1.947786808013916],1.7236313819885254
2014-01-30 19:00:00,0.0,1.9593396186828613,0.5010261089745289,[3.8390116691589355],1.9593396186828613
2014-01-30 19:05:00,0.334,1.0443483505249023,0.5011643638683829,[1.0906635522842407],1.3783483505249023
2014-01-30 19:10:00,0.0,1.8027524948120117,0.5012609855370609,[3.2499165534973145],1.8027524948120117
2014-01-30 19:15:00,0.334,1.0901261482238769,0.5013281556875615,[1.1883749961853027],1.424126148223877
2014-01-30 19:20:00,5.716,-4.036311069488526,0.5011136749257876,[16.291807174682617],1.6796889305114746
2014-01-30 19:25:00,0.0,1.301987648010254,0.5011113118633714,[1.6951718330383301],1.301987648010254
2014-01-30 19:30:00,0.334,0.5255380783081054,0.5010628030523814,[0.27619028091430664],0.8595380783081055
2014-01-30 19:35:00,0.0,1.1441965103149414,0.5010500285359158,[1.3091856241226196],1.1441965103149414
2014-01-30 19:40:00,0.328,-1.02432625579834,0.5009190163729617,[1.0492444038391113],-0.6963262557983398
2014-01-30 19:45:00,0.0,-0.08729076385498047,0.5008386023403844,[0.0076196775771677494],-0.08729076385498047
2014-01-30 19:50:00,0.0,-0.8396444320678711,0.5006867956954133,[0.70500278472900391],-0.8396444320678711
2014-01-30 19:55:00,0.328,2.3030641765594484,0.5007548646814993,[5.3041043281555176],2.6310641765594482
2014-01-30 20:00:00,0.338,0.4337933654785156,0.5006804791885648,[0.18817669153213501],0.7717933654785156
2014-01-30 20:05:00,0.0,1.3550329208374023,0.5006947077024517,[1.8361141681671143],1.3550329208374023
2014-01-30 20:10:00,0.0,1.648343563079834,0.501003424694072,[2.7170364856719971],1.648343563079834
2014-01-30 20:15:00,0.338,1.0340860481262206,0.5009888158539018,[1.0693337917327881],1.3720860481262207
2014-01-30 20:20:00,0.0,1.4219732284545898,0.5010374519096072,[2.022007942199707],1.4219732284545898
2014-01-30 20:25:00,0.338,1.0531566734313964,0.5010324595076534,[1.1091388463973999],1.3911566734313965
2014-01-30 20:30:00,0.0,1.7434310913085938,0.5011828724444253,[3.0395519733428955],1.7434310913085938
2014-01-30 20:35:00,0.334,1.135264507293701,0.5012493671359977,[1.288825511932373],1.4692645072937012
2014-01-30 20:40:00,3.2880000000000003,-1.5406688575744631,0.5012115590667897,[2.3736608028411865],1.747331142425537
2014-01-30 20:45:00,0.0,1.469616413116455,0.5011661391766254,[2.1597723960876465],1.469616413116455
2014-01-30 20:50:00,0.338,1.1283515090942382,0.501203931554288,[1.2731770277023315],1.4663515090942383
2014-01-30 20:55:00,0.0,1.2219982147216797,0.5011966623025512,[1.4932796955108643],1.2219982147216797
2014-01-30 21:00:00,0.334,-0.9681576576232911,0.501054400431872,[0.93732923269271851],-0.634157657623291
2014-01-30 21:05:00,0.0,0.4854602813720703,0.5010245460043887,[0.23567168414592743],0.4854602813720703
2014-01-30 21:10:00,0.328,-0.5077542572021485,0.5009195433130442,[0.25781440734863281],-0.17975425720214844
2014-01-30 21:15:00,0.0,3.00050687789917,0.5010253653397179,[9.0030412673950195],3.00050687789917
2014-01-30 21:20:00,0.4175,1.1504631233215332,0.5009929803359963,[1.3235653638839722],1.5679631233215332
2014-01-30 21:25:00,8.322000000000001,-6.568917724609376,0.5005737730325048,[43.150672912597656],1.753082275390625
2014-01-30 21:30:00,0.0,1.7022757530212402,0.5007504230649648,[2.897742748260498],1.7022757530212402
2014-01-30 21:35:00,0.41,0.7482608222961427,0.5007109991131016,[0.55989432334899902],1.1582608222961426
2014-01-30 21:40:00,0.0,1.8815078735351562,0.5007518741155241,[3.540071964263916],1.8815078735351562
2014-01-30 21:45:00,0.338,-1.174894989013672,0.5006212242058019,[1.3803783655166626],-0.8368949890136719
2014-01-30 21:50:00,0.0,-0.19065570831298828,0.5006636925280592,[0.036349598318338394],-0.19065570831298828
2014-01-30 21:55:00,0.0,-1.341829776763916,0.5005640866978444,[1.8005071878433228],-1.341829776763916
2014-01-30 22:00:00,0.4175,1.95302583694458,0.5006982271760397,[3.81430983543396],2.37052583694458
2014-01-30 22:05:00,0.334,-0.1934636917114258,0.5005237712899617,[0.037428196519613266],0.14053630828857422
2014-01-30 22:10:00,0.0,0.9463324546813965,0.500512469268614,[0.89554512500762939],0.9463324546813965
2014-01-30 22:15:00,0.0,1.494661808013916,0.5009529875563248,[2.2340140342712402],1.494661808013916
2014-01-30 22:20:00,0.338,1.0431373710632323,0.5009168919612124,[1.0881354808807373],1.3811373710632324
2014-01-30 22:25:00,0.0,1.308049201965332,0.5009474003308733,[1.710992693901062],1.308049201965332
2014-01-30 22:30:00,0.338,0.8659175033569335,0.500891813171493,[0.74981313943862915],1.2039175033569336
2014-01-30 22:35:00,0.0,1.7579069137573242,0.501052095667945,[3.0902366638183594],1.7579069137573242
2014-01-30 22:40:00,0.0,1.5054101943969727,0.5011448092239615,[2.2662599086761475],1.5054101943969727
2014-01-30 22:45:00,0.0,1.7357869148254395,0.5013131527507433,[3.0129561424255371],1.7357869148254395
2014-01-30 22:50:00,0.0,1.353536605834961,0.501280316153875,[1.8320612907409668],1.353536605834961
2014-01-30 22:55:00,0.328,1.6007242889404296,0.5013785070640486,[2.5623180866241455],1.9287242889404297
2014-01-30 23:00:00,0.334,1.725765338897705,0.5014211474769186,[2.9782660007476807],2.059765338897705
2014-01-30 23:05:00,0.0,1.8305611610412598,0.5014394954093195,[3.3509540557861328],1.8305611610412598
2014-01-30 23:10:00,0.0,1.6153297424316406,0.5014708278047633,[2.6092901229858398],1.6153297424316406
2014-01-30 23:15:00,0.334,0.8675438079833984,0.5014467665707179,[0.7526322603225708],1.2015438079833984
2014-01-30 23:20:00,0.0,1.180860996246338,0.501464068659489,[1.3944326639175415],1.180860996246338
2014-01-30 23:25:00,0.328,0.908577033996582,0.5014175717261281,[0.82551223039627075],1.236577033996582
2014-01-30 23:30:00,0.0,1.5674347877502441,0.5014209530394658,[2.4568517208099365],1.5674347877502441
2014-01-30 23:35:00,0.0,1.3784871101379395,0.501401356446226,[1.9002267122268677],1.3784871101379395
2014-01-30 23:40:00,0.334,1.3257118377685546,0.5013998367230488,[1.7575118541717529],1.6597118377685547
2014-01-30 23:45:00,0.0,1.3268051147460938,0.5013848092794431,[1.7604118585586548],1.3268051147460938
2014-01-30 23:50:00,0.334,1.199522605895996,0.5013559394419245,[1.438854455947876],1.533522605895996
2014-01-30 23:55:00,0.0,1.6695265769958496,0.5013470490391032,[2.7873189449310303],1.6695265769958496
2014-01-31 00:00:00,0.338,0.8730371589660644,0.501306333333644,[0.76219385862350464],1.2110371589660645
2014-01-31 00:05:00,0.0,1.6188640594482422,0.5013475547114381,[2.6207208633422852],1.6188640594482422
2014-01-31 00:10:00,0.328,0.9432841033935546,0.5013345444877793,[0.88978487253189087],1.2712841033935547
2014-01-31 00:15:00,0.0,1.4759902954101562,0.5013657021940677,[2.1785473823547363],1.4759902954101562
2014-01-31 00:20:00,0.6659999999999999,0.48505724334716804,0.5013063076407518,[0.23528051376342773],1.151057243347168
2014-01-31 00:25:00,0.0,1.4668426513671875,0.5013111328970357,[2.1516273021697998],1.4668426513671875
2014-01-31 00:30:00,0.0,1.2611112594604492,0.5013075746363578,[1.5904016494750977],1.2611112594604492
2014-01-31 00:35:00,0.338,0.9377439613342284,0.5012862075139967,[0.87936371564865112],1.2757439613342285
2014-01-31 00:40:00,0.0,1.101506233215332,0.5012808238516944,[1.2133159637451172],1.101506233215332
2014-01-31 00:45:00,0.334,0.880855670928955,0.5012374548313494,[0.77590674161911011],1.214855670928955
2014-01-31 00:50:00,0.0,1.295877456665039,0.5012607051842277,[1.6792984008789062],1.295877456665039
2014-01-31 00:55:00,0.0,1.2822213172912598,0.5012421493253005,[1.6440914869308472],1.2822213172912598
2014-01-31 01:00:00,0.338,1.4970319862365722,0.5012725951010428,[2.2411046028137207],1.8350319862365723
2014-01-31 01:05:00,0.328,0.9025307388305663,0.5012410369412843,[0.81456172466278076],1.2305307388305664
2014-01-31 01:10:00,0.0,1.5150127410888672,0.5012977331335514,[2.2952635288238525],1.5150127410888672
2014-01-31 01:15:00,0.328,1.065989086151123,0.5012756579182462,[1.136332631111145],1.393989086151123
2014-01-31 01:20:00,0.0,1.1400823593139648,0.5012689883762023,[1.2997877597808838],1.1400823593139648
2014-01-31 01:25:00,0.0,1.3099431991577148,0.5012894893427974,[1.7159512042999268],1.3099431991577148
2014-01-31 01:30:00,0.334,0.8461333427429198,0.5012754487432454,[0.7159416675567627],1.18013334274292
2014-01-31 01:35:00,0.0,0.9924421310424805,0.5012816254306824,[0.98494136333465576],0.9924421310424805
2014-01-31 01:40:00,0.4175,1.1378607940673828,0.5012729105823998,[1.294727087020874],1.5553607940673828
2014-01-31 01:45:00,0.0,1.6137547492980957,0.5012911476414046,[2.6042044162750244],1.6137547492980957
2014-01-31 01:50:00,0.0,1.2229061126708984,0.5012760106522307,[1.4954993724822998],1.2229061126708984
2014-01-31 01:55:00,0.328,1.0837183685302734,0.5012860242719551,[1.1744453907012939],1.4117183685302734
2014-01-31 02:00:00,0.334,0.6504703674316406,0.501238346480944,[0.42311170697212219],0.9844703674316406
2014-01-31 02:05:00,0.0,1.310300350189209,0.5012518136517556,[1.7168869972229004],1.310300350189209
2014-01-31 02:10:00,0.0,1.3248109817504883,0.5012619930776465,[1.7551240921020508],1.3248109817504883
2014-01-31 02:15:00,0.334,0.7765070114135741,0.5012325590824327,[0.6029631495475769],1.1105070114135742
2014-01-31 02:20:00,0.0,1.1990351676940918,0.5012520511542669,[1.4376853704452515],1.1990351676940918
2014-01-31 02:25:00,0.334,0.8319851074218749,0.5012432161097178,[0.6921992301940918],1.165985107421875
2014-01-31 02:30:00,0.0,1.498556137084961,0.501263111790928,[2.2456705570220947],1.498556137084961
2014-01-31 02:35:00,0.334,0.8855215225219726,0.5012228618051202,[0.78414839506149292],1.2195215225219727
2014-01-31 02:40:00,0.0,1.4343757629394531,0.5012345139865834,[2.0574338436126709],1.4343757629394531
2014-01-31 02:45:00,0.0,1.2282648086547852,0.5012424946233454,[1.5086344480514526],1.2282648086547852
2014-01-31 02:50:00,0.338,0.9435876007080077,0.5012587395066326,[0.89035755395889282],1.2815876007080078
2014-01-31 02:55:00,0.0,0.9410171508789062,0.5012383179847983,[0.8855133056640625],0.9410171508789062
2014-01-31 03:00:00,0.328,0.9429412574768066,0.5012171898399491,[0.88913822174072266],1.2709412574768066
2014-01-31 03:05:00,0.0,1.5503463745117188,0.5012599892251446,[2.4035739898681641],1.5503463745117188
2014-01-31 03:10:00,0.338,0.6582038993835448,0.5012300860780068,[0.43323236703872681],0.9962038993835449
2014-01-31 03:15:00,0.0,1.4025459289550781,0.5012616622077041,[1.9671350717544556],1.4025459289550781
2014-01-31 03:20:00,0.338,0.7436726684570312,0.5012198700798756,[0.55304902791976929],1.0816726684570312
2014-01-31 03:25:00,0.0,1.2390975952148438,0.5012394495170347,[1.5353628396987915],1.2390975952148438
2014-01-31 03:30:00,0.338,0.6562169189453124,0.5011963537312363,[0.43062064051628113],0.9942169189453125
2014-01-31 03:35:00,0.0,1.2171401977539062,0.5011957108211433,[1.4814302921295166],1.2171401977539062
2014-01-31 03:40:00,5.246,-4.181252189636231,0.5009120479057387,[17.482868194580078],1.0647478103637695
2014-01-31 03:45:00,0.0,1.2076568603515625,0.5009267547346581,[1.45843505859375],1.2076568603515625
2014-01-31 03:50:00,0.4175,-0.03355358123779295,0.5008726277251362,[0.0011258421000093222],0.38394641876220703
2014-01-31 03:55:00,0.0,0.9200401306152344,0.5008375731328953,[0.8464738130569458],0.9200401306152344
2014-01-31 04:00:00,0.334,-1.0759233322143555,0.5007414624225461,[1.1576110124588013],-0.7419233322143555
2014-01-31 04:05:00,0.0,-0.11109447479248047,0.5006574308698216,[0.012341982685029507],-0.11109447479248047
2014-01-31 04:10:00,0.334,-1.0404456939697266,0.50055845274106,[1.0825272798538208],-0.7064456939697266
2014-01-31 04:15:00,0.0,2.5133161544799805,0.5006289210331202,[6.3167581558227539],2.5133161544799805
2014-01-31 04:20:00,0.328,0.5426116676330566,0.5006225379792919,[0.29442742466926575],0.8706116676330566
2014-01-31 04:25:00,0.0,1.2418484687805176,0.5006237517591124,[1.5421875715255737],1.2418484687805176
2014-01-31 04:30:00,0.0,1.252490520477295,0.5009257407077083,[1.5687325000762939],1.252490520477295
2014-01-31 04:35:00,0.334,0.8745781097412109,0.5009071716687011,[0.76488685607910156],1.208578109741211
2014-01-31 04:40:00,0.0,1.0331134796142578,0.5009664437538118,[1.0673234462738037],1.0331134796142578
2014-01-31 04:45:00,0.328,0.844379970550537,0.5009622033013321,[0.71297752857208252],1.172379970550537
2014-01-31 04:50:00,0.0,1.4782519340515137,0.5011042473778118,[2.1852288246154785],1.4782519340515137
2014-01-31 04:55:00,0.334,0.5740076217651366,0.5011424223891208,[0.32948476076126099],0.9080076217651367
2014-01-31 05:00:00,0.338,0.9733412857055663,0.5012545471936747,[0.94739323854446411],1.3113412857055664
2014-01-31 05:05:00,0.0,1.0191173553466797,0.5011713409170824,[1.0386002063751221],1.0191173553466797
2014-01-31 05:10:00,0.0,0.9889745712280273,0.5011962042364735,[0.97807067632675171],0.9889745712280273
2014-01-31 05:15:00,0.334,0.6480303916931152,0.5011631638833833,[0.41994339227676392],0.9820303916931152
2014-01-31 05:20:00,0.0,0.9129853248596191,0.5011442478927676,[0.83354222774505615],0.9129853248596191
2014-01-31 05:25:00,0.334,0.6776820335388183,0.5011333034019997,[0.45925295352935791],1.0116820335388184
2014-01-31 05:30:00,0.0,1.331669807434082,0.5011498950637292,[1.7733445167541504],1.331669807434082
2014-01-31 05:35:00,0.328,0.8862796516418456,0.5011522378246697,[0.78549158573150635],1.2142796516418457
2014-01-31 05:40:00,0.0,1.2812395095825195,0.5011412033800464,[1.6415747404098511],1.2812395095825195
2014-01-31 05:45:00,0.0,1.1230764389038086,0.5011718127046799,[1.2613006830215454],1.1230764389038086
2014-01-31 05:50:00,0.338,0.7736285324096679,0.5011606924990186,[0.59850108623504639],1.111628532409668
2014-01-31 05:55:00,0.0,0.8529090881347656,0.5011514272834723,[0.72745388746261597],0.8529090881347656
2014-01-31 06:00:00,0.4175,0.6792226028442383,0.5011341655991554,[0.46134331822395325],1.0967226028442383
2014-01-31 06:05:00,0.0,1.4175400733947754,0.5011770739963461,[2.0094199180603027],1.4175400733947754
2014-01-31 06:10:00,0.334,0.5474296722412109,0.5011567101098261,[0.29967924952507019],0.8814296722412109
2014-01-31 06:15:00,0.0,1.1814970970153809,0.5011848287096506,[1.3959354162216187],1.1814970970153809
2014-01-31 06:20:00,0.338,0.6223052139282226,0.5011452340434925,[0.38726377487182617],0.9603052139282227
2014-01-31 06:25:00,0.0,1.0541248321533203,0.5011545994382334,[1.1111791133880615],1.0541248321533203
2014-01-31 06:30:00,0.338,0.5403459663391112,0.5011132276754524,[0.2919737696647644],0.8783459663391113
2014-01-31 06:35:00,0.0,1.1086902618408203,0.5011123921767864,[1.2291940450668335],1.1086902618408203
2014-01-31 06:40:00,0.338,0.7161601181030273,0.5011091970621004,[0.51288533210754395],1.0541601181030273
2014-01-31 06:45:00,0.0,1.0765085220336914,0.501121679258739,[1.1588705778121948],1.0765085220336914
2014-01-31 06:50:00,0.0,1.0176844596862793,0.5011406024738846,[1.0356816053390503],1.0176844596862793
2014-01-31 06:55:00,0.328,0.7064276428222656,0.501100826196865,[0.49904000759124756],1.0344276428222656
2014-01-31 07:00:00,0.334,0.5379730377197265,0.5011003364579947,[0.28941500186920166],0.8719730377197266
2014-01-31 07:05:00,0.0,1.0361852645874023,0.5010921746386002,[1.0736799240112305],1.0361852645874023
2014-01-31 07:10:00,0.0,1.242882251739502,0.5011268809368243,[1.544756293296814],1.242882251739502
2014-01-31 07:15:00,0.338,0.47345954132080076,0.5010944036433469,[0.22416393458843231],0.8114595413208008
2014-01-31 07:20:00,0.0,1.017615795135498,0.501121124769486,[1.0355418920516968],1.017615795135498
2014-01-31 07:25:00,0.334,0.5754829559326171,0.5010912783203161,[0.3311806321144104],0.9094829559326172
2014-01-31 07:30:00,0.0,1.2302641868591309,0.5011200484112055,[1.5135499238967896],1.2302641868591309
2014-01-31 07:35:00,0.328,0.6999254913330077,0.5010989548688632,[0.48989567160606384],1.0279254913330078
2014-01-31 07:40:00,1.334,-0.17370117568969734,0.5010322637050044,[0.030172094702720642],1.1602988243103027
2014-01-31 07:45:00,0.0,1.0316720008850098,0.501050470599731,[1.0643471479415894],1.0316720008850098
2014-01-31 07:50:00,0.338,0.34749680709838865,0.5010398352008723,[0.12075403332710266],0.6854968070983887
2014-01-31 07:55:00,0.0,0.7727346420288086,0.5010250446076019,[0.59711885452270508],0.7727346420288086
2014-01-31 08:00:00,0.338,-0.21539610671997073,0.50094329860089,[0.046395484358072281],0.1226038932800293
2014-01-31 08:05:00,0.0,0.5355710983276367,0.5009467905557368,[0.2868364155292511],0.5355710983276367
2014-01-31 08:10:00,0.0,0.8618555068969727,0.5009380057045849,[0.74279493093490601],0.8618555068969727
2014-01-31 08:15:00,0.0,1.62504243850708,0.5009968288832378,[2.6407630443572998],1.62504243850708
2014-01-31 08:20:00,0.0,1.9077825546264648,0.5010347374225401,[3.639634370803833],1.9077825546264648
2014-01-31 08:25:00,0.328,1.2207127304077148,0.5010639432690117,[1.490139365196228],1.5487127304077148
2014-01-31 08:30:00,0.0,2.017538070678711,0.501186961871754,[4.0704598426818848],2.017538070678711
2014-01-31 08:35:00,0.4225,0.5641271018981934,0.5011607292368483,[0.31823936104774475],0.9866271018981934
2014-01-31 08:40:00,11.62,-10.461874122619628,0.5005542564796313,[109.4508056640625],1.158125877380371
2014-01-31 08:45:00,11.718,-11.190392082214355,0.4998827365566425,[125.22488403320312],0.5276079177856445
2014-01-31 08:50:00,5.318,-4.067768257141113,0.49966634764252726,[16.546737670898438],1.2502317428588867
2014-01-31 08:55:00,0.334,4.5779405746459965,0.4998930303383263,[20.957538604736328],4.911940574645996
2014-01-31 09:00:00,0.328,3.007714340209961,0.5000132648603404,[9.0463447570800781],3.335714340209961
2014-01-31 09:05:00,0.0,0.643500804901123,0.4999577857747898,[0.41409328579902649],0.643500804901123
2014-01-31 09:10:00,0.0,-1.6095943450927734,0.49975977208735634,[2.5907938480377197],-1.6095943450927734
2014-01-31 09:15:00,0.4175,-2.852955322265625,0.4995304950423053,[8.1393537521362305],-2.435455322265625
2014-01-31 09:20:00,0.0,-3.618638038635254,0.4992131865649838,[13.094541549682617],-3.618638038635254
2014-01-31 09:25:00,0.328,-2.9074477462768553,0.4990176183062627,[8.4532527923583984],-2.5794477462768555
2014-01-31 09:30:00,0.0,-1.7709507942199707,0.49950731982943486,[3.1362667083740234],-1.7709507942199707
2014-01-31 09:35:00,0.334,-0.5079296913146973,0.5001093553249426,[0.25799256563186646],-0.17392969131469727
2014-01-31 09:40:00,0.0,0.9290323257446289,0.5003908782873994,[0.86310106515884399],0.9290323257446289
2014-01-31 09:45:00,0.0,0.9773044586181641,0.500187624245821,[0.95512402057647705],0.9773044586181641
2014-01-31 09:50:00,0.334,0.7696911010742187,0.500061174394077,[0.59242439270019531],1.1036911010742188
2014-01-31 09:55:00,0.0,0.7984881401062012,0.5000696911605889,[0.63758331537246704],0.7984881401062012
2014-01-31 10:00:00,0.334,0.761555305480957,0.5002032928970241,[0.57996648550033569],1.095555305480957
2014-01-31 10:05:00,0.0,1.4012746810913086,0.5004431744326432,[1.9635707139968872],1.4012746810913086
2014-01-31 10:10:00,0.334,0.4820772323608398,0.5006746131417051,[0.23239846527576447],0.8160772323608398
2014-01-31 10:15:00,0.0,1.2235894203186035,0.5009077728918769,[1.4971710443496704],1.2235894203186035
2014-01-31 10:20:00,0.0,0.9101953506469727,0.5010591747679254,[0.82845556735992432],0.9101953506469727
2014-01-31 10:25:00,0.328,0.7375198097229003,0.5011295479077418,[0.54393547773361206],1.0655198097229004
2014-01-31 10:30:00,4.215,-3.459598865509033,0.5008820819133526,[11.968825340270996],0.7554011344909668
2014-01-31 10:35:00,0.0,1.0721845626831055,0.5008873658965824,[1.1495797634124756],1.0721845626831055
2014-01-31 10:40:00,0.328,0.8888226242065429,0.5008940470133327,[0.79000562429428101],1.216822624206543
2014-01-31 10:45:00,0.0,0.8008208274841309,0.500894137243215,[0.64131397008895874],0.8008208274841309
2014-01-31 10:50:00,0.334,-0.8833593215942384,0.5008012668665617,[0.78032368421554565],-0.5493593215942383
2014-01-31 10:55:00,0.0,-0.24020814895629883,0.5007084666353415,[0.057699955999851227],-0.24020814895629883
2014-01-31 11:00:00,0.334,-0.6420201148986817,0.5006449548782833,[0.41218981146812439],-0.30802011489868164
2014-01-31 11:05:00,0.0,2.604874849319458,0.500722810064383,[6.7853732109069824],2.604874849319458
2014-01-31 11:10:00,0.0,1.1028199195861816,0.5007335967916633,[1.2162117958068848],1.1028199195861816
2014-01-31 11:15:00,0.0,1.125032901763916,0.50075542169876,[1.265699028968811],1.125032901763916
2014-01-31 11:20:00,0.0,1.165212631225586,0.5010172546222779,[1.3577204942703247],1.165212631225586
2014-01-31 11:25:00,0.6679999999999999,0.6259391136169434,0.500991981737077,[0.39179980754852295],1.2939391136169434
2014-01-31 11:30:00,0.0,1.5934853553771973,0.5010317902429662,[2.5391955375671387],1.5934853553771973
2014-01-31 11:35:00,0.4175,0.485907096862793,0.5010139710361623,[0.23610571026802063],0.903407096862793
2014-01-31 11:40:00,0.0,1.0522241592407227,0.5011236545051138,[1.1071757078170776],1.0522241592407227
2014-01-31 11:45:00,0.328,0.3206411094665527,0.5011555283081928,[0.10281071811914444],0.6486411094665527
2014-01-31 11:50:00,0.0,0.775632381439209,0.5012359527569454,[0.60160559415817261],0.775632381439209
2014-01-31 11:55:00,0.0,0.527531623840332,0.5011181766134165,[0.27828961610794067],0.527531623840332
2014-01-31 12:00:00,0.328,0.7163940162658691,0.5010962693931607,[0.51322036981582642],1.0443940162658691
2014-01-31 12:05:00,0.334,0.4998484764099121,0.5010608295455186,[0.24984851479530334],0.8338484764099121
2014-01-31 12:10:00,0.0,1.2104167938232422,0.5010633385735052,[1.4651088714599609],1.2104167938232422
2014-01-31 12:15:00,0.0,1.38621187210083,0.5011064276101699,[1.9215832948684692],1.38621187210083
2014-01-31 12:20:00,0.328,0.4912286491394043,0.5010438732436457,[0.24130557477474213],0.8192286491394043
2014-01-31 12:25:00,0.0,1.0045042037963867,0.5010732979879582,[1.0090286731719971],1.0045042037963867
2014-01-31 12:30:00,0.334,0.5489936981201171,0.5010447363065836,[0.30139407515525818],0.8829936981201172
2014-01-31 12:35:00,0.0,1.2074151039123535,0.501095071955012,[1.4578512907028198],1.2074151039123535
2014-01-31 12:40:00,0.0,0.9774408340454102,0.5011065239996921,[0.9553905725479126],0.9774408340454102
2014-01-31 12:45:00,0.338,0.817684471130371,0.5011230246292283,[0.66860789060592651],1.155684471130371
2014-01-31 12:50:00,0.0,0.9366121292114258,0.5011355402042836,[0.87724226713180542],0.9366121292114258
2014-01-31 12:55:00,0.4175,0.5650468063354492,0.5011392914609474,[0.31927788257598877],0.9825468063354492
2014-01-31 13:00:00,0.0,1.214935302734375,0.5011395083494766,[1.4760677814483643],1.214935302734375
2014-01-31 13:05:00,0.334,0.4372125778198242,0.5010855640304348,[0.1911548525094986],0.7712125778198242
2014-01-31 13:10:00,0.0,1.0777220726013184,0.501118912366485,[1.1614848375320435],1.0777220726013184
2014-01-31 13:15:00,0.334,0.48107730484008787,0.5010891624240859,[0.2314353883266449],0.8150773048400879
2014-01-31 13:20:00,0.0,0.9472684860229492,0.5011118251972131,[0.89731758832931519],0.9472684860229492
2014-01-31 13:25:00,0.0,0.7041149139404297,0.5010831780925615,[0.49577781558036804],0.7041149139404297
2014-01-31 13:30:00,0.334,0.6692777786254882,0.5010656396596669,[0.44793274998664856],1.0032777786254883
2014-01-31 13:35:00,0.0,0.8077445030212402,0.5010650691500895,[0.65245115756988525],0.8077445030212402
2014-01-31 13:40:00,0.334,0.6463724288940429,0.5010485433617075,[0.41779732704162598],0.980372428894043
2014-01-31 13:45:00,0.0,1.3014564514160156,0.5010904530863498,[1.6937888860702515],1.3014564514160156
2014-01-31 13:50:00,0.0,0.7039041519165039,0.5010613285442165,[0.49548104405403137],0.7039041519165039
2014-01-31 13:55:00,0.338,0.7638939018249511,0.5010799608565503,[0.5835338830947876],1.1018939018249512
2014-01-31 14:00:00,0.41,0.3363192939758301,0.5010377264452655,[0.11311066895723343],0.7463192939758301
2014-01-31 14:05:00,0.0,0.9232091903686523,0.5010629287540709,[0.85231518745422363],0.9232091903686523
2014-01-31 14:10:00,0.334,0.7199522171020507,0.5010499620948157,[0.51833122968673706],1.0539522171020508
2014-01-31 14:15:00,0.0,0.7224183082580566,0.5010510103193071,[0.52188819646835327],0.7224183082580566
2014-01-31 14:20:00,0.0,0.9379138946533203,0.5010663244591107,[0.87968248128890991],0.9379138946533203
2014-01-31 14:25:00,0.328,0.3729754180908203,0.5010415469801544,[0.13911065459251404],0.7009754180908203
2014-01-31 14:30:00,0.0,0.5230941772460938,0.5010345321997727,[0.27362751960754395],0.5230941772460938
2014-01-31 14:35:00,0.334,0.8700023803710937,0.5010098621475045,[0.75690418481826782],1.2040023803710938
2014-01-31 14:40:00,0.0,1.3222036361694336,0.5010451136423515,[1.7482224702835083],1.3222036361694336
2014-01-31 14:45:00,0.0,0.8256306648254395,0.5010486315742706,[0.68166601657867432],0.8256306648254395
2014-01-31 14:50:00,0.334,0.7580953750610351,0.5010727441892822,[0.57470858097076416],1.0920953750610352
2014-01-31 14:55:00,0.0,0.7185392379760742,0.5010610490112193,[0.51629865169525146],0.7185392379760742
2014-01-31 15:00:00,0.338,0.5358660812377929,0.5010505494729516,[0.28715246915817261],0.873866081237793
2014-01-31 15:05:00,0.0,1.1261005401611328,0.5010735960099287,[1.2681024074554443],1.1261005401611328
2014-01-31 15:10:00,0.338,0.30246573638916013,0.5010372960657206,[0.09148552268743515],0.6404657363891602
2014-01-31 15:15:00,0.0,1.0323514938354492,0.5010749969030478,[1.0657496452331543],1.0323514938354492
2014-01-31 15:20:00,0.4225,0.32460655212402345,0.5010636937801977,[0.10536940395832062],0.7471065521240234
2014-01-31 15:25:00,0.0,0.8488578796386719,0.5010624731887381,[0.72055971622467041],0.8488578796386719
2014-01-31 15:30:00,0.328,0.37049777221679686,0.5010080163940385,[0.13726858794689178],0.6984977722167969
2014-01-31 15:35:00,0.0,0.7868409156799316,0.5010057800753788,[0.61911863088607788],0.7868409156799316
2014-01-31 15:40:00,0.0,0.7188339233398438,0.501003524486791,[0.51672220230102539],0.7188339233398438
2014-01-31 15:45:00,0.334,0.49663697814941404,0.5009908288884375,[0.24664829671382904],0.8306369781494141
2014-01-31 15:50:00,0.0,0.5921468734741211,0.5009940622185336,[0.35063791275024414],0.5921468734741211
2014-01-31 15:55:00,0.338,0.552003204345703,0.50096115775419,[0.30470752716064453],0.8900032043457031
2014-01-31 16:00:00,0.0,1.2792320251464844,0.5010170876556199,[1.6364345550537109],1.2792320251464844
2014-01-31 16:05:00,0.338,0.2979124183654785,0.5009750086934033,[0.088751807808876038],0.6359124183654785
2014-01-31 16:10:00,0.0,1.0228667259216309,0.5010150199741519,[1.0462563037872314],1.0228667259216309
2014-01-31 16:15:00,0.328,0.37980706405639647,0.5009881416089383,[0.14425340294837952],0.7078070640563965
2014-01-31 16:20:00,0.0,0.8005380630493164,0.5010128060177869,[0.64086121320724487],0.8005380630493164
2014-01-31 16:25:00,0.334,0.2869321022033691,0.50098415549769,[0.082330033183097839],0.6209321022033691
2014-01-31 16:30:00,0.0,0.801785945892334,0.5009888977647174,[0.64286071062088013],0.801785945892334
2014-01-31 16:35:00,0.0,0.6899700164794922,0.5009999966815446,[0.47605863213539124],0.6899700164794922
2014-01-31 16:40:00,0.334,0.45844804382324217,0.5009923416920942,[0.21017462015151978],0.7924480438232422
2014-01-31 16:45:00,0.0,0.6434578895568848,0.5009975978684627,[0.41403806209564209],0.6434578895568848
2014-01-31 16:50:00,0.41,0.37003406524658206,0.5009453768496348,[0.13692520558834076],0.780034065246582
2014-01-31 16:55:00,0.0,1.1187710762023926,0.5009924971333806,[1.2516486644744873],1.1187710762023926
2014-01-31 17:00:00,0.334,0.2575670394897461,0.500948540869723,[0.06634078174829483],0.5915670394897461
2014-01-31 17:05:00,0.0,0.905860424041748,0.5009787543041058,[0.82058310508728027],0.905860424041748
2014-01-31 17:10:00,0.334,0.324604621887207,0.5009514136036342,[0.10536816716194153],0.658604621887207
2014-01-31 17:15:00,0.0,0.7578020095825195,0.5009784847660976,[0.57426387071609497],0.7578020095825195
2014-01-31 17:20:00,0.338,0.21269541931152341,0.5009446337152181,[0.045239340513944626],0.5506954193115234
2014-01-31 17:25:00,0.0,0.8070945739746094,0.500951345337368,[0.65140163898468018],0.8070945739746094
2014-01-31 17:30:00,0.0,0.7053513526916504,0.5009655454718704,[0.49752053618431091],0.7053513526916504
2014-01-31 17:35:00,0.334,0.44281827545166014,0.5009540110174053,[0.1960880309343338],0.7768182754516602
2014-01-31 17:40:00,0.0,0.6288881301879883,0.5009689162340327,[0.39550027251243591],0.6288881301879883
2014-01-31 17:45:00,0.338,0.40192443084716795,0.5009276405626948,[0.16154325008392334],0.739924430847168
2014-01-31 17:50:00,0.0,1.0929021835327148,0.500975709096934,[1.1944352388381958],1.0929021835327148
2014-01-31 17:55:00,2.7060000000000004,-2.177481800079346,0.5007983359583027,[4.7414274215698242],0.5285181999206543
2014-01-31 18:00:00,0.338,0.5827830429077148,0.5008131869610728,[0.33963608741760254],0.9207830429077148
2014-01-31 18:05:00,0.0,0.6577668190002441,0.5008073776487808,[0.43265718221664429],0.6577668190002441
2014-01-31 18:10:00,0.338,0.1833494300842285,0.5008057039417351,[0.033617012202739716],0.5213494300842285
2014-01-31 18:15:00,0.0,-0.8467545509338379,0.5007104388347594,[0.71699327230453491],-0.8467545509338379
2014-01-31 18:20:00,0.0,-0.032346248626708984,0.5006678947224825,[0.001046279794536531],-0.032346248626708984
2014-01-31 18:25:00,0.328,-0.05924837875366212,0.5006389355021936,[0.0035103715490549803],0.2687516212463379
2014-01-31 18:30:00,0.0,1.5476083755493164,0.5006917810838354,[2.3950917720794678],1.5476083755493164
2014-01-31 18:35:00,0.338,1.517785846710205,0.5007560372848242,[2.3036737442016602],1.855785846710205
2014-01-31 18:40:00,0.0,1.791489601135254,0.5007961862550648,[3.209434986114502],1.791489601135254
2014-01-31 18:45:00,0.0,1.081040859222412,0.5009843283789555,[1.1686493158340454],1.081040859222412
2014-01-31 18:50:00,0.338,0.5657542343139648,0.5009833533537402,[0.32007786631584167],0.9037542343139648
2014-01-31 18:55:00,0.0,0.5787816047668457,0.5009787955123781,[0.33498814702033997],0.5787816047668457
2014-01-31 19:00:00,0.338,0.3627961273193359,0.5009892024897344,[0.13162103295326233],0.7007961273193359
2014-01-31 19:05:00,0.0,0.9880857467651367,0.5010952475408407,[0.97631347179412842],0.9880857467651367
2014-01-31 19:10:00,0.334,0.16518556213378904,0.5011067558897757,[0.027286272495985031],0.49918556213378906
2014-01-31 19:15:00,0.0,0.8850746154785156,0.50116137469229,[0.78335708379745483],0.8850746154785156
2014-01-31 19:20:00,0.338,0.2721222038269043,0.5010876638015769,[0.074050493538379669],0.6101222038269043
2014-01-31 19:25:00,0.0,0.6926231384277344,0.5010399267835053,[0.47972682118415833],0.6926231384277344
2014-01-31 19:30:00,0.0,0.5395379066467285,0.5009674847199743,[0.29110115766525269],0.5395379066467285
2014-01-31 19:35:00,0.328,0.3535652847290039,0.5009253995472587,[0.12500840425491333],0.6815652847290039
2014-01-31 19:40:00,0.0,0.5468392372131348,0.5009243026258452,[0.29903316497802734],0.5468392372131348
2014-01-31 19:45:00,0.0,0.6797122955322266,0.5009301297468732,[0.46200880408287048],0.6797122955322266
2014-01-31 19:50:00,0.41,0.6326731109619141,0.5009457531365253,[0.40027531981468201],1.042673110961914
2014-01-31 19:55:00,0.0,0.58660888671875,0.5009224868107178,[0.34410998225212097],0.58660888671875
2014-01-31 20:00:00,0.338,0.48510199737548826,0.5009410345520402,[0.2353239506483078],0.8231019973754883
2014-01-31 20:05:00,0.0,0.6246662139892578,0.5009259300957816,[0.39020788669586182],0.6246662139892578
2014-01-31 20:10:00,0.334,0.19756375885009764,0.5009216501875066,[0.039031442254781723],0.5315637588500977
2014-01-31 20:15:00,0.0,0.6790733337402344,0.5009208449635958,[0.46114060282707214],0.6790733337402344
2014-01-31 20:20:00,0.338,0.1861889953613281,0.5009003909259819,[0.034666340798139572],0.5241889953613281
2014-01-31 20:25:00,0.0,0.7037448883056641,0.5009206820147298,[0.49525687098503113],0.7037448883056641
2014-01-31 20:30:00,0.0,0.5352954864501953,0.5009200109367362,[0.28654125332832336],0.5352954864501953
2014-01-31 20:35:00,0.0,0.6749787330627441,0.5009197169575434,[0.45559629797935486],0.6749787330627441
2014-01-31 20:40:00,0.0,0.5506706237792969,0.5009149525379364,[0.30323812365531921],0.5506706237792969
2014-01-31 20:45:00,0.334,0.4776674423217773,0.5009086309697239,[0.22816619277000427],0.8116674423217773
2014-01-31 20:50:00,0.0,1.1839275360107422,0.500949135753401,[1.4016844034194946],1.1839275360107422
2014-01-31 20:55:00,0.338,0.27153664779663084,0.5009286583679544,[0.073732152581214905],0.6095366477966309
2014-01-31 21:00:00,0.0,0.8045425415039062,0.5009638967011008,[0.64728868007659912],0.8045425415039062
2014-01-31 21:05:00,1.646,-1.489410015106201,0.5008381227582936,[2.2183423042297363],0.15658998489379883
2014-01-31 21:10:00,0.0,0.3427734375,0.5008472315406134,[0.11749362945556641],0.3427734375
2014-01-31 21:15:00,0.0,0.2628664970397949,0.50082161244089,[0.069098792970180511],0.2628664970397949
2014-01-31 21:20:00,0.672,-0.5060368270874024,0.500761156743525,[0.25607326626777649],0.16596317291259766
2014-01-31 21:25:00,0.0,-0.46481990814208984,0.5006949409904777,[0.21605755388736725],-0.46481990814208984
2014-01-31 21:30:00,0.334,-0.21738375091552736,0.5006502955321215,[0.047255691140890121],0.11661624908447266
2014-01-31 21:35:00,0.0,0.8262052536010742,0.5006704830572842,[0.68261510133743286],0.8262052536010742
2014-01-31 21:40:00,0.334,0.19210301971435545,0.5006127341048101,[0.03690357506275177],0.5261030197143555
2014-01-31 21:45:00,0.0,1.5944433212280273,0.5006895569944954,[2.5422494411468506],1.5944433212280273
2014-01-31 21:50:00,0.0,0.6822290420532227,0.5006823632570983,[0.46543645858764648],0.6822290420532227
2014-01-31 21:55:00,0.338,1.0335605735778808,0.5008292115747333,[1.0682473182678223],1.3715605735778809
2014-01-31 22:00:00,0.338,0.22863036346435545,0.5008225793465997,[0.052271842956542969],0.5666303634643555
2014-01-31 22:05:00,0.0,0.7555856704711914,0.5008512423483888,[0.57090967893600464],0.7555856704711914
2014-01-31 22:10:00,0.0,0.9771366119384766,0.5009376218675481,[0.9547959566116333],0.9771366119384766
2014-01-31 22:15:00,0.328,0.09857184600830077,0.5009705269708873,[0.0097164073958992958],0.4265718460083008
2014-01-31 22:20:00,0.0,0.6632475852966309,0.5010218735491754,[0.43989735841751099],0.6632475852966309
2014-01-31 22:25:00,0.0,0.5338282585144043,0.5010048410999173,[0.28497260808944702],0.5338282585144043
2014-01-31 22:30:00,0.0,0.8731899261474609,0.5010445491346129,[0.76246064901351929],0.8731899261474609
2014-01-31 22:35:00,0.0,0.8049769401550293,0.5009984730743533,[0.64798790216445923],0.8049769401550293
2014-01-31 22:40:00,0.334,0.6157780799865722,0.5009946000668779,[0.37918266654014587],0.9497780799865723
2014-01-31 22:45:00,0.0,0.9141330718994141,0.500987594391697,[0.83563929796218872],0.9141330718994141
2014-01-31 22:50:00,0.334,0.19797526931762693,0.5009858610641944,[0.039194211363792419],0.531975269317627
2014-01-31 22:55:00,0.0,0.5546140670776367,0.5009741342211618,[0.30759677290916443],0.5546140670776367
2014-01-31 23:00:00,0.334,-0.24513710403442385,0.5009028445683397,[0.060092195868492126],0.08886289596557617
2014-01-31 23:05:00,0.0,0.2711973190307617,0.5009129595940669,[0.073547989130020142],0.2711973190307617
2014-01-31 23:10:00,0.328,0.007370540618896471,0.5008746941085791,[5.4324736993294209e-05],0.3353705406188965
2014-01-31 23:15:00,0.0,0.38086414337158203,0.500865761352376,[0.14505749940872192],0.38086414337158203
2014-01-31 23:20:00,0.328,0.10500437927246092,0.500820890116469,[0.011025917716324329],0.43300437927246094
2014-01-31 23:25:00,0.0,0.5453767776489258,0.5008056846928086,[0.29743582010269165],0.5453767776489258
2014-01-31 23:30:00,0.334,0.15097819900512693,0.5007785206349527,[0.022794419899582863],0.48497819900512695
2014-01-31 23:35:00,0.0,0.5389232635498047,0.5007565365400799,[0.29043829441070557],0.5389232635498047
2014-01-31 23:40:00,0.0,0.48888540267944336,0.500773528954009,[0.23900893330574036],0.48888540267944336
2014-01-31 23:45:00,0.328,0.1971021385192871,0.5007526138883742,[0.038849249482154846],0.5251021385192871
2014-01-31 23:50:00,0.0,0.44603729248046875,0.5007930509322492,[0.19894926249980927],0.44603729248046875
2014-01-31 23:55:00,0.338,0.18275052261352537,0.5007878881140644,[0.033397752791643143],0.5207505226135254
2014-02-01 00:00:00,0.0,0.9025764465332031,0.5008402415567919,[0.8146442174911499],0.9025764465332031
2014-02-01 00:05:00,0.334,0.0001484069824218559,0.5008179887377551,[2.2027180079930986e-08],0.3341484069824219
2014-02-01 00:10:00,0.0,0.7206439971923828,0.5008540139816716,[0.51932775974273682],0.7206439971923828
2014-02-01 00:15:00,0.334,0.14548789596557615,0.500830612223083,[0.021166730672121048],0.47948789596557617
2014-02-01 00:20:00,0.0,0.5099654197692871,0.5008516381560695,[0.26006472110748291],0.5099654197692871
2014-02-01 00:25:00,0.328,0.08049685668945311,0.5008248018839748,[0.0064797424711287022],0.4084968566894531
2014-02-01 00:30:00,0.0,0.5076351165771484,0.5008258829614837,[0.25769340991973877],0.5076351165771484
2014-02-01 00:35:00,0.0,0.45897865295410156,0.5008412318533617,[0.21066141128540039],0.45897865295410156
2014-02-01 00:40:00,0.338,0.16869145584106443,0.5008249885271123,[0.028456807136535645],0.5066914558410645
2014-02-01 00:45:00,0.0,0.4331960678100586,0.5008396763815368,[0.18765883147716522],0.4331960678100586
2014-02-01 00:50:00,0.0,0.4941120147705078,0.5008156879660395,[0.2441466897726059],0.4941120147705078
2014-02-01 00:55:00,0.0,0.8783049583435059,0.5008671746295266,[0.77141958475112915],0.8783049583435059
2014-02-01 01:00:00,0.334,0.06172620391845701,0.500828530437774,[0.0038101254031062126],0.39572620391845703
