timestamp,value,is_anomaly,error_prediction,convergence_loss,anomaly_score,prediction,S(t)_reward_low_FP_rate,S(t)_reward_low_FN_rate,S(t)_standard
2014-04-02 14:29:00,0.413125269845,0,0.0,0.0,0.0,0.0,0.0,0.0,0.0
2014-04-02 14:34:00,0.399864306421,0,0.0,0.0,0.0,0.0,0.0,0.0,0.0
2014-04-02 14:39:00,0.420896811201,0,0.0,0.0,0.0,0.0,0.0,0.0,0.0
2014-04-02 14:44:00,0.388556508152,0,0.0,0.0,0.0,0.0,0.0,0.0,0.0
2014-04-02 14:49:00,0.389234976048,0,0.0,0.0,0.0,0.0,0.0,0.0,0.0
2014-04-02 14:54:00,0.413125269845,0,0.0,0.0,0.0,0.0,0.0,0.0,0.0
2014-04-02 14:59:00,0.384177306277,0,0.0,0.0,0.0,0.0,0.0,0.0,0.0
2014-04-02 15:04:00,0.412282324883,0,0.0,0.0,0.0,0.0,0.0,0.0,0.0
2014-04-02 15:09:00,0.439441600362,0,0.0,0.0,0.0,0.0,0.0,0.0,0.0
2014-04-02 15:14:00,0.3976849853,0,0.0,0.0,0.0,0.0,0.0,0.0,0.0
2014-04-02 15:19:00,0.41577746253,0,0.0,0.0,0.0,0.0,0.0,0.0,0.0
2014-04-02 15:24:00,0.42447418738,0,0.0,0.0,0.0,0.0,0.0,0.0,0.0
2014-04-02 15:29:00,0.370669627254,0,0.0,0.0,0.0,0.0,0.0,0.0,0.0
2014-04-02 15:34:00,0.411439379921,0,0.0,0.0,0.0,0.0,0.0,0.0,0.0
2014-04-02 15:39:00,0.39889800366,0,0.0,0.0,0.0,0.0,0.0,0.0,0.0
2014-04-02 15:44:00,0.407820884475,0,0.0,0.0,0.0,0.0,0.0,0.0,0.0
2014-04-02 15:49:00,0.407101297313,0,0.0,0.0,0.0,0.0,0.0,0.0,0.0
2014-04-02 15:54:00,0.42229486626,0,0.0,0.0,0.0,0.0,0.0,0.0,0.0
2014-04-02 15:59:00,0.369456608894,0,0.0,0.0,0.0,0.0,0.0,0.0,0.0
2014-04-02 16:04:00,0.406607866116,0,0.0,0.0,0.0,0.0,0.0,0.0,0.0
2014-04-02 16:09:00,0.435946462715,0,0.0,0.0,0.0,0.0,0.0,0.0,0.0
2014-04-02 16:14:00,0.392627315529,0,0.0,0.0,0.0,0.0,0.0,0.0,0.0
2014-04-02 16:19:00,0.409260058801,0,0.0,0.0,0.0,0.0,0.0,0.0,0.0
2014-04-02 16:24:00,0.417237196488,0,0.0,0.0,0.0,0.0,0.0,0.0,0.0
2014-04-02 16:29:00,0.422541581858,0,0.0,0.0,0.0,0.0,0.0,0.0,0.0
2014-04-02 16:34:00,0.368963177697,0,0.0,0.0,0.0,0.0,0.0,0.0,0.0
2014-04-02 16:39:00,0.38368387508,0,0.0,0.0,0.0,0.0,0.0,0.0,0.0
2014-04-02 16:44:00,0.404675260593,0,0.0,0.0,0.0,0.0,0.0,0.0,0.0
2014-04-02 16:49:00,0.375974012624,0,0.0,0.0,0.0,0.0,0.0,0.0,0.0
2014-04-02 16:54:00,0.408314315673,0,0.0,0.0,0.0,0.0,0.0,0.0,0.0
2014-04-02 16:59:00,0.403955673431,0,0.47863612846,0.229092538357,0.229092538357,-0.074680455029,0.0,0.0,0.0
2014-04-02 17:04:00,0.426879664467,0,0.486289662824,0.236477658153,0.236477658153,-0.0594099983573,0.0,0.0,0.0
2014-04-02 17:09:00,0.401036205514,0,0.435862364991,0.189975991845,0.189975991845,-0.0348261594772,0.0,0.0,0.0
2014-04-02 17:14:00,0.378009416312,0,0.394480638355,0.155614987016,0.155614987016,-0.016471222043,0.0,0.0,0.0
2014-04-02 17:19:00,0.404346306462,0,0.401253421444,0.161004319787,0.161004319787,0.0030928850174,0.0,0.0,0.0
2014-04-02 17:24:00,0.383005407184,0,0.359657142787,0.129353255033,0.129353255033,0.0233482643962,0.0,0.0,0.0
2014-04-02 17:29:00,0.392133884332,0,0.354408350041,0.125605285168,0.125605285168,0.0377255342901,0.0,0.0,0.0
2014-04-02 17:34:00,0.431238306709,0,0.379577839769,0.144079312682,0.144079312682,0.0516604669392,0.0,0.0,0.0
2014-04-02 17:39:00,0.369456608894,0,0.306528751853,0.0939598754048,0.0939598754048,0.0629278570414,0.0,0.0,0.0
2014-04-02 17:44:00,0.406237792718,0,0.333627563464,0.111307345331,0.111307345331,0.0726102292538,0.0,0.0,0.0
2014-04-02 17:49:00,0.407101297313,0,0.326682986253,0.106721773744,0.106721773744,0.0804183110595,0.0,0.0,0.0
2014-04-02 17:54:00,0.409876847797,0,0.322158957058,0.103786394,0.103786394,0.0877178907394,0.0,0.0,0.0
2014-04-02 17:59:00,0.396245810975,0,0.301432933499,0.0908618122339,0.0908618122339,0.0948128774762,0.0,0.0,0.0
2014-04-02 18:04:00,0.417956783651,0,0.317337564407,0.100703112781,0.100703112781,0.100619219244,0.0,0.0,0.0
2014-04-02 18:09:00,0.385390324637,0,0.278533524021,0.0775809213519,0.0775809213519,0.106856800616,0.0,0.0,0.0
2014-04-02 18:14:00,0.39116758157,0,0.279402412963,0.078065700829,0.078065700829,0.111765168607,0.0,0.0,0.0
2014-04-02 18:19:00,0.441333086618,0,0.32472679896,0.105447486043,0.105447486043,0.116606287658,0.0,0.0,0.0
2014-04-02 18:24:00,0.367236168507,0,0.210777313831,0.044427074492,0.044427074492,0.156458854675,0.0,0.0,0.0
2014-04-02 18:29:00,0.411932811119,0,0.262352898695,0.0688290372491,0.0688290372491,0.149579912424,0.0,0.0,0.0
2014-04-02 18:34:00,0.374370361233,0,0.189944902921,0.0360790677369,0.0360790677369,0.184425458312,0.0,0.0,0.0
2014-04-02 18:39:00,0.393737535722,0,0.196441571958,0.0385892875493,0.0385892875493,0.197295963764,0.0,0.0,0.0
2014-04-02 18:44:00,0.389975122844,0,0.154279194509,0.0238020718098,0.0238020718098,0.235695928335,0.0,0.0,0.0
2014-04-02 18:49:00,0.404449104628,0,0.152675121388,0.0233096927404,0.0233096927404,0.25177398324,0.0,0.0,0.0
2014-04-02 18:54:00,0.409753489998,0,0.114512610939,0.0131131410599,0.0131131410599,0.295240879059,0.0,0.0,0.0
2014-04-02 18:59:00,0.428544994757,0,0.091840561793,0.00843468960375,0.00843468960375,0.336704432964,0.0,0.0,0.0
2014-04-02 19:04:00,0.388268673287,0,0.016173595057,0.000261585373664,0.000261585373664,0.37209507823,0.0,0.0,0.0
2014-04-02 19:09:00,0.395032792615,0,0.019841165019,0.00039367179852,0.00039367179852,0.414873957634,0.0,0.0,0.0
2014-04-02 19:14:00,0.401221242213,0,0.0565674040081,0.00319987093098,0.00319987093098,0.457788646221,0.0,0.0,0.0
2014-04-02 19:19:00,0.392133884332,0,0.0945713890583,0.00894374586642,0.00894374586642,0.48670527339,0.0,0.0,0.0
2014-04-02 19:24:00,0.411398260655,0,0.0863325905184,0.00745331589133,0.00745331589133,0.497730851173,0.0,0.0,0.0
2014-04-02 19:29:00,0.373260141039,0,0.134107589102,0.0179848447442,0.0179848447442,0.507367730141,0.0,0.0,0.0
2014-04-02 19:34:00,0.438701453566,0,0.0406663390403,0.00165375135839,0.00165375135839,0.479367792606,0.0,0.0,0.0
2014-04-02 19:39:00,0.387117333827,0,0.114299706998,0.0130644245073,0.0130644245073,0.501417040825,0.0,0.0,0.0
2014-04-02 19:44:00,0.396245810975,0,0.0573513174165,0.00328917405568,0.00328917405568,0.453597128391,0.0,0.0,0.0
2014-04-02 19:49:00,0.423980756183,0,0.0251601501506,0.000633033807389,0.000633033807389,0.449140906334,0.0,0.0,0.0
2014-04-02 19:54:00,0.392133884332,0,0.0398827863724,0.00159063609317,0.00159063609317,0.432016670704,0.0,0.0,0.0
2014-04-02 19:59:00,0.421821994696,0,0.0180221628284,0.000324797874782,0.000324797874782,0.403799831867,0.0,0.0,0.0
2014-04-02 20:04:00,0.412652398281,0,0.0158262204458,0.000250469398452,0.000250469398452,0.396826177835,0.0,0.0,0.0
2014-04-02 20:09:00,0.451263389461,0,0.0702569101978,0.00493603479117,0.00493603479117,0.381006479263,0.0,0.0,0.0
2014-04-02 20:14:00,0.389008820083,0,0.00161010029505,2.59242278844e-06,2.59242278844e-06,0.387398719788,0.0,0.0,0.0
2014-04-02 20:19:00,0.452455848188,0,0.090212851495,0.00813835859299,0.00813835859299,0.362242996693,0.0,0.0,0.0
2014-04-02 20:24:00,0.373609654804,0,0.00702679882478,4.93758016091e-05,4.93758016091e-05,0.380636453629,0.0,0.0,0.0
2014-04-02 20:29:00,0.405168691791,0,0.0500665401582,0.00250665750355,0.00250665750355,0.355102151632,0.0,0.0,0.0
2014-04-02 20:34:00,0.429593536051,0,0.0606181053243,0.00367455440573,0.00367455440573,0.368975430727,0.0,0.0,0.0
2014-04-02 20:39:00,0.402002508275,0,0.0263441749737,0.000694015820045,0.000694015820045,0.375658333302,0.0,0.0,0.0
2014-04-02 20:44:00,0.377701021814,0,0.00266055025997,7.07848766979e-06,7.07848766979e-06,0.375040471554,0.0,0.0,0.0
2014-04-02 20:49:00,0.390818067806,0,0.0209163510965,0.000437493406935,0.000437493406935,0.369901716709,0.0,0.0,0.0
2014-04-02 20:54:00,0.42280885709,0,0.0458882166214,0.00210572825745,0.00210572825745,0.376920640469,0.0,0.0,0.0
2014-04-02 20:59:00,0.404449104628,0,0.00557696755827,3.11025760311e-05,3.11025760311e-05,0.39887213707,0.0,0.0,0.0
2014-04-02 21:04:00,0.39359361829,0,0.0011162072259,1.24593861983e-06,1.24593861983e-06,0.394709825516,0.0,0.0,0.0
2014-04-02 21:09:00,0.450769958264,0,0.0515731546942,0.00265979045071,0.00265979045071,0.39919680357,0.0,0.0,0.0
2014-04-02 21:14:00,0.375480581426,0,0.0505463589193,0.00255493330769,0.00255493330769,0.426026940346,0.0,0.0,0.0
2014-04-02 21:19:00,0.40298937067,0,0.00138618246148,1.92153765965e-06,1.92153765965e-06,0.404375553131,0.0,0.0,0.0
2014-04-02 21:24:00,0.37959250807,0,0.0354638695797,0.00125768606085,0.00125768606085,0.415056377649,0.0,0.0,0.0
2014-04-02 21:29:00,0.394210407286,0,0.0142987875646,0.000204455587664,0.000204455587664,0.408509194851,0.0,0.0,0.0
2014-04-02 21:34:00,0.408519912005,0,0.00698388791054,4.87745273858e-05,4.87745273858e-05,0.415503799915,0.0,0.0,0.0
2014-04-02 21:39:00,0.436789407677,0,0.0178831958239,0.000319808197673,0.000319808197673,0.418906211853,0.0,0.0,0.0
2014-04-02 21:44:00,0.401796911943,0,0.0248343002914,0.000616742705461,0.000616742705461,0.426631212234,0.0,0.0,0.0
2014-04-02 21:49:00,0.407348012911,0,0.0167832613119,0.000281678047031,0.000281678047031,0.424131274223,0.0,0.0,0.0
2014-04-02 21:54:00,0.408252636773,0,0.0085388916904,7.2912844189e-05,7.2912844189e-05,0.416791528463,0.0,0.0,0.0
2014-04-02 21:59:00,0.419169802011,0,0.000751774966044,5.65148468468e-07,5.65148468468e-07,0.419921576977,0.0,0.0,0.0
2014-04-02 22:04:00,0.368079113469,0,0.0497309093623,0.00247316202149,0.00247316202149,0.417810022831,0.0,0.0,0.0
2014-04-02 22:09:00,0.408540471638,0,0.0090786360152,8.24213784654e-05,8.24213784654e-05,0.399461835623,0.0,0.0,0.0
2014-04-02 22:14:00,0.428586114024,0,0.0259214228139,0.000671920774039,0.000671920774039,0.40266469121,0.0,0.0,0.0
2014-04-02 22:19:00,0.399555911923,0,0.0147371388435,0.000217182983761,0.000217182983761,0.414293050766,0.0,0.0,0.0
2014-04-02 22:24:00,0.409260058801,0,0.010388398568,0.000107918938738,0.000107918938738,0.398871660233,0.0,0.0,0.0
2014-04-02 22:29:00,0.3976849853,0,0.00906080613538,8.20981003926e-05,8.20981003926e-05,0.406745791435,0.0,0.0,0.0
2014-04-02 22:34:00,0.402804333971,0,0.00363965730442,1.3247185052e-05,1.3247185052e-05,0.399164676666,0.0,0.0,0.0
2014-04-02 22:39:00,0.399206398158,0,0.00544375357173,2.96344333037e-05,2.96344333037e-05,0.40465015173,0.0,0.0,0.0
2014-04-02 22:44:00,0.371635930015,0,0.0199120479093,0.000396489107516,0.000396489107516,0.391547977924,0.0,0.0,0.0
2014-04-02 22:49:00,0.3976849853,0,0.00974946608142,9.50522080529e-05,9.50522080529e-05,0.387935519218,0.0,0.0,0.0
2014-04-02 22:54:00,0.434363370957,0,0.0432681797172,0.00187213486061,0.00187213486061,0.39109519124,0.0,0.0,0.0
2014-04-02 22:59:00,0.405641563355,0,0.0035967902527,1.29368454509e-05,1.29368454509e-05,0.402044773102,0.0,0.0,0.0
2014-04-02 23:04:00,0.406854581714,0,0.0158607779747,0.000251563906204,0.000251563906204,0.39099380374,0.0,0.0,0.0
2014-04-02 23:09:00,0.411932811119,0,0.0102563947216,0.000105193328636,0.000105193328636,0.401676416397,0.0,0.0,0.0
2014-04-02 23:14:00,0.438948169165,0,0.0396227685738,0.00156996259466,0.00156996259466,0.399325400591,0.0,0.0,0.0
2014-04-02 23:19:00,0.377043113551,0,0.0397520805982,0.00158022681717,0.00158022681717,0.416795194149,0.0,0.0,0.0
2014-04-02 23:24:00,0.396143012809,0,0.00301709132084,9.10287872102e-06,9.10287872102e-06,0.393125921488,0.0,0.0,0.0
2014-04-02 23:29:00,0.391784370567,0,0.0124426477895,0.000154819499585,0.000154819499585,0.404227018356,0.0,0.0,0.0
2014-04-02 23:34:00,0.429387939719,0,0.0317263133802,0.00100655818824,0.00100655818824,0.397661626339,0.0,0.0,0.0
2014-04-02 23:39:00,0.414811159769,0,0.000278170505375,7.7381258734e-08,7.7381258734e-08,0.414532989264,0.0,0.0,0.0
2014-04-02 23:44:00,0.399370875224,0,0.00968376173168,9.37751683523e-05,9.37751683523e-05,0.409054636955,0.0,0.0,0.0
2014-04-02 23:49:00,0.387466847591,0,0.0229507091713,0.000526735035237,0.000526735035237,0.410417556763,0.0,0.0,0.0
2014-04-02 23:54:00,0.444293673801,0,0.0366203148836,0.00134104781318,0.00134104781318,0.407673358917,0.0,0.0,0.0
2014-04-02 23:59:00,0.380805526429,0,0.0465473192394,0.0021666532848,0.0021666532848,0.427352845669,0.0,0.0,0.0
2014-04-03 00:04:00,0.410123563396,0,0.00617746173013,3.81609534088e-05,3.81609534088e-05,0.403946101665,0.0,0.0,0.0
2014-04-03 00:09:00,0.456608894097,0,0.0436921145792,0.00190900068264,0.00190900068264,0.412916779518,0.0,0.0,0.0
2014-04-03 00:14:00,0.387795801723,0,0.0410666507841,0.00168646941893,0.00168646941893,0.428862452507,0.0,0.0,0.0
2014-04-03 00:19:00,0.391784370567,0,0.012381493424,0.000153301400132,0.000153301400132,0.404165863991,0.0,0.0,0.0
2014-04-03 00:24:00,0.405641563355,0,0.00163509684942,2.67356654149e-06,2.67356654149e-06,0.407276660204,0.0,0.0,0.0
2014-04-03 00:29:00,0.392853471494,0,0.0148568423029,0.00022072585125,0.00022072585125,0.407710313797,0.0,0.0,0.0
2014-04-03 00:34:00,0.377145911717,0,0.0345598206286,0.00119438092224,0.00119438092224,0.411705732346,0.0,0.0,0.0
2014-04-03 00:39:00,0.437262279241,0,0.0435603086637,0.00189749943092,0.00189749943092,0.393701970577,0.0,0.0,0.0
2014-04-03 00:44:00,0.374534838298,0,0.0415543090308,0.00172676006332,0.00172676006332,0.416089147329,0.0,0.0,0.0
2014-04-03 00:49:00,0.403236086268,0,0.0114154766987,0.000130313215777,0.000130313215777,0.39182060957,0.0,0.0,0.0
2014-04-03 00:54:00,0.422541581858,0,0.0202358000169,0.000409487867728,0.000409487867728,0.402305781841,0.0,0.0,0.0
2014-04-03 00:59:00,0.408787187237,0,0.00962656368616,9.26708016777e-05,9.26708016777e-05,0.39916062355,0.0,0.0,0.0
2014-04-03 01:04:00,0.409506774399,0,0.0066339437698,4.40091243945e-05,4.40091243945e-05,0.402872830629,0.0,0.0,0.0
2014-04-03 01:09:00,0.43035424248,0,0.033850793994,0.00114587589633,0.00114587589633,0.396503448486,0.0,0.0,0.0
2014-04-03 01:14:00,0.387631324657,0,0.0210835956252,0.000444517907454,0.000444517907454,0.408714920282,0.0,0.0,0.0
2014-04-03 01:19:00,0.399144719258,0,0.00451080025758,2.0347228201e-05,2.0347228201e-05,0.394633919001,0.0,0.0,0.0
2014-04-03 01:24:00,0.435329673719,0,0.0380285958759,0.00144617422484,0.00144617422484,0.397301077843,0.0,0.0,0.0
2014-04-03 01:29:00,0.418450214848,0,0.00696394680465,4.84964402858e-05,4.84964402858e-05,0.411486268044,0.0,0.0,0.0
2014-04-03 01:34:00,0.413618701042,0,0.000539916099746,2.91522979978e-07,2.91522979978e-07,0.413078784943,0.0,0.0,0.0
2014-04-03 01:39:00,0.444622627932,0,0.0339701096599,0.00115396885667,0.00115396885667,0.410652518272,0.0,0.0,0.0
2014-04-03 01:44:00,0.377659902547,0,0.0453930044427,0.00206052348949,0.00206052348949,0.42305290699,0.0,0.0,0.0
2014-04-03 01:49:00,0.402023067908,0,0.00642258839112,4.12495246565e-05,4.12495246565e-05,0.4084456563,0.0,0.0,0.0
2014-04-03 01:54:00,0.428668352557,0,0.0131089117054,0.000171843494172,0.000171843494172,0.415559440851,0.0,0.0,0.0
2014-04-03 01:59:00,0.394066489854,0,0.028441451869,0.000808916578535,0.000808916578535,0.422507941723,0.0,0.0,0.0
2014-04-03 02:04:00,0.407101297313,0,0.00357556945693,1.27846542455e-05,1.27846542455e-05,0.41067686677,0.0,0.0,0.0
2014-04-03 02:09:00,0.423980756183,0,0.00687782325332,4.73042673548e-05,4.73042673548e-05,0.41710293293,0.0,0.0,0.0
2014-04-03 02:14:00,0.398404572462,0,0.0194401998764,0.000377921533072,0.000377921533072,0.417844772339,0.0,0.0,0.0
2014-04-03 02:19:00,0.400193260552,0,0.0156566933376,0.000245131610427,0.000245131610427,0.41584995389,0.0,0.0,0.0
2014-04-03 02:24:00,0.40638171015,0,0.00452323379273,2.04597672564e-05,2.04597672564e-05,0.410904943943,0.0,0.0,0.0
2014-04-03 02:29:00,0.386911737495,0,0.0281812970112,0.000794184801634,0.000794184801634,0.415093034506,0.0,0.0,0.0
2014-04-03 02:34:00,0.410226361562,0,0.0083336101064,6.94492773619e-05,6.94492773619e-05,0.401892751455,0.0,0.0,0.0
2014-04-03 02:39:00,0.374123645634,0,0.0331809393458,0.00110097555444,0.00110097555444,0.40730458498,0.0,0.0,0.0
2014-04-03 02:44:00,0.408067600074,0,0.019327775779,0.000373563438188,0.000373563438188,0.388739824295,0.0,0.0,0.0
2014-04-03 02:49:00,0.400481095417,0,0.00114838232208,1.31876026899e-06,1.31876026899e-06,0.401629477739,0.0,0.0,0.0
2014-04-03 02:54:00,0.41820349925,0,0.0262482427875,0.000688970438205,0.000688970438205,0.391955256462,0.0,0.0,0.0
2014-04-03 02:59:00,0.391414297169,0,0.0105743879621,0.000111817942525,0.000111817942525,0.401988685131,0.0,0.0,0.0
2014-04-03 03:04:00,0.426859104834,0,0.038217032156,0.00146054197103,0.00146054197103,0.388642072678,0.0,0.0,0.0
2014-04-03 03:09:00,0.397438269701,0,0.00557904258702,3.11258481815e-05,3.11258481815e-05,0.403017312288,0.0,0.0,0.0
2014-04-03 03:14:00,0.394786077016,0,0.00268496798852,7.20912112229e-06,7.20912112229e-06,0.392101109028,0.0,0.0,0.0
2014-04-03 03:19:00,0.452455848188,0,0.0605726537411,0.0036690463312,0.0036690463312,0.391883194447,0.0,0.0,0.0
2014-04-03 03:24:00,0.403955673431,0,0.00799905731834,6.39850040898e-05,6.39850040898e-05,0.411954730749,0.0,0.0,0.0
2014-04-03 03:29:00,0.42223318736,0,0.0231278471176,0.000534897611942,0.000534897611942,0.399105340242,0.0,0.0,0.0
2014-04-03 03:34:00,0.427126380065,0,0.0181210659537,0.000328372960212,0.000328372960212,0.409005314112,0.0,0.0,0.0
2014-04-03 03:39:00,0.431156068176,0,0.0183612397608,0.000337135163136,0.000337135163136,0.412794828415,0.0,0.0,0.0
2014-04-03 03:44:00,0.367873517136,0,0.0577490354968,0.00333495088853,0.00333495088853,0.425622552633,0.0,0.0,0.0
2014-04-03 03:49:00,0.396369168774,0,0.00470309494362,2.21191912715e-05,2.21191912715e-05,0.401072263718,0.0,0.0,0.0
2014-04-03 03:54:00,0.426221756204,0,0.0104323904354,0.000108834807179,0.000108834807179,0.415789365768,0.0,0.0,0.0
2014-04-03 03:59:00,0.381525113592,0,0.0409918284323,0.00168033118825,0.00168033118825,0.422516942024,0.0,0.0,0.0
2014-04-03 04:04:00,0.423261169021,0,0.0157753561183,0.000248861761065,0.000248861761065,0.407485812902,0.0,0.0,0.0
2014-04-03 04:09:00,0.432924196632,0,0.0126387332992,0.000159737945069,0.000159737945069,0.420285463333,0.0,0.0,0.0
2014-04-03 04:14:00,0.374760994264,0,0.0522654861725,0.00273168203421,0.00273168203421,0.427026480436,0.0,0.0,0.0
2014-04-03 04:19:00,0.391393737536,0,0.0146595075319,0.00021490076324,0.00021490076324,0.406053245068,0.0,0.0,0.0
2014-04-03 04:24:00,0.421821994696,0,0.0137991737461,0.000190416831174,0.000190416831174,0.40802282095,0.0,0.0,0.0
2014-04-03 04:29:00,0.380394333765,0,0.0351010916976,0.00123208621517,0.00123208621517,0.415495425463,0.0,0.0,0.0
2014-04-03 04:34:00,0.379345792471,0,0.0214388788355,0.000459625007352,0.000459625007352,0.400784671307,0.0,0.0,0.0
2014-04-03 04:39:00,0.411542178088,0,0.0206965514949,0.000428347208072,0.000428347208072,0.390845626593,0.0,0.0,0.0
2014-04-03 04:44:00,0.373794691503,0,0.0259389711026,0.000672829512041,0.000672829512041,0.399733662605,0.0,0.0,0.0
2014-04-03 04:49:00,0.398013939431,0,0.0097347398311,9.4765353424e-05,9.4765353424e-05,0.3882791996,0.0,0.0,0.0
2014-04-03 04:54:00,0.415325150599,0,0.0255889750622,0.000654796371236,0.000654796371236,0.389736175537,0.0,0.0,0.0
2014-04-03 04:59:00,0.395443985279,0,0.00131253343413,1.72271950305e-06,1.72271950305e-06,0.394131451845,0.0,0.0,0.0
2014-04-03 05:04:00,0.411953370752,0,0.0211177875419,0.000445960497018,0.000445960497018,0.39083558321,0.0,0.0,0.0
2014-04-03 05:09:00,0.461625444602,0,0.0700814601889,0.00491141295061,0.00491141295061,0.391543984413,0.0,0.0,0.0
2014-04-03 05:14:00,0.373630214437,0,0.0334298722902,0.0011175556574,0.0011175556574,0.407060086727,0.0,0.0,0.0
2014-04-03 05:19:00,0.438434178334,0,0.0513781256495,0.00263971230015,0.00263971230015,0.387056052685,0.0,0.0,0.0
2014-04-03 05:24:00,0.441764838915,0,0.0366922392658,0.00134631991386,0.00134631991386,0.405072599649,0.0,0.0,0.0
2014-04-03 05:29:00,0.415304590966,0,0.00689523389517,4.75443921459e-05,4.75443921459e-05,0.408409357071,0.0,0.0,0.0
2014-04-03 05:34:00,0.43456896729,0,0.0219567079017,0.000482097209897,0.000482097209897,0.412612259388,0.0,0.0,0.0
2014-04-03 05:39:00,0.45196241699,0,0.0305134709913,0.000931071583182,0.000931071583182,0.421448945999,0.0,0.0,0.0
2014-04-03 05:44:00,0.396430847674,0,0.0362952673146,0.00131734623574,0.00131734623574,0.432726114988,0.0,0.0,0.0
2014-04-03 05:49:00,0.389584489813,0,0.0359460034467,0.00129211577587,0.00129211577587,0.425530493259,0.0,0.0,0.0
2014-04-03 05:54:00,0.450276527067,0,0.028803023954,0.000829614000395,0.000829614000395,0.421473503113,0.0,0.0,0.0
2014-04-03 05:59:00,0.379099076872,0,0.0657998264974,0.00432961806655,0.00432961806655,0.44489890337,0.0,0.0,0.0
2014-04-03 06:04:00,0.429531857152,0,0.00946657337634,8.96157362149e-05,8.96157362149e-05,0.420065283775,0.0,0.0,0.0
2014-04-03 06:09:00,0.41289911388,0,0.0257368314403,0.000662384845782,0.000662384845782,0.43863594532,0.0,0.0,0.0
2014-04-03 06:14:00,0.414338288205,0,0.0118892813751,0.000141354947118,0.000141354947118,0.42622756958,0.0,0.0,0.0
2014-04-03 06:19:00,0.426406792903,0,0.0082448799373,6.79779186612e-05,6.79779186612e-05,0.43465167284,0.0,0.0,0.0
2014-04-03 06:24:00,0.393819774255,0,0.0356462646871,0.00127065589186,0.00127065589186,0.429466038942,0.0,0.0,0.0
2014-04-03 06:29:00,0.424186352515,0,0.00416267278219,1.73278149305e-05,1.73278149305e-05,0.420023679733,0.0,0.0,0.0
2014-04-03 06:34:00,0.475873270421,0,0.0519752291725,0.00270142359659,0.00270142359659,0.423898041248,0.0,0.0,0.0
2014-04-03 06:39:00,0.399124159625,0,0.0387953676673,0.00150508165825,0.00150508165825,0.437919527292,0.0,0.0,0.0
2014-04-03 06:44:00,0.402023067908,0,0.0113208384941,0.00012816117669,0.00012816117669,0.413343906403,0.0,0.0,0.0
2014-04-03 06:49:00,0.409116141368,0,0.00457549853217,2.09351183003e-05,2.09351183003e-05,0.4136916399,0.0,0.0,0.0
2014-04-03 06:54:00,0.443430169206,0,0.0342523294498,0.00117322115693,0.00117322115693,0.409177839756,0.0,0.0,0.0
2014-04-03 06:59:00,0.3976849853,0,0.0261443913977,0.000683528895024,0.000683528895024,0.423829376698,0.0,0.0,0.0
2014-04-03 07:04:00,0.430086967249,0,0.0258219211288,0.000666771782562,0.000666771782562,0.40426504612,0.0,0.0,0.0
2014-04-03 07:09:00,0.406134994552,0,0.011100379899,0.000123218473163,0.000123218473163,0.417235374451,0.0,0.0,0.0
2014-04-03 07:14:00,0.409753489998,0,0.00175910046374,3.09447455038e-06,3.09447455038e-06,0.407994389534,0.0,0.0,0.0
2014-04-03 07:19:00,0.41699048089,0,0.0100598554511,0.000101200850622,0.000101200850622,0.406930625439,0.0,0.0,0.0
2014-04-03 07:24:00,0.433643783795,0,0.0216813044419,0.00047007916146,0.00047007916146,0.411962479353,0.0,0.0,0.0
2014-04-03 07:29:00,0.420855691934,0,0.00479876091563,2.30281930271e-05,2.30281930271e-05,0.416056931019,0.0,0.0,0.0
2014-04-03 07:34:00,0.365838113448,0,0.0468803614169,0.00219776853919,0.00219776853919,0.412718474865,0.0,0.0,0.0
2014-04-03 07:39:00,0.399617590822,0,0.00706965557476,4.99799134559e-05,4.99799134559e-05,0.392547935247,0.0,0.0,0.0
2014-04-03 07:44:00,0.392051645799,0,0.0149659726191,0.000223980590818,0.000223980590818,0.407017618418,0.0,0.0,0.0
2014-04-03 07:49:00,0.392133884332,0,0.00389791260072,1.51936665134e-05,1.51936665134e-05,0.396031796932,0.0,0.0,0.0
2014-04-03 07:54:00,0.408273196406,0,0.00477660316925,2.2815878765e-05,2.2815878765e-05,0.403496593237,0.0,0.0,0.0
2014-04-03 07:59:00,0.390447994408,0,0.00835318333232,6.97755094734e-05,6.97755094734e-05,0.39880117774,0.0,0.0,0.0
2014-04-03 08:04:00,0.439194884763,0,0.0425717501502,0.00181235419586,0.00181235419586,0.396623134613,0.0,0.0,0.0
2014-04-03 08:09:00,0.428339398425,0,0.0194434886389,0.00037804900785,0.00037804900785,0.408895909786,0.0,0.0,0.0
2014-04-03 08:14:00,0.402763214704,0,0.00620833337619,3.85433668271e-05,3.85433668271e-05,0.40897154808,0.0,0.0,0.0
2014-04-03 08:19:00,0.378132774111,0,0.0237981839213,0.000566354196053,0.000566354196053,0.401930958033,0.0,0.0,0.0
2014-04-03 08:24:00,0.406854581714,0,0.0140856622463,0.000198405541596,0.000198405541596,0.392768919468,0.0,0.0,0.0
2014-04-03 08:29:00,0.389605049446,0,0.00817977969379,6.69088622089e-05,6.69088622089e-05,0.39778482914,0.0,0.0,0.0
2014-04-03 08:34:00,0.408293756039,0,0.0110053143814,0.000121116900118,0.000121116900118,0.397288441658,0.0,0.0,0.0
2014-04-03 08:39:00,0.373424618105,0,0.0253870202504,0.000644500716589,0.000644500716589,0.398811638355,0.0,0.0,0.0
2014-04-03 08:44:00,0.406834022081,0,0.0176803925396,0.000312596763251,0.000312596763251,0.389153629541,0.0,0.0,0.0
2014-04-03 08:49:00,0.420608976336,0,0.017393597813,0.000302536936942,0.000302536936942,0.403215378523,0.0,0.0,0.0
2014-04-03 08:54:00,0.396965398137,0,0.0120758873775,0.000145827390952,0.000145827390952,0.409041285515,0.0,0.0,0.0
2014-04-03 08:59:00,0.392853471494,0,0.00718071773017,5.15627471032e-05,5.15627471032e-05,0.400034189224,0.0,0.0,0.0
2014-04-03 09:04:00,0.405168691791,0,0.00534687391563,2.85889600491e-05,2.85889600491e-05,0.399821817875,0.0,0.0,0.0
2014-04-03 09:09:00,0.452558646354,0,0.0529052116003,0.00279896031134,0.00279896031134,0.399653434753,0.0,0.0,0.0
2014-04-03 09:14:00,0.365591397849,0,0.0518765539251,0.00269117602147,0.00269117602147,0.417467951775,0.0,0.0,0.0
2014-04-03 09:19:00,0.395279508214,0,0.00788704691368,6.22053339612e-05,6.22053339612e-05,0.3873924613,0.0,0.0,0.0
2014-04-03 09:24:00,0.394313205452,0,0.00764073017075,5.83805922361e-05,5.83805922361e-05,0.401953935623,0.0,0.0,0.0
2014-04-03 09:29:00,0.405024774358,0,0.00805593280529,6.48979330435e-05,6.48979330435e-05,0.396968841553,0.0,0.0,0.0
2014-04-03 09:34:00,0.400830609182,0,0.00391043963093,1.52916363731e-05,1.52916363731e-05,0.404741048813,0.0,0.0,0.0
2014-04-03 09:39:00,0.435247435186,0,0.0336283584569,0.00113086553756,0.00113086553756,0.401619076729,0.0,0.0,0.0
2014-04-03 09:44:00,0.375480581426,0,0.0434116829397,0.00188457325567,0.00188457325567,0.418892264366,0.0,0.0,0.0
2014-04-03 09:49:00,0.391722691667,0,0.00474365292777,2.25023613893e-05,2.25023613893e-05,0.396466344595,0.0,0.0,0.0
2014-04-03 09:54:00,0.438948169165,0,0.039137378149,0.00153173319995,0.00153173319995,0.399810791016,0.0,0.0,0.0
2014-04-03 09:59:00,0.368551985033,0,0.0436641418862,0.0019065560773,0.0019065560773,0.412216126919,0.0,0.0,0.0
2014-04-03 10:04:00,0.407574168877,0,0.0133986990015,0.000179525348358,0.000179525348358,0.394175469875,0.0,0.0,0.0
2014-04-03 10:09:00,0.411439379921,0,0.00864898251584,7.480505883e-05,7.480505883e-05,0.402790397406,0.0,0.0,0.0
2014-04-03 10:14:00,0.371389214416,0,0.0286788898507,0.000822478963528,0.000822478963528,0.400068104267,0.0,0.0,0.0
2014-04-03 10:19:00,0.390920865972,0,0.00387526706963,1.50176056195e-05,1.50176056195e-05,0.394796133041,0.0,0.0,0.0
2014-04-03 10:24:00,0.403832315631,0,0.00794029159127,6.30482390989e-05,6.30482390989e-05,0.39589202404,0.0,0.0,0.0
2014-04-03 10:29:00,0.419642673575,0,0.0179134772647,0.000320893130265,0.000320893130265,0.40172919631,0.0,0.0,0.0
2014-04-03 10:34:00,0.403236086268,0,0.00314903746148,9.91640627035e-06,9.91640627035e-06,0.40638512373,0.0,0.0,0.0
2014-04-03 10:39:00,0.4444787105,0,0.0472470124636,0.0022322810255,0.0022322810255,0.397231698036,0.0,0.0,0.0
2014-04-03 10:44:00,0.374041407101,0,0.0387117576669,0.00149860011879,0.00149860011879,0.412753164768,0.0,0.0,0.0
2014-04-03 10:49:00,0.371389214416,0,0.0247151213685,0.000610837421846,0.000610837421846,0.396104335785,0.0,0.0,0.0
2014-04-03 10:54:00,0.407101297313,0,0.0182823776542,0.000334245560225,0.000334245560225,0.388818919659,0.0,0.0,0.0
2014-04-03 10:59:00,0.417668948786,0,0.0189843875334,0.000360406585969,0.000360406585969,0.398684561253,0.0,0.0,0.0
2014-04-03 11:04:00,0.390406875141,0,0.0137376503866,0.000188722988241,0.000188722988241,0.404144525528,0.0,0.0,0.0
2014-04-03 11:09:00,0.440161187524,0,0.0419224094101,0.0017574892845,0.0017574892845,0.398238778114,0.0,0.0,0.0
2014-04-03 11:14:00,0.373794691503,0,0.0364172888402,0.00132621801458,0.00132621801458,0.410211980343,0.0,0.0,0.0
2014-04-03 11:19:00,0.405888278953,0,0.00979717539933,9.59848475759e-05,9.59848475759e-05,0.396091103554,0.0,0.0,0.0
2014-04-03 11:24:00,0.362692489566,0,0.0445037639721,0.00198058621027,0.00198058621027,0.407196253538,0.0,0.0,0.0
2014-04-03 11:29:00,0.388762104484,0,0.00160492661336,2.57575106843e-06,2.57575106843e-06,0.390367031097,0.0,0.0,0.0
2014-04-03 11:34:00,0.426776866301,0,0.0295191210347,0.000871377880685,0.000871377880685,0.397257745266,0.0,0.0,0.0
2014-04-03 11:39:00,0.418511893748,0,0.0139516854272,0.000194649619516,0.000194649619516,0.404560208321,0.0,0.0,0.0
2014-04-03 11:44:00,0.375562819959,0,0.0248746542915,0.000618748599663,0.000618748599663,0.400437474251,0.0,0.0,0.0
2014-04-03 11:49:00,0.41820349925,0,0.0246883892337,0.000609516748227,0.000609516748227,0.393515110016,0.0,0.0,0.0
2014-04-03 11:54:00,0.414811159769,0,0.0102385536822,0.000104828068288,0.000104828068288,0.404572606087,0.0,0.0,0.0
2014-04-03 11:59:00,0.390694710006,0,0.0160339748958,0.000257088424405,0.000257088424405,0.406728684902,0.0,0.0,0.0
2014-04-03 12:04:00,0.418676370814,0,0.0217831079504,0.000474504020531,0.000474504020531,0.396893262863,0.0,0.0,0.0
2014-04-03 12:09:00,0.40298937067,0,0.00609572425911,3.71580135834e-05,3.71580135834e-05,0.409085094929,0.0,0.0,0.0
2014-04-03 12:14:00,0.37307510434,0,0.0273839169897,0.000749879283831,0.000749879283831,0.40045902133,0.0,0.0,0.0
2014-04-03 12:19:00,0.388124755854,0,0.00738228178526,5.44979629922e-05,5.44979629922e-05,0.39550703764,0.0,0.0,0.0
2014-04-03 12:24:00,0.391661012768,0,0.000905966163895,8.20764967102e-07,8.20764967102e-07,0.392566978931,0.0,0.0,0.0
2014-04-03 12:29:00,0.402516499106,0,0.000912740770542,8.33068611428e-07,8.33068611428e-07,0.401603758335,0.0,0.0,0.0
2014-04-03 12:34:00,0.376693599786,0,0.0204535192591,0.0004183461715,0.0004183461715,0.397147119045,0.0,0.0,0.0
2014-04-03 12:39:00,0.406607866116,0,0.013826578684,0.000191174287465,0.000191174287465,0.392781287432,0.0,0.0,0.0
2014-04-03 12:44:00,0.370422911655,0,0.0286478876955,0.000820702174678,0.000820702174678,0.399070799351,0.0,0.0,0.0
2014-04-03 12:49:00,0.417175517589,0,0.028345124036,0.000803446862847,0.000803446862847,0.388830393553,0.0,0.0,0.0
2014-04-03 12:54:00,0.385390324637,0,0.0135570632971,0.000183794327313,0.000183794327313,0.398947387934,0.0,0.0,0.0
2014-04-03 12:59:00,0.419025884578,0,0.0284173056579,0.000807544041891,0.000807544041891,0.39060857892,0.0,0.0,0.0
2014-04-03 13:04:00,0.410000205596,0,0.0144079333147,0.000207588527701,0.000207588527701,0.395592272282,0.0,0.0,0.0
2014-04-03 13:09:00,0.400830609182,0,0.00591544566493,3.49923502654e-05,3.49923502654e-05,0.394915163517,0.0,0.0,0.0
2014-04-03 13:14:00,0.380805526429,0,0.0131523268879,0.000172983811353,0.000172983811353,0.393957853317,0.0,0.0,0.0
2014-04-03 13:19:00,0.39647196694,0,0.00434379740352,1.88686644833e-05,1.88686644833e-05,0.392128169537,0.0,0.0,0.0
2014-04-03 13:24:00,0.39238059993,0,0.000856573627184,7.33726494673e-07,7.33726494673e-07,0.393237173557,0.0,0.0,0.0
2014-04-03 13:29:00,0.406361150517,0,0.0104939816137,0.000110123903141,0.000110123903141,0.395867168903,0.0,0.0,0.0
2014-04-03 13:34:00,0.445465572894,0,0.0479945026046,0.00230347155593,0.00230347155593,0.39747107029,0.0,0.0,0.0
2014-04-03 13:39:00,0.381997985156,0,0.0314109499141,0.000986648607068,0.000986648607068,0.41340893507,0.0,0.0,0.0
2014-04-03 13:44:00,0.410288040461,0,0.0181376085899,0.000328972673742,0.000328972673742,0.392150431871,0.0,0.0,0.0
2014-04-03 13:49:00,0.39238059993,0,0.0166223597981,0.000276303006103,0.000276303006103,0.409002959728,0.0,0.0,0.0
2014-04-03 13:54:00,0.399370875224,0,0.000313255921891,9.81269465683e-08,9.81269465683e-08,0.399684131145,0.0,0.0,0.0
2014-04-03 13:59:00,0.39238059993,0,0.0153585327126,0.000235884668655,0.000235884668655,0.407739132643,0.0,0.0,0.0
2014-04-03 14:04:00,0.415057875368,0,0.0175915734495,0.00030946318293,0.00030946318293,0.397466301918,0.0,0.0,0.0
2014-04-03 14:09:00,0.389008820083,0,0.0222195088606,0.000493706553243,0.000493706553243,0.411228328943,0.0,0.0,0.0
2014-04-03 14:14:00,0.391661012768,0,0.0080153399718,6.42455852358e-05,6.42455852358e-05,0.399676352739,0.0,0.0,0.0
2014-04-03 14:19:00,0.393100187093,0,0.0101835281554,0.000103704544017,0.000103704544017,0.403283715248,0.0,0.0,0.0
2014-04-03 14:24:00,0.408067600074,0,0.00607873612901,3.69512017642e-05,3.69512017642e-05,0.401988863945,0.0,0.0,0.0
2014-04-03 14:29:00,0.378297251177,0,0.0310078444956,0.000961487123277,0.000961487123277,0.409305095673,0.0,0.0,0.0
2014-04-03 14:34:00,0.428812269989,0,0.0358983026181,0.0012886878103,0.0012886878103,0.392913967371,0.0,0.0,0.0
2014-04-03 14:39:00,0.370381792389,0,0.0397321681157,0.0015786443837,0.0015786443837,0.410113960505,0.0,0.0,0.0
2014-04-03 14:44:00,0.406032196386,0,0.0165800369809,0.000274897902273,0.000274897902273,0.389452159405,0.0,0.0,0.0
2014-04-03 14:49:00,0.391887168733,0,0.00843896404144,7.12162946002e-05,7.12162946002e-05,0.400326132774,0.0,0.0,0.0
2014-04-03 14:54:00,0.424227471782,0,0.0327072100174,0.00106976181269,0.00106976181269,0.391520261765,0.0,0.0,0.0
2014-04-03 14:59:00,0.378872920907,0,0.0250767570371,0.000628843263257,0.000628843263257,0.403949677944,0.0,0.0,0.0
2014-04-03 15:04:00,0.412138407451,0,0.0224812676727,0.000505407166202,0.000505407166202,0.389657139778,0.0,0.0,0.0
2014-04-03 15:09:00,0.394313205452,0,0.00410429718926,1.68451679201e-05,1.68451679201e-05,0.398417502642,0.0,0.0,0.0
2014-04-03 15:14:00,0.420855691934,0,0.0246628432521,0.00060825626133,0.00060825626133,0.396192848682,0.0,0.0,0.0
2014-04-03 15:19:00,0.420136104772,0,0.0178083884213,0.000317138328683,0.000317138328683,0.402327716351,0.0,0.0,0.0
2014-04-03 15:24:00,0.406628425749,0,0.00085866037184,7.37304731047e-07,7.37304731047e-07,0.405769765377,0.0,0.0,0.0
2014-04-03 15:29:00,0.379839223668,0,0.0197841405419,0.000391412700992,0.000391412700992,0.39962336421,0.0,0.0,0.0
2014-04-03 15:34:00,0.41398877444,0,0.0163014883017,0.000265738344751,0.000265738344751,0.397687286139,0.0,0.0,0.0
2014-04-03 15:39:00,0.408437673472,0,0.00753570022438,5.67867136851e-05,5.67867136851e-05,0.400901973248,0.0,0.0,0.0
2014-04-03 15:44:00,0.375480581426,0,0.0331166494848,0.00109671172686,0.00109671172686,0.408597230911,0.0,0.0,0.0
2014-04-03 15:49:00,0.394313205452,0,0.000264953403024,7.01946021309e-08,7.01946021309e-08,0.394578158855,0.0,0.0,0.0
2014-04-03 15:54:00,0.409753489998,0,0.00495480349337,2.45501905738e-05,2.45501905738e-05,0.404798686504,0.0,0.0,0.0
2014-04-03 15:59:00,0.391948847633,0,0.0103822065781,0.000107790183392,0.000107790183392,0.402331054211,0.0,0.0,0.0
2014-04-03 16:04:00,0.415119554267,0,0.0101837174752,0.000103708189272,0.000103708189272,0.404935836792,0.0,0.0,0.0
2014-04-03 16:09:00,0.45560147207,0,0.0516264025469,0.00266528665088,0.00266528665088,0.403975069523,0.0,0.0,0.0
2014-04-03 16:14:00,0.352803305989,0,0.0719089347069,0.00517089292407,0.00517089292407,0.424712240696,0.0,0.0,0.0
2014-04-03 16:19:00,0.395485104546,0,0.00691846154609,4.78650908917e-05,4.78650908917e-05,0.388566643,0.0,0.0,0.0
2014-04-03 16:24:00,0.404695820227,0,0.000584054575069,3.41132988524e-07,3.41132988524e-07,0.405279874802,0.0,0.0,0.0
2014-04-03 16:29:00,0.423610682785,0,0.0253726199268,0.00064377009403,0.00064377009403,0.398238062859,0.0,0.0,0.0
2014-04-03 16:34:00,0.376405764921,0,0.0380644904538,0.0014489046298,0.0014489046298,0.414470255375,0.0,0.0,0.0
2014-04-03 16:39:00,0.402125866075,0,0.0130353280496,0.000169919760083,0.000169919760083,0.389090538025,0.0,0.0,0.0
2014-04-03 16:44:00,0.380127058533,0,0.0236362952913,0.000558673811611,0.000558673811611,0.403763353825,0.0,0.0,0.0
2014-04-03 16:49:00,0.406607866116,0,0.0123202799035,0.000151789296069,0.000151789296069,0.394287586212,0.0,0.0,0.0
2014-04-03 16:54:00,0.393429141224,0,0.00939257842233,8.82207314135e-05,8.82207314135e-05,0.402821719646,0.0,0.0,0.0
2014-04-03 16:59:00,0.41047307716,0,0.015443353516,0.0002384972031,0.0002384972031,0.395029723644,0.0,0.0,0.0
2014-04-03 17:04:00,0.386274388865,0,0.0161883916107,0.000262063753325,0.000262063753325,0.402462780476,0.0,0.0,0.0
2014-04-03 17:09:00,0.430827114044,0,0.0402658910142,0.00162134168204,0.00162134168204,0.39056122303,0.0,0.0,0.0
2014-04-03 17:14:00,0.404407985362,0,0.00103629365774,1.07388939341e-06,1.07388939341e-06,0.403371691704,0.0,0.0,0.0
2014-04-03 17:19:00,0.378009416312,0,0.0208115203678,0.000433119683294,0.000433119683294,0.39882093668,0.0,0.0,0.0
2014-04-03 17:24:00,0.390447994408,0,0.0009653174249,9.31856277475e-07,9.31856277475e-07,0.389482676983,0.0,0.0,0.0
2014-04-03 17:29:00,0.410966508357,0,0.0171995091128,0.000295823352644,0.000295823352644,0.393766999245,0.0,0.0,0.0
2014-04-03 17:34:00,0.390509673307,0,0.00809588198852,6.55434414512e-05,6.55434414512e-05,0.398605555296,0.0,0.0,0.0
2014-04-03 17:39:00,0.441559242583,0,0.0433587306507,0.0018799805548,0.0018799805548,0.398200511932,0.0,0.0,0.0
2014-04-03 17:44:00,0.366084829047,0,0.040877684877,0.00167098385282,0.00167098385282,0.406962513924,0.0,0.0,0.0
2014-04-03 17:49:00,0.394066489854,0,0.00191394201752,3.6631470266e-06,3.6631470266e-06,0.392152547836,0.0,0.0,0.0
2014-04-03 17:54:00,0.422891095623,0,0.0247435722197,0.00061224505771,0.00061224505771,0.398147523403,0.0,0.0,0.0
2014-04-03 17:59:00,0.381483994326,0,0.0245153979455,0.00060100434348,0.00060100434348,0.405999392271,0.0,0.0,0.0
2014-04-03 18:04:00,0.39295626966,0,0.00016017468914,2.56600287685e-08,2.56600287685e-08,0.393116444349,0.0,0.0,0.0
2014-04-03 18:09:00,0.426653508501,0,0.0245345276169,0.000601942825597,0.000601942825597,0.402118980885,0.0,0.0,0.0
2014-04-03 18:14:00,0.398178416497,0,0.00280122160262,7.8467755884e-06,7.8467755884e-06,0.4009796381,0.0,0.0,0.0
2014-04-03 18:19:00,0.418244618516,0,0.0138554755259,0.000191974526388,0.000191974526388,0.40438914299,0.0,0.0,0.0
2014-04-03 18:24:00,0.408787187237,0,0.00245546926859,6.02934733251e-06,6.02934733251e-06,0.406331717968,0.0,0.0,0.0
2014-04-03 18:29:00,0.432739159933,0,0.0229171131766,0.000525194453076,0.000525194453076,0.409822046757,0.0,0.0,0.0
2014-04-03 18:34:00,0.390201278809,0,0.0243606187071,0.000593440141529,0.000593440141529,0.414561897516,0.0,0.0,0.0
2014-04-03 18:39:00,0.396245810975,0,0.00830080748688,6.89034641255e-05,6.89034641255e-05,0.404546618462,0.0,0.0,0.0
2014-04-03 18:44:00,0.370895783219,0,0.034867068019,0.00121571309865,0.00121571309865,0.405762851238,0.0,0.0,0.0
2014-04-03 18:49:00,0.390365755875,0,0.0116212007215,0.000135052454425,0.000135052454425,0.401986956596,0.0,0.0,0.0
2014-04-03 18:54:00,0.409403976233,0,0.00985091570145,9.70406108536e-05,9.70406108536e-05,0.399553060532,0.0,0.0,0.0
2014-04-03 18:59:00,0.391784370567,0,0.0156431787954,0.000244709051913,0.000244709051913,0.407427549362,0.0,0.0,0.0
2014-04-03 19:04:00,0.39883632476,0,3.44615664543e-05,1.18690479667e-09,1.18690479667e-09,0.398801863194,0.0,0.0,0.0
2014-04-03 19:09:00,0.428586114024,0,0.023694861506,0.0005614469992,0.0005614469992,0.404891252518,0.0,0.0,0.0
2014-04-03 19:14:00,0.413865416641,0,0.00537970602009,2.89412437269e-05,2.89412437269e-05,0.408485710621,0.0,0.0,0.0
2014-04-03 19:19:00,0.352248195892,0,0.0563552339021,0.00317591289058,0.00317591289058,0.408603429794,0.0,0.0,0.0
2014-04-03 19:24:00,0.442093793047,0,0.057158652437,0.00326711125672,0.00326711125672,0.38493514061,0.0,0.0,0.0
2014-04-03 19:29:00,0.371142498818,0,0.0421226996513,0.00177432119381,0.00177432119381,0.413265198469,0.0,0.0,0.0
2014-04-03 19:34:00,0.427619811263,0,0.0427515172619,0.00182769249659,0.00182769249659,0.384868294001,0.0,0.0,0.0
2014-04-03 19:39:00,0.401817471576,0,0.00551760117951,3.0443930882e-05,3.0443930882e-05,0.407335072756,0.0,0.0,0.0
2014-04-03 19:44:00,0.39877464586,0,0.00740980320704,5.49053002032e-05,5.49053002032e-05,0.391364842653,0.0,0.0,0.0
2014-04-03 19:49:00,0.42229486626,0,0.0196007601576,0.000384189363103,0.000384189363103,0.402694106102,0.0,0.0,0.0
2014-04-03 19:54:00,0.414811159769,0,0.00904991785607,8.19010892883e-05,8.19010892883e-05,0.405761241913,0.0,0.0,0.0
2014-04-03 19:59:00,0.41577746253,0,0.0099098263263,9.82048950391e-05,9.82048950391e-05,0.405867636204,0.0,0.0,0.0
2014-04-03 20:04:00,0.3976849853,0,0.0112275541823,0.000126057842863,0.000126057842863,0.408912539482,0.0,0.0,0.0
2014-04-03 20:09:00,0.394559921051,0,0.00741582987215,5.49945507373e-05,5.49945507373e-05,0.401975750923,0.0,0.0,0.0
2014-04-03 20:14:00,0.408602150538,0,0.00632709489074,4.00321005145e-05,4.00321005145e-05,0.402275055647,0.0,0.0,0.0
2014-04-03 20:19:00,0.404449104628,0,0.00050222937166,2.52233689935e-07,2.52233689935e-07,0.404951334,0.0,0.0,0.0
2014-04-03 20:24:00,0.418676370814,0,0.0132653061888,0.000175968496478,0.000175968496478,0.405411064625,0.0,0.0,0.0
2014-04-03 20:29:00,0.403729517465,0,0.00817910909099,6.68976499583e-05,6.68976499583e-05,0.411908626556,0.0,0.0,0.0
2014-04-03 20:34:00,0.374904911696,0,0.0353234897261,0.00124774966389,0.00124774966389,0.410228401423,0.0,0.0,0.0
2014-04-03 20:39:00,0.394251526553,0,0.00559025887814,3.12510055664e-05,3.12510055664e-05,0.399841785431,0.0,0.0,0.0
2014-04-03 20:44:00,0.391434856802,0,0.0166990672053,0.000278859137325,0.000278859137325,0.408133924007,0.0,0.0,0.0
2014-04-03 20:49:00,0.421636957997,0,0.0201150964435,0.000404617545428,0.000404617545428,0.401521861553,0.0,0.0,0.0
2014-04-03 20:54:00,0.406628425749,0,0.00597978052324,3.57577264367e-05,3.57577264367e-05,0.412608206272,0.0,0.0,0.0
2014-04-03 20:59:00,0.420156664405,0,0.0202535159924,0.000410204636864,0.000410204636864,0.399903148413,0.0,0.0,0.0
2014-04-03 21:04:00,0.36016365468,0,0.0487038236903,0.00237206206657,0.00237206206657,0.408867478371,0.0,0.0,0.0
2014-04-03 21:09:00,0.41111042579,0,0.0227188714344,0.000516147352755,0.000516147352755,0.388391554356,0.0,0.0,0.0
2014-04-03 21:14:00,0.39244227883,0,0.0137898993815,0.00019016112492,0.00019016112492,0.406232178211,0.0,0.0,0.0
2014-04-03 21:19:00,0.410719792759,0,0.017864446556,0.000319138081977,0.000319138081977,0.392855346203,0.0,0.0,0.0
2014-04-03 21:24:00,0.408519912005,0,0.0040778400901,1.66288755281e-05,1.66288755281e-05,0.404442071915,0.0,0.0,0.0
2014-04-03 21:29:00,0.41002076523,0,0.012251016065,0.000150087478687,0.000150087478687,0.397769749165,0.0,0.0,0.0
2014-04-03 21:34:00,0.407820884475,0,0.00698739696474,4.88236582896e-05,4.88236582896e-05,0.400833487511,0.0,0.0,0.0
2014-04-03 21:39:00,0.387302370526,0,0.013454763435,0.000181030700332,0.000181030700332,0.400757133961,0.0,0.0,0.0
2014-04-03 21:44:00,0.383211003516,0,0.0108219814563,0.000117114999739,0.000117114999739,0.394032984972,0.0,0.0,0.0
2014-04-03 21:49:00,0.392421719197,0,0.00331998192957,1.10222590592e-05,1.10222590592e-05,0.395741701126,0.0,0.0,0.0
2014-04-03 21:54:00,0.411439379921,0,0.0176472871213,0.000311427051201,0.000311427051201,0.3937920928,0.0,0.0,0.0
2014-04-03 21:59:00,0.378461728243,0,0.0219515763246,0.000481872120872,0.000481872120872,0.400413304567,0.0,0.0,0.0
2014-04-03 22:04:00,0.297271736672,0,0.0909784950706,0.0082770884037,0.0082770884037,0.388250231743,0.0,0.0,0.0
2014-04-03 22:09:00,0.332922140669,0,0.0308689674624,0.000952893751673,0.000952893751673,0.363791108131,0.0,0.0,0.0
2014-04-03 22:14:00,0.330290507617,0,0.0383978373381,0.00147439481225,0.00147439481225,0.368688344955,0.0,0.0,0.0
2014-04-03 22:19:00,0.368243590534,0,0.00507016533674,2.57067222265e-05,2.57067222265e-05,0.363173425198,0.0,0.0,0.0
2014-04-03 22:24:00,0.311786837723,0,0.0553087221126,0.00305905565619,0.00305905565619,0.367095559835,0.0,0.0,0.0
2014-04-03 22:29:00,0.297539011904,0,0.0468578773057,0.00219565932639,0.00219565932639,0.34439688921,0.0,0.0,0.0
2014-04-03 22:34:00,0.316494993729,0,0.0141509251168,0.0002002484689,0.0002002484689,0.330645918846,0.0,0.0,0.0
2014-04-03 22:39:00,0.317646333189,0,0.0143509123607,0.000205948934308,0.000205948934308,0.33199724555,0.0,0.0,0.0
2014-04-03 22:44:00,0.316659470795,0,0.00517482519304,2.67787163466e-05,2.67787163466e-05,0.321834295988,0.0,0.0,0.0
2014-04-03 22:49:00,0.326507535106,0,0.00804295790755,6.46892294753e-05,6.46892294753e-05,0.318464577198,0.0,0.0,0.0
2014-04-03 22:54:00,0.351590287629,0,0.0425003885662,0.00180628197268,0.00180628197268,0.309089899063,0.0,0.0,0.0
2014-04-03 22:59:00,0.350562305968,0,0.0341249125416,0.00116450956557,0.00116450956557,0.316437393427,0.0,0.0,0.0
2014-04-03 23:04:00,0.289582433849,0,0.0207090948524,0.000428866711445,0.000428866711445,0.310291528702,0.0,0.0,0.0
2014-04-03 23:09:00,0.341947819651,0,0.0493766326315,0.00243805232458,0.00243805232458,0.292571187019,0.0,0.0,0.0
2014-04-03 23:14:00,0.334731388392,0,0.0272195222993,0.000740903022233,0.000740903022233,0.307511866093,0.0,0.0,0.0
2014-04-03 23:19:00,0.347745636218,0,0.0450416595867,0.0020287502557,0.0020287502557,0.302703976631,0.0,0.0,0.0
2014-04-03 23:24:00,0.284072452147,0,0.0226822561426,0.00051448441809,0.00051448441809,0.30675470829,0.0,0.0,0.0
2014-04-03 23:29:00,0.31746129649,0,0.0302306558407,0.000913891650271,0.000913891650271,0.28723064065,0.0,0.0,0.0
2014-04-03 23:34:00,0.317337938691,0,0.0176238502512,0.000310599803925,0.000310599803925,0.29971408844,0.0,0.0,0.0
2014-04-03 23:39:00,0.32288903966,0,0.0222768880368,0.00049625930842,0.00049625930842,0.300612151623,0.0,0.0,0.0
2014-04-03 23:44:00,0.365118526285,0,0.0616259504016,0.00379775860347,0.00379775860347,0.303492575884,0.0,0.0,0.0
2014-04-03 23:49:00,0.268837763934,0,0.0513439634751,0.00263620400801,0.00263620400801,0.320181727409,0.0,0.0,0.0
2014-04-03 23:54:00,0.346779333457,0,0.0543349255168,0.00295228557661,0.00295228557661,0.29244440794,0.0,0.0,0.0
2014-04-03 23:59:00,0.306667489052,0,0.0136361298559,0.000185944372788,0.000185944372788,0.320303618908,0.0,0.0,0.0
2014-04-04 00:04:00,0.347478360986,0,0.0440357635968,0.00193914840929,0.00193914840929,0.303442597389,0.0,0.0,0.0
2014-04-04 00:09:00,0.331811920475,0,0.00553797252116,3.06692963932e-05,3.06692963932e-05,0.326273947954,0.0,0.0,0.0
2014-04-04 00:14:00,0.33976849853,0,0.0235107237001,0.000552754150704,0.000552754150704,0.31625777483,0.0,0.0,0.0
2014-04-04 00:19:00,0.297559571537,0,0.0276824113996,0.000766316603404,0.000766316603404,0.325241982937,0.0,0.0,0.0
2014-04-04 00:24:00,0.343386993976,0,0.0306259852366,0.000937951786909,0.000937951786909,0.312761008739,0.0,0.0,0.0
2014-04-04 00:29:00,0.312753140484,0,0.014554292406,0.000211827413295,0.000211827413295,0.32730743289,0.0,0.0,0.0
2014-04-04 00:34:00,0.318530397418,0,0.00492392301305,2.42448895733e-05,2.42448895733e-05,0.323454320431,0.0,0.0,0.0
2014-04-04 00:39:00,0.31515861757,0,0.0129598557211,0.000167958176462,0.000167958176462,0.328118473291,0.0,0.0,0.0
2014-04-04 00:44:00,0.317564094657,0,0.00487560570852,2.37714793911e-05,2.37714793911e-05,0.322439700365,0.0,0.0,0.0
2014-04-04 00:49:00,0.33446411316,0,0.00884900514707,7.83047144068e-05,7.83047144068e-05,0.325615108013,0.0,0.0,0.0
2014-04-04 00:54:00,0.312753140484,0,0.0189529065741,0.000359212659532,0.000359212659532,0.331706047058,0.0,0.0,0.0
2014-04-04 00:59:00,0.316556672629,0,0.00902106327192,8.13797669252e-05,8.13797669252e-05,0.325577735901,0.0,0.0,0.0
2014-04-04 01:04:00,0.333127737001,0,0.00400465722441,1.60372801474e-05,1.60372801474e-05,0.329123079777,0.0,0.0,0.0
2014-04-04 01:09:00,0.360533728078,0,0.0312600273642,0.000977188465185,0.000977188465185,0.329273700714,0.0,0.0,0.0
2014-04-04 01:14:00,0.309114085405,0,0.0321082008196,0.00103093567304,0.00103093567304,0.341222286224,0.0,0.0,0.0
2014-04-04 01:19:00,0.316124920331,0,0.0103039400945,0.000106171268271,0.000106171268271,0.326428860426,0.0,0.0,0.0
2014-04-04 01:24:00,0.363597113427,0,0.0333166008562,0.00110999669414,0.00110999669414,0.330280512571,0.0,0.0,0.0
2014-04-04 01:29:00,0.234318139764,0,0.102823672083,0.0105727082118,0.0105727082118,0.337141811848,0.0,0.0,0.0
2014-04-04 01:34:00,0.0024260367195,0,0.311680755492,0.0971449017525,0.0971449017525,0.314106792212,0.0,0.0,0.0
2014-04-04 01:39:00,0.00145973395835,0,0.18023130167,0.0324833244085,0.0324833244085,0.181691035628,0.0,0.0,0.0
2014-04-04 01:44:00,0.00314562388207,0,0.169446583907,0.0287121459842,0.0287121459842,0.172592207789,0.0,0.0,0.0
2014-04-04 01:49:00,0.00137749542548,0,0.171540064317,0.0294259935617,0.0294259935617,0.172917559743,0.0,0.0,0.0
2014-04-04 01:54:00,0.019408293756,0,0.152815020887,0.0233524292707,0.0233524292707,0.172223314643,0.0,0.0,0.0
2014-04-04 01:59:00,0.00314562388207,0,0.167921569268,0.0281976554543,0.0281976554543,0.171067193151,0.0,0.0,0.0
2014-04-04 02:04:00,0.00265219268488,0,0.167266880897,0.027978207916,0.027978207916,0.169919073582,0.0,0.0,0.0
2014-04-04 02:09:00,0.0171467341023,0,0.150746914045,0.0227246321738,0.0227246321738,0.167893648148,0.0,0.0,0.0
2014-04-04 02:14:00,0.0024260367195,0,0.163962162014,0.0268835891038,0.0268835891038,0.166388198733,0.0,0.0,0.0
2014-04-04 02:19:00,0.00217932112091,0,0.162882301737,0.0265306439251,0.0265306439251,0.165061622858,0.0,0.0,0.0
2014-04-04 02:24:00,0.00339233948066,0,0.159747093188,0.0255191344768,0.0255191344768,0.163139432669,0.0,0.0,0.0
2014-04-04 02:29:00,0.00121301835975,0,0.160328488288,0.0257052257657,0.0257052257657,0.161541506648,0.0,0.0,0.0
2014-04-04 02:34:00,0.00217932112091,0,0.15793907993,0.0249447524548,0.0249447524548,0.160118401051,0.0,0.0,0.0
2014-04-04 02:39:00,0.000493431197187,0,0.157736307277,0.0248807407916,0.0248807407916,0.158229738474,0.0,0.0,0.0
2014-04-04 02:44:00,0.0026727523181,0,0.15326590282,0.0234904382378,0.0234904382378,0.155938655138,0.0,0.0,0.0
2014-04-04 02:49:00,0.00217932112091,0,0.152234513093,0.0231753457338,0.0231753457338,0.154413834214,0.0,0.0,0.0
2014-04-04 02:54:00,0.0200456423857,0,0.133067976107,0.0177070870996,0.0177070870996,0.153113618493,0.0,0.0,0.0
2014-04-04 02:59:00,0.00386521104463,0,0.147713036503,0.0218191407621,0.0218191407621,0.151578247547,0.0,0.0,0.0
2014-04-04 03:04:00,0.00460535784042,0,0.144844676063,0.0209799818695,0.0209799818695,0.149450033903,0.0,0.0,0.0
2014-04-04 03:09:00,0.0386109911799,0,0.10912122196,0.0119074406102,0.0119074406102,0.14773221314,0.0,0.0,0.0
2014-04-04 03:14:00,0.0026727523181,0,0.143618280115,0.0206262115389,0.0206262115389,0.146291032434,0.0,0.0,0.0
2014-04-04 03:19:00,0.00361849544604,0,0.139230383653,0.019385099411,0.019385099411,0.142848879099,0.0,0.0,0.0
2014-04-04 03:24:00,0.00145973395835,0,0.138235299473,0.0191089976579,0.0191089976579,0.139695033431,0.0,0.0,0.0
2014-04-04 03:29:00,0.0026727523181,0,0.134978869977,0.0182192977518,0.0182192977518,0.137651622295,0.0,0.0,0.0
2014-04-04 03:34:00,0.00145973395835,0,0.134485735183,0.0180864129215,0.0180864129215,0.135945469141,0.0,0.0,0.0
2014-04-04 03:39:00,0.0024260367195,0,0.13082494485,0.0171151645482,0.0171151645482,0.133250981569,0.0,0.0,0.0
2014-04-04 03:44:00,0.0026727523181,0,0.128182346049,0.016430715099,0.016430715099,0.130855098367,0.0,0.0,0.0
2014-04-04 03:49:00,0.00135693579227,0,0.127193161554,0.0161781013012,0.0161781013012,0.128550097346,0.0,0.0,0.0
2014-04-04 03:54:00,0.019408293756,0,0.10656333646,0.0113557446748,0.0113557446748,0.125971630216,0.0,0.0,0.0
2014-04-04 03:59:00,0.00314562388207,0,0.120355088334,0.0144853461534,0.0144853461534,0.123500712216,0.0,0.0,0.0
2014-04-04 04:04:00,0.00361849544604,0,0.118023051042,0.0139294406399,0.0139294406399,0.121641546488,0.0,0.0,0.0
2014-04-04 04:09:00,0.0161804313411,0,0.103213304783,0.0106529854238,0.0106529854238,0.119393736124,0.0,0.0,0.0
2014-04-04 04:14:00,0.00339233948066,0,0.114105447399,0.0130200535059,0.0130200535059,0.11749778688,0.0,0.0,0.0
2014-04-04 04:19:00,0.0026727523181,0,0.112584421459,0.0126752518117,0.0126752518117,0.115257173777,0.0,0.0,0.0
2014-04-04 04:24:00,0.00265219268488,0,0.110498396483,0.0122098959982,0.0122098959982,0.113150589168,0.0,0.0,0.0
2014-04-04 04:29:00,0.00312506424885,0,0.108158163552,0.0116981882602,0.0116981882602,0.111283227801,0.0,0.0,0.0
2014-04-04 04:34:00,0.00314562388207,0,0.106159214,0.0112697780132,0.0112697780132,0.109304837883,0.0,0.0,0.0
2014-04-04 04:39:00,0.00145973395835,0,0.105946688537,0.0112247010693,0.0112247010693,0.107406422496,0.0,0.0,0.0
2014-04-04 04:44:00,0.00209708258805,0,0.103472533372,0.0107065644115,0.0107065644115,0.10556961596,0.0,0.0,0.0
2014-04-04 04:49:00,0.0020354036884,0,0.101701220433,0.0103431390598,0.0103431390598,0.103736624122,0.0,0.0,0.0
2014-04-04 04:54:00,0.0199017249532,0,0.0819851360731,0.00672156270593,0.00672156270593,0.101886861026,0.0,0.0,0.0
2014-04-04 04:59:00,0.00300170644956,0,0.0973202569799,0.00947123300284,0.00947123300284,0.100321963429,0.0,0.0,0.0
2014-04-04 05:04:00,0.00386521104463,0,0.0945936452996,0.0089479573071,0.0089479573071,0.0984588563442,0.0,0.0,0.0
2014-04-04 05:09:00,0.01930549559,0,0.0774009543955,0.00599090754986,0.00599090754986,0.0967064499855,0.0,0.0,0.0
2014-04-04 05:14:00,0.00289890828348,0,0.0922332563736,0.00850697327405,0.00850697327405,0.0951321646571,0.0,0.0,0.0
2014-04-04 05:19:00,0.00145973395835,0,0.0919573517488,0.00845615472645,0.00845615472645,0.0934170857072,0.0,0.0,0.0
2014-04-04 05:24:00,0.00170644955694,0,0.0900873856062,0.00811573676765,0.00811573676765,0.0917938351631,0.0,0.0,0.0
2014-04-04 05:29:00,0.00361849544604,0,0.0866295379583,0.00750467693433,0.00750467693433,0.0902480334044,0.0,0.0,0.0
2014-04-04 05:34:00,0.00185036698945,0,0.0868577133619,0.0075442623347,0.0075442623347,0.0887080803514,0.0,0.0,0.0
2014-04-04 05:39:00,0.00277555048418,0,0.0844086253648,0.00712481606752,0.00712481606752,0.087184175849,0.0,0.0,0.0
2014-04-04 05:44:00,0.0024260367195,0,0.0832887654265,0.00693701859564,0.00693701859564,0.085714802146,0.0,0.0,0.0
2014-04-04 05:49:00,0.0024260367195,0,0.0818133195003,0.00669341953471,0.00669341953471,0.0842393562198,0.0,0.0,0.0
2014-04-04 05:54:00,0.0200456423857,0,0.0627435328266,0.00393675034866,0.00393675034866,0.0827891752124,0.0,0.0,0.0
2014-04-04 05:59:00,0.00193260552232,0,0.0794426879113,0.00631114048883,0.00631114048883,0.0813752934337,0.0,0.0,0.0
2014-04-04 06:04:00,0.00435864224182,0,0.075646757641,0.00572243193164,0.00572243193164,0.0800053998828,0.0,0.0,0.0
2014-04-04 06:09:00,0.0166533029051,0,0.0620026180177,0.0038443247322,0.0038443247322,0.0786559209228,0.0,0.0,0.0
2014-04-04 06:14:00,0.00289890828348,0,0.0744092473128,0.00553673598915,0.00553673598915,0.0773081555963,0.0,0.0,0.0
2014-04-04 06:19:00,0.00193260552232,0,0.0741206040805,0.00549386395141,0.00549386395141,0.0760532096028,0.0,0.0,0.0
2014-04-04 06:24:00,0.00170644955694,0,0.073088997733,0.00534200156108,0.00534200156108,0.0747954472899,0.0,0.0,0.0
2014-04-04 06:29:00,0.00193260552232,0,0.0715851267999,0.00512443017215,0.00512443017215,0.0735177323222,0.0,0.0,0.0
2014-04-04 06:34:00,0.000966302761159,0,0.0713209363732,0.00508667575195,0.00508667575195,0.0722872391343,0.0,0.0,0.0
2014-04-04 06:39:00,0.0024260367195,0,0.0686455209811,0.00471220770851,0.00471220770851,0.0710715577006,0.0,0.0,0.0
2014-04-04 06:44:00,0.00339233948066,0,0.0664253823631,0.00441233161837,0.00441233161837,0.0698177218437,0.0,0.0,0.0
2014-04-04 06:49:00,0.0,0,0.0686181038618,0.00470844423398,0.00470844423398,0.0686181038618,0.0,0.0,0.0
2014-04-04 06:54:00,0.0177224038323,0,0.0497645081798,0.00247650616802,0.00247650616802,0.0674869120121,0.0,0.0,0.0
2014-04-04 06:59:00,0.00252883488559,0,0.0636735746799,0.00405432470143,0.00405432470143,0.0662024095654,0.0,0.0,0.0
2014-04-04 07:04:00,0.00337177984745,0,0.0618134615537,0.00382090406492,0.00382090406492,0.0651852414012,0.0,0.0,0.0
2014-04-04 07:09:00,0.0197783671539,0,0.0443478114683,0.00196672836319,0.00196672836319,0.0641261786222,0.0,0.0,0.0
2014-04-04 07:14:00,0.00314562388207,0,0.0597694032595,0.00357238156721,0.00357238156721,0.0629150271416,0.0,0.0,0.0
2014-04-04 07:19:00,0.00398856884393,0,0.0580439034983,0.00336909480393,0.00336909480393,0.0620324723423,0.0,0.0,0.0
2014-04-04 07:24:00,0.0024260367195,0,0.0586092424651,0.00343504338525,0.00343504338525,0.0610352791846,0.0,0.0,0.0
2014-04-04 07:29:00,0.00435864224182,0,0.055625635692,0.00309421145357,0.00309421145357,0.0599842779338,0.0,0.0,0.0
2014-04-04 07:34:00,0.00289890828348,0,0.0560837881007,0.00314539112151,0.00314539112151,0.0589826963842,0.0,0.0,0.0
2014-04-04 07:39:00,0.00217932112091,0,0.0558399295104,0.00311809778214,0.00311809778214,0.0580192506313,0.0,0.0,0.0
2014-04-04 07:44:00,0.00386521104463,0,0.0531045359027,0.0028200915549,0.0028200915549,0.0569697469473,0.0,0.0,0.0
2014-04-04 07:49:00,0.00314562388207,0,0.0528488010869,0.00279299565591,0.00279299565591,0.055994424969,0.0,0.0,0.0
2014-04-04 07:54:00,0.0205185139497,0,0.0345727851669,0.00119527766947,0.00119527766947,0.0550912991166,0.0,0.0,0.0
2014-04-04 07:59:00,0.00507822940439,0,0.0488579056194,0.00238709477708,0.00238709477708,0.0539361350238,0.0,0.0,0.0
2014-04-04 08:04:00,0.00532494500298,0,0.0478822177647,0.00229270686395,0.00229270686395,0.0532071627676,0.0,0.0,0.0
2014-04-04 08:09:00,0.0190793396246,0,0.0333389742959,0.00111148727592,0.00111148727592,0.0524183139205,0.0,0.0,0.0
2014-04-04 08:14:00,0.00680523859454,0,0.0445725011628,0.00198670802638,0.00198670802638,0.0513777397573,0.0,0.0,0.0
2014-04-04 08:19:00,0.0026727523181,0,0.0480640698698,0.00231015472673,0.00231015472673,0.0507368221879,0.0,0.0,0.0
2014-04-04 08:24:00,0.00339233948066,0,0.0466512471609,0.00217633903958,0.00217633903958,0.0500435866416,0.0,0.0,0.0
2014-04-04 08:29:00,0.00145973395835,0,0.0476837554919,0.00227374071255,0.00227374071255,0.0491434894502,0.0,0.0,0.0
2014-04-04 08:34:00,0.000884064228294,0,0.0475333214393,0.00225941673853,0.00225941673853,0.0484173856676,0.0,0.0,0.0
2014-04-04 08:39:00,0.00106910092724,0,0.0465691924285,0.00216868962161,0.00216868962161,0.0476382933557,0.0,0.0,0.0
2014-04-04 08:44:00,0.00386521104463,0,0.0428924534868,0.00183976243716,0.00183976243716,0.0467576645315,0.0,0.0,0.0
2014-04-04 08:49:00,0.00145973395835,0,0.0444607274579,0.00197675637901,0.00197675637901,0.0459204614162,0.0,0.0,0.0
2014-04-04 08:54:00,0.0190793396246,0,0.0261523528684,0.000683945603669,0.000683945603669,0.045231692493,0.0,0.0,0.0
2014-04-04 08:59:00,0.00314562388207,0,0.0410103165314,0.00168184610084,0.00168184610084,0.0441559404135,0.0,0.0,0.0
2014-04-04 09:04:00,0.00532494500298,0,0.0383435784278,0.00147023005411,0.00147023005411,0.0436685234308,0.0,0.0,0.0
2014-04-04 09:09:00,0.0197989267871,0,0.023225672765,0.000539431872312,0.000539431872312,0.0430245995522,0.0,0.0,0.0
2014-04-04 09:14:00,0.011225559736,0,0.030851657515,0.000951824826188,0.000951824826188,0.0420772172511,0.0,0.0,0.0
2014-04-04 09:19:00,0.00943687164621,0,0.0321156943457,0.00103141786531,0.00103141786531,0.0415525659919,0.0,0.0,0.0
2014-04-04 09:24:00,0.0105059725734,0,0.0305117572156,0.000930967333261,0.000930967333261,0.041017729789,0.0,0.0,0.0
2014-04-04 09:29:00,0.0113489175353,0,0.0289335107293,0.00083714799257,0.00083714799257,0.0402824282646,0.0,0.0,0.0
2014-04-04 09:34:00,0.00941631201299,0,0.0302730574867,0.00091645802604,0.00091645802604,0.0396893694997,0.0,0.0,0.0
2014-04-04 09:39:00,0.00676411932811,0,0.0323866886784,0.00104889774229,0.00104889774229,0.0391508080065,0.0,0.0,0.0
2014-04-04 09:44:00,0.0091695964144,0,0.0293173313333,0.000859505846165,0.000859505846165,0.0384869277477,0.0,0.0,0.0
2014-04-04 09:49:00,0.0111022019367,0,0.0267589440961,0.000716041016858,0.000716041016858,0.0378611460328,0.0,0.0,0.0
2014-04-04 09:54:00,0.0284750920044,0,0.00882657503027,7.79084148235e-05,7.79084148235e-05,0.0373016670346,0.0,0.0,0.0
2014-04-04 09:59:00,0.010752688172,0,0.0256429137562,0.000657558965031,0.000657558965031,0.0363956019282,0.0,0.0,0.0
2014-04-04 10:04:00,0.0107732478053,0,0.0254196387261,0.000646157946903,0.000646157946903,0.0361928865314,0.0,0.0,0.0
2014-04-04 10:09:00,0.026542486482,0,0.00930910385333,8.66594127729e-05,8.66594127729e-05,0.0358515903354,0.0,0.0,0.0
2014-04-04 10:14:00,0.0125619358951,0,0.0224922635025,0.000505901931319,0.000505901931319,0.0350541993976,0.0,0.0,0.0
2014-04-04 10:19:00,0.0108760459713,0,0.0240466730304,0.000578242528718,0.000578242528718,0.0349227190018,0.0,0.0,0.0
2014-04-04 10:24:00,0.0137749542548,0,0.0208326387153,0.000433998851804,0.000433998851804,0.0346075929701,0.0,0.0,0.0
2014-04-04 10:29:00,0.0137543946216,0,0.0202695831945,0.000410856038798,0.000410856038798,0.0340239778161,0.0,0.0,0.0
2014-04-04 10:34:00,0.0152346882132,0,0.0184006002638,0.000338582089171,0.000338582089171,0.0336352884769,0.0,0.0,0.0
2014-04-04 10:39:00,0.0135282386562,0,0.0196821730116,0.000387387932278,0.000387387932278,0.0332104116678,0.0,0.0,0.0
2014-04-04 10:44:00,0.0154608441785,0,0.0172532954916,0.000297676160699,0.000297676160699,0.0327141396701,0.0,0.0,0.0
2014-04-04 10:49:00,0.0131376056251,0,0.019126686615,0.000365830172086,0.000365830172086,0.0322642922401,0.0,0.0,0.0
2014-04-04 10:54:00,0.0354859269311,0,0.00346258646743,1.19895057651e-05,1.19895057651e-05,0.0320233404636,0.0,0.0,0.0
2014-04-04 10:59:00,0.0125619358951,0,0.0185757577783,0.000345058768289,0.000345058768289,0.0311376936734,0.0,0.0,0.0
2014-04-04 11:04:00,0.0113489175353,0,0.01994471679,0.000397791707655,0.000397791707655,0.0312936343253,0.0,0.0,0.0
2014-04-04 11:09:00,0.028248936039,0,0.00295431715571,8.72799046192e-06,8.72799046192e-06,0.0312032531947,0.0,0.0,0.0
2014-04-04 11:14:00,0.0106293303727,0,0.0198994124473,0.000395986629883,0.000395986629883,0.03052874282,0.0,0.0,0.0
2014-04-04 11:19:00,0.00820329365324,0,0.022469761325,0.000504890223965,0.000504890223965,0.0306730549783,0.0,0.0,0.0
2014-04-04 11:24:00,0.00845000925183,0,0.0221342105913,0.000489923288114,0.000489923288114,0.0305842198431,0.0,0.0,0.0
2014-04-04 11:29:00,0.0142478258188,0,0.0159617508923,0.000254777492955,0.000254777492955,0.0302095767111,0.0,0.0,0.0
2014-04-04 11:34:00,0.0149674129814,0,0.0149003851086,0.000222021481022,0.000222021481022,0.02986779809,0.0,0.0,0.0
2014-04-04 11:39:00,0.0115956331339,0,0.0179822665903,0.000323361920891,0.000323361920891,0.0295778997242,0.0,0.0,0.0
2014-04-04 11:44:00,0.00966302761159,0,0.0195792607097,0.0003833474766,0.0003833474766,0.0292422883213,0.0,0.0,0.0
2014-04-04 11:49:00,0.00748370649068,0,0.0215076276496,0.000462578085717,0.000462578085717,0.0289913341403,0.0,0.0,0.0
2014-04-04 11:54:00,0.0270359176792,0,0.00180901627763,3.27253837895e-06,3.27253837895e-06,0.0288449339569,0.0,0.0,0.0
2014-04-04 11:59:00,0.00894344044902,0,0.0191049221339,0.00036499806447,0.00036499806447,0.0280483625829,0.0,0.0,0.0
2014-04-04 12:04:00,0.0118423487325,0,0.0162644580673,0.000264532573055,0.000264532573055,0.0281068067998,0.0,0.0,0.0
2014-04-04 12:09:00,0.0299348259627,0,0.00199021643989,3.96095902033e-06,3.96095902033e-06,0.0279446095228,0.0,0.0,0.0
2014-04-04 12:14:00,0.0111022019367,0,0.0161220482011,0.000259920401732,0.000259920401732,0.0272242501378,0.0,0.0,0.0
2014-04-04 12:19:00,0.0115956331339,0,0.0158807018105,0.00025219671079,0.00025219671079,0.0274763349444,0.0,0.0,0.0
2014-04-04 12:24:00,0.00797713768786,0,0.0193290073692,0.000373610528186,0.000373610528186,0.0273061450571,0.0,0.0,0.0
2014-04-04 12:29:00,0.00941631201299,0,0.0175897832623,0.000309400464175,0.000309400464175,0.0270060952753,0.0,0.0,0.0
2014-04-04 12:34:00,0.0026727523181,0,0.0241122972694,0.00058140285546,0.00058140285546,0.0267850495875,0.0,0.0,0.0
2014-04-04 12:39:00,0.00289890828348,0,0.0238350303211,0.000568108633161,0.000568108633161,0.0267339386046,0.0,0.0,0.0
2014-04-04 12:44:00,0.00217932112091,0,0.0241273155106,0.000582127366215,0.000582127366215,0.0263066366315,0.0,0.0,0.0
2014-04-04 12:49:00,0.00121301835975,0,0.024803488938,0.000615213066339,0.000615213066339,0.0260165072978,0.0,0.0,0.0
2014-04-04 12:54:00,0.0255967433541,0,0.000246021992071,6.0526772927e-08,6.0526772927e-08,0.0258427653462,0.0,0.0,0.0
2014-04-04 12:59:00,0.00892288081581,0,0.0159445867664,0.000254229846178,0.000254229846178,0.0248674675822,0.0,0.0,0.0
2014-04-04 13:04:00,0.00990974321018,0,0.0149778986817,0.000224337447435,0.000224337447435,0.0248876418918,0.0,0.0,0.0
2014-04-04 13:09:00,0.0255967433541,0,0.000834982746737,6.97196355759e-07,6.97196355759e-07,0.0247617606074,0.0,0.0,0.0
2014-04-04 13:14:00,0.00941631201299,0,0.0146463680675,0.000214516097913,0.000214516097913,0.0240626800805,0.0,0.0,0.0
2014-04-04 13:19:00,0.0101358991756,0,0.0140587437259,0.000197648274479,0.000197648274479,0.0241946429014,0.0,0.0,0.0
2014-04-04 13:24:00,0.00748370649068,0,0.0165137959108,0.000272705481621,0.000272705481621,0.0239975024015,0.0,0.0,0.0
2014-04-04 13:29:00,0.00894344044902,0,0.0146422776761,0.000214396291994,0.000214396291994,0.0235857181251,0.0,0.0,0.0
2014-04-04 13:34:00,0.00676411932811,0,0.0166014509042,0.000275608181255,0.000275608181255,0.0233655702323,0.0,0.0,0.0
2014-04-04 13:39:00,0.0070108349267,0,0.0161873449739,0.000262030167505,0.000262030167505,0.0231981799006,0.0,0.0,0.0
2014-04-04 13:44:00,0.00966302761159,0,0.0131047974406,0.000171735708136,0.000171735708136,0.0227678250521,0.0,0.0,0.0
2014-04-04 13:49:00,0.00483151380579,0,0.017561086969,0.000308391783619,0.000308391783619,0.0223926007748,0.0,0.0,0.0
2014-04-04 13:54:00,0.0280022204404,0,0.00562740420151,3.16676851071e-05,3.16676851071e-05,0.0223748162389,0.0,0.0,0.0
2014-04-04 13:59:00,0.0101358991756,0,0.0113318982826,0.000128411920741,0.000128411920741,0.0214677974582,0.0,0.0,0.0
2014-04-04 14:04:00,0.0026727523181,0,0.0189337563243,0.000358487130143,0.000358487130143,0.0216065086424,0.0,0.0,0.0
2014-04-04 14:09:00,0.0190793396246,0,0.00267777505404,7.17048396837e-06,7.17048396837e-06,0.0217571146786,0.0,0.0,0.0
2014-04-04 14:14:00,0.0111022019367,0,0.00999029115034,9.98059113044e-05,9.98059113044e-05,0.0210924930871,0.0,0.0,0.0
2014-04-04 14:19:00,0.00748370649068,0,0.0136007883981,0.000184981458005,0.000184981458005,0.0210844948888,0.0,0.0,0.0
2014-04-04 14:24:00,0.00773042208927,0,0.0133774657599,0.000178956572199,0.000178956572199,0.0211078878492,0.0,0.0,0.0
2014-04-04 14:29:00,0.0108760459713,0,0.00986517272967,9.73216374405e-05,9.73216374405e-05,0.020741218701,0.0,0.0,0.0
2014-04-04 14:34:00,0.0024260367195,0,0.0181033303102,0.00032773060957,0.00032773060957,0.0205293670297,0.0,0.0,0.0
2014-04-04 14:39:00,0.0106293303727,0,0.00994637926823,9.89304535324e-05,9.89304535324e-05,0.020575709641,0.0,0.0,0.0
2014-04-04 14:44:00,0.0108760459713,0,0.00901891529637,8.1340840552e-05,8.1340840552e-05,0.0198949612677,0.0,0.0,0.0
2014-04-04 14:49:00,0.00773042208927,0,0.0118188545905,0.000139685318572,0.000139685318572,0.0195492766798,0.0,0.0,0.0
2014-04-04 14:54:00,0.0241370093958,0,0.00465802708128,2.16972111957e-05,2.16972111957e-05,0.0194789823145,0.0,0.0,0.0
2014-04-04 14:59:00,0.00339233948066,0,0.015421549993,0.000237824191572,0.000237824191572,0.0188138894737,0.0,0.0,0.0
2014-04-04 15:04:00,0.00507822940439,0,0.0140257670513,0.000196722117835,0.000196722117835,0.0191039964557,0.0,0.0,0.0
2014-04-04 15:09:00,0.0171467341023,0,0.00197528903316,3.90176501242e-06,3.90176501242e-06,0.0191220231354,0.0,0.0,0.0
2014-04-04 15:14:00,0.00312506424885,0,0.015489678656,0.000239930144744,0.000239930144744,0.0186147429049,0.0,0.0,0.0
2014-04-04 15:19:00,0.00170644955694,0,0.0171755419487,0.000294999248581,0.000294999248581,0.0188819915056,0.0,0.0,0.0
2014-04-04 15:24:00,0.00145973395835,0,0.0174665922271,0.000305081834085,0.000305081834085,0.0189263261855,0.0,0.0,0.0
2014-04-04 15:29:00,0.000740146795781,0,0.017854902362,0.000318797567161,0.000318797567161,0.0185950491577,0.0,0.0,0.0
2014-04-04 15:34:00,0.00145973395835,0,0.0169835114824,0.00028843965265,0.00028843965265,0.0184432454407,0.0,0.0,0.0
2014-04-04 15:39:00,0.00234379818664,0,0.0158633197285,0.000251644931268,0.000251644931268,0.0182071179152,0.0,0.0,0.0
2014-04-04 15:44:00,0.00106910092724,0,0.0166356429647,0.000276744627627,0.000276744627627,0.017704743892,0.0,0.0,0.0
2014-04-04 15:49:00,0.559119225313,0,0.541648684834,0.293383300304,0.293383300304,0.0174705404788,0.0,0.0,0.0
2014-04-04 15:54:00,0.3742881227,0,0.351363485278,0.123456291854,0.123456291854,0.022924637422,0.0,0.0,0.0
2014-04-04 15:59:00,0.326260819507,0,0.250515087915,0.0627578049898,0.0627578049898,0.0757457315922,0.0,0.0,0.0
2014-04-04 16:04:00,0.344353296737,0,0.263238758723,0.0692946463823,0.0692946463823,0.0811145380139,0.0,0.0,0.0
2014-04-04 16:09:00,0.328913012192,0,0.239344188616,0.0572856366634,0.0572856366634,0.089568823576,0.0,0.0,0.0
2014-04-04 16:14:00,0.311087810193,0,0.209605374133,0.0439344160259,0.0439344160259,0.101482436061,0.0,0.0,0.0
2014-04-04 16:19:00,0.33446411316,0,0.234142805382,0.0548228472471,0.0548228472471,0.100321307778,0.0,0.0,0.0
2014-04-04 16:24:00,0.294167232057,0,0.184547666748,0.0340578407049,0.0340578407049,0.109619565308,0.0,0.0,0.0
2014-04-04 16:29:00,0.327473837867,0,0.199682552352,0.0398731268942,0.0398731268942,0.127791285515,0.0,0.0,0.0
2014-04-04 16:34:00,0.325047801147,0,0.182319323431,0.0332403331995,0.0332403331995,0.142728477716,0.0,0.0,0.0
2014-04-04 16:39:00,0.296099837579,0,0.128284331121,0.0164568703622,0.0164568703622,0.167815506458,0.0,0.0,0.0
2014-04-04 16:44:00,0.315754846934,0,0.115288288596,0.0132913924754,0.0132913924754,0.200466558337,0.0,0.0,0.0
2014-04-04 16:49:00,0.334936984724,0,0.112979181952,0.0127642937005,0.0127642937005,0.221957802773,0.0,0.0,0.0
2014-04-04 16:54:00,0.312979296449,0,0.0812633490597,0.0066037341021,0.0066037341021,0.23171594739,0.0,0.0,0.0
2014-04-04 16:59:00,0.311930755155,0,0.0553410742452,0.0030626335647,0.0030626335647,0.25658968091,0.0,0.0,0.0
2014-04-04 17:04:00,0.327946709431,0,0.0765549409752,0.00586066115648,0.00586066115648,0.251391768456,0.0,0.0,0.0
2014-04-04 17:09:00,0.349637122474,0,0.0543719545222,0.0029563093558,0.0029563093558,0.295265167952,0.0,0.0,0.0
2014-04-04 17:14:00,0.325047801147,0,0.0137969356878,0.000190355160157,0.000190355160157,0.311250865459,0.0,0.0,0.0
2014-04-04 17:19:00,0.313945599211,0,0.0235771757243,0.000555883569177,0.000555883569177,0.337522774935,0.0,0.0,0.0
2014-04-04 17:24:00,0.336643434281,0,0.00648029971621,4.19943717134e-05,4.19943717134e-05,0.343123733997,0.0,0.0,0.0
2014-04-04 17:29:00,0.289027323753,0,0.0958346521557,0.00918427854776,0.00918427854776,0.384861975908,0.0,0.0,0.0
2014-04-04 17:34:00,0.319023828615,0,0.00810169089919,6.56375705148e-05,6.56375705148e-05,0.327125519514,0.0,0.0,0.0
2014-04-04 17:39:00,0.340837599457,0,0.0175973160854,0.000309665600071,0.000309665600071,0.358434915543,0.0,0.0,0.0
2014-04-04 17:44:00,0.312259709287,0,0.0267258530377,0.000714271503966,0.000714271503966,0.338985562325,0.0,0.0,0.0
2014-04-04 17:49:00,0.307428195481,0,0.0408178424791,0.0016660974361,0.0016660974361,0.34824603796,0.0,0.0,0.0
2014-04-04 17:54:00,0.336437837949,0,0.0392466353084,0.00154029938858,0.00154029938858,0.297191202641,0.0,0.0,0.0
2014-04-04 17:59:00,0.330681140648,0,0.0246510758272,0.000607675756328,0.000607675756328,0.306030064821,0.0,0.0,0.0
2014-04-04 18:04:00,0.344106581139,0,0.0241586827507,0.000583642104175,0.000583642104175,0.319947898388,0.0,0.0,0.0
2014-04-04 18:09:00,0.352330434425,0,0.0075687945916,5.72868302697e-05,5.72868302697e-05,0.344761639833,0.0,0.0,0.0
2014-04-04 18:14:00,0.324821645182,0,0.0122120140379,0.000149133149534,0.000149133149534,0.33703365922,0.0,0.0,0.0
2014-04-04 18:19:00,0.303336828471,0,0.0183469955914,0.00033661222551,0.00033661222551,0.321683824062,0.0,0.0,0.0
2014-04-04 18:24:00,0.303809700035,0,0.0046845400106,2.19448938878e-05,2.19448938878e-05,0.308494240046,0.0,0.0,0.0
2014-04-04 18:29:00,0.315405333169,0,0.00399901879584,1.59921983141e-05,1.59921983141e-05,0.311406314373,0.0,0.0,0.0
2014-04-04 18:34:00,0.342914122412,0,0.0187542021964,0.000351720547769,0.000351720547769,0.324159920216,0.0,0.0,0.0
2014-04-04 18:39:00,0.338329324205,0,0.00140277453178,1.96775113182e-06,1.96775113182e-06,0.336926549673,0.0,0.0,0.0
2014-04-04 18:44:00,0.299965048624,0,0.0395466439004,0.00156393658835,0.00156393658835,0.339511692524,0.0,0.0,0.0
2014-04-04 18:49:00,0.31515861757,0,0.00835965864434,6.98840958648e-05,6.98840958648e-05,0.323518276215,0.0,0.0,0.0
2014-04-04 18:54:00,0.337157425112,0,0.00595515651107,3.54639269062e-05,3.54639269062e-05,0.3312022686,0.0,0.0,0.0
2014-04-04 18:59:00,0.368490306133,0,0.0302172577321,0.000913082796615,0.000913082796615,0.338273048401,0.0,0.0,0.0
2014-04-04 19:04:00,0.294886819219,0,0.0664412461762,0.00441443827003,0.00441443827003,0.361328065395,0.0,0.0,0.0
2014-04-04 19:09:00,0.351651966529,0,0.0370163917113,0.00137021322735,0.00137021322735,0.314635574818,0.0,0.0,0.0
2014-04-04 19:14:00,0.298731470631,0,0.0482693666955,0.00232993112877,0.00232993112877,0.347000837326,0.0,0.0,0.0
2014-04-04 19:19:00,0.317564094657,0,0.0106789416014,0.000114039910841,0.000114039910841,0.306885153055,0.0,0.0,0.0
2014-04-04 19:24:00,0.318777113016,0,0.0121545504969,0.000147733066115,0.000147733066115,0.330931663513,0.0,0.0,0.0
2014-04-04 19:29:00,0.317440736857,0,0.00527615490834,2.78376901406e-05,2.78376901406e-05,0.322716891766,0.0,0.0,0.0
2014-04-04 19:34:00,0.3450728839,0,0.0204799657422,0.000419429474277,0.000419429474277,0.324592918158,0.0,0.0,0.0
2014-04-04 19:39:00,0.345627993997,0,0.00530418818757,2.81344055111e-05,2.81344055111e-05,0.340323805809,0.0,0.0,0.0
2014-04-04 19:44:00,0.330249388351,0,0.00620267854743,3.84730883525e-05,3.84730883525e-05,0.336452066898,0.0,0.0,0.0
2014-04-04 19:49:00,0.288862846687,0,0.0462860838628,0.00214240094647,0.00214240094647,0.33514893055,0.0,0.0,0.0
2014-04-04 19:54:00,0.347252205021,0,0.0430606156652,0.0018542179605,0.0018542179605,0.304191589355,0.0,0.0,0.0
2014-04-04 19:59:00,0.334176278295,0,0.0042177973369,1.77898655238e-05,1.77898655238e-05,0.338394075632,0.0,0.0,0.0
2014-04-04 20:04:00,0.315878204733,0,0.00833097872169,6.94050759193e-05,6.94050759193e-05,0.324209183455,0.0,0.0,0.0
2014-04-04 20:09:00,0.363905507926,0,0.044134098891,0.00194781972095,0.00194781972095,0.319771409035,0.0,0.0,0.0
2014-04-04 20:14:00,0.28530603014,0,0.0550999704737,0.00303600612096,0.00303600612096,0.340406000614,0.0,0.0,0.0
2014-04-04 20:19:00,0.316124920331,0,0.0138566238512,0.000192005900317,0.000192005900317,0.30226829648,0.0,0.0,0.0
2014-04-04 20:24:00,0.314911901972,0,0.00628077981773,3.9448194002e-05,3.9448194002e-05,0.321192681789,0.0,0.0,0.0
2014-04-04 20:29:00,0.341988938917,0,0.0229244409696,0.00052553054411,0.00052553054411,0.319064497948,0.0,0.0,0.0
2014-04-04 20:34:00,0.308168342277,0,0.0275154207504,0.000757097848691,0.000757097848691,0.335683763027,0.0,0.0,0.0
2014-04-04 20:39:00,0.308887929439,0,0.00571975040456,3.27155539708e-05,3.27155539708e-05,0.314607679844,0.0,0.0,0.0
2014-04-04 20:44:00,0.303789140402,0,0.00419705945407,1.76153207576e-05,1.76153207576e-05,0.307986199856,0.0,0.0,0.0
2014-04-04 20:49:00,0.319599498345,0,0.00686125857978,4.70770173706e-05,4.70770173706e-05,0.312738239765,0.0,0.0,0.0
2014-04-04 20:54:00,0.338576039803,0,0.0225522430067,0.000508604047354,0.000508604047354,0.316023796797,0.0,0.0,0.0
2014-04-04 20:59:00,0.315240856103,0,0.012831274577,0.000164641503943,0.000164641503943,0.32807213068,0.0,0.0,0.0
2014-04-04 21:04:00,0.317810810255,0,0.00750581090364,5.63370995224e-05,5.63370995224e-05,0.310304999352,0.0,0.0,0.0
2014-04-04 21:09:00,0.350438948169,0,0.0332822756914,0.0011077101808,0.0011077101808,0.317156672478,0.0,0.0,0.0
2014-04-04 21:14:00,0.336643434281,0,0.00453010868528,2.05218238989e-05,2.05218238989e-05,0.332113325596,0.0,0.0,0.0
2014-04-04 21:19:00,0.305865663357,0,0.0253728448679,0.000643780629616,0.000643780629616,0.331238508224,0.0,0.0,0.0
2014-04-04 21:24:00,0.330311067251,0,0.0179392470391,0.000321816332871,0.000321816332871,0.312371820211,0.0,0.0,0.0
2014-04-04 21:29:00,0.30346018627,0,0.0225709025588,0.000509445904754,0.000509445904754,0.326031088829,0.0,0.0,0.0
2014-04-04 21:34:00,0.321326507535,0,0.0112903549339,0.00012747180881,0.00012747180881,0.310036152601,0.0,0.0,0.0
2014-04-04 21:39:00,0.340015214129,0,0.0162654036714,0.000264562986558,0.000264562986558,0.323749810457,0.0,0.0,0.0
2014-04-04 21:44:00,0.297950204568,0,0.0306640899606,0.00094028620515,0.00094028620515,0.328614294529,0.0,0.0,0.0
2014-04-04 21:49:00,0.316823947861,0,0.00284962697225,8.12043981568e-06,8.12043981568e-06,0.313974320889,0.0,0.0,0.0
2014-04-04 21:54:00,0.3332510948,0,0.0119016527953,0.000141649201396,0.000141649201396,0.321349442005,0.0,0.0,0.0
2014-04-04 21:59:00,0.319270544213,0,0.0108250151451,0.0001171808035,0.0001171808035,0.330095559359,0.0,0.0,0.0
2014-04-04 22:04:00,0.315939883632,0,0.0058197277357,3.38693498634e-05,3.38693498634e-05,0.321759611368,0.0,0.0,0.0
2014-04-04 22:09:00,0.347498920619,0,0.0263332397339,0.000693439680617,0.000693439680617,0.321165680885,0.0,0.0,0.0
2014-04-04 22:14:00,0.349184810543,0,0.0155628913879,0.000242203605012,0.000242203605012,0.333621919155,0.0,0.0,0.0
2014-04-04 22:19:00,0.296099837579,0,0.043915752612,0.00192859303206,0.00192859303206,0.340015590191,0.0,0.0,0.0
2014-04-04 22:24:00,0.314439030408,0,0.00400537443045,1.60430099641e-05,1.60430099641e-05,0.310433655977,0.0,0.0,0.0
2014-04-04 22:29:00,0.314747424906,0,0.00791409414466,6.26329201623e-05,6.26329201623e-05,0.322661519051,0.0,0.0,0.0
2014-04-04 22:34:00,0.312979296449,0,0.0062171959842,3.86533465644e-05,3.86533465644e-05,0.319196492434,0.0,0.0,0.0
2014-04-04 22:39:00,0.336725672814,0,0.0195772257773,0.000383268139558,0.000383268139558,0.317148447037,0.0,0.0,0.0
2014-04-04 22:44:00,0.310306544131,0,0.0197557260332,0.000390288507333,0.000390288507333,0.330062270164,0.0,0.0,0.0
2014-04-04 22:49:00,0.322148892864,0,0.00334674476004,1.12006764539e-05,1.12006764539e-05,0.318802148104,0.0,0.0,0.0
2014-04-04 22:54:00,0.311293406526,0,0.0135751533117,0.000184285148862,0.000184285148862,0.324868559837,0.0,0.0,0.0
2014-04-04 22:59:00,0.31637163593,0,0.00419674946494,1.76128196472e-05,1.76128196472e-05,0.312174886465,0.0,0.0,0.0
2014-04-04 23:04:00,0.316597791895,0,0.00252356888342,6.36841195956e-06,6.36841195956e-06,0.319121360779,0.0,0.0,0.0
2014-04-04 23:09:00,0.351117416065,0,0.0339016753846,0.00114932260476,0.00114932260476,0.317215740681,0.0,0.0,0.0
2014-04-04 23:14:00,0.324287094718,0,0.00775744711755,6.01781102887e-05,6.01781102887e-05,0.332044541836,0.0,0.0,0.0
2014-04-04 23:19:00,0.332058636074,0,0.0146641112612,0.000215036227019,0.000215036227019,0.317394524813,0.0,0.0,0.0
2014-04-04 23:24:00,0.334217397562,0,0.00862949906881,7.44682838558e-05,7.44682838558e-05,0.325587898493,0.0,0.0,0.0
2014-04-04 23:29:00,0.319023828615,0,0.00853814591055,7.29001185391e-05,7.29001185391e-05,0.327561974525,0.0,0.0,0.0
2014-04-04 23:34:00,0.342420691215,0,0.0197407245267,0.00038969644811,0.00038969644811,0.322679966688,0.0,0.0,0.0
2014-04-04 23:39:00,0.333497810399,0,0.00134466286945,1.80808626737e-06,1.80808626737e-06,0.334842473269,0.0,0.0,0.0
2014-04-04 23:44:00,0.293200929295,0,0.0359052227622,0.00128918420523,0.00128918420523,0.329106152058,0.0,0.0,0.0
2014-04-04 23:49:00,0.34628590226,0,0.0331280457951,0.00109746784437,0.00109746784437,0.313157856464,0.0,0.0,0.0
2014-04-04 23:54:00,0.338863874668,0,0.00159456848561,2.54266387856e-06,2.54266387856e-06,0.337269306183,0.0,0.0,0.0
2014-04-04 23:59:00,0.35907399412,0,0.0231786048015,0.000537247804459,0.000537247804459,0.335895389318,0.0,0.0,0.0
2014-04-05 00:04:00,0.334936984724,0,0.012932828718,0.000167258272995,0.000167258272995,0.347869813442,0.0,0.0,0.0
2014-04-05 00:09:00,0.382203581488,0,0.0451650644898,0.0020398828201,0.0020398828201,0.337038516998,0.0,0.0,0.0
2014-04-05 00:14:00,0.300931351385,0,0.0669226775555,0.00447864318267,0.00447864318267,0.36785402894,0.0,0.0,0.0
2014-04-05 00:19:00,0.318756553383,0,0.00618201210954,3.82173093385e-05,3.82173093385e-05,0.324938565493,0.0,0.0,0.0
2014-04-05 00:24:00,0.317564094657,0,0.0147882157625,0.000218691173359,0.000218691173359,0.332352310419,0.0,0.0,0.0
2014-04-05 00:29:00,0.342667406813,0,0.00994578601535,9.89185427898e-05,9.89185427898e-05,0.332721620798,0.0,0.0,0.0
2014-04-05 00:34:00,0.288862846687,0,0.0525562540746,0.0027621590998,0.0027621590998,0.341419100761,0.0,0.0,0.0
2014-04-05 00:39:00,0.35907399412,0,0.0474799549182,0.0022543463856,0.0022543463856,0.311594039202,0.0,0.0,0.0
2014-04-05 00:44:00,0.324328213985,0,0.020932823365,0.000438183109509,0.000438183109509,0.34526103735,0.0,0.0,0.0
2014-04-05 00:49:00,0.296572709143,0,0.0384532868269,0.00147865479812,0.00147865479812,0.33502599597,0.0,0.0,0.0
2014-04-05 00:54:00,0.3332510948,0,0.0161268174472,0.000260074040852,0.000260074040852,0.317124277353,0.0,0.0,0.0
2014-04-05 00:59:00,0.318057525854,0,0.0153326504425,0.000235089828493,0.000235089828493,0.333390176296,0.0,0.0,0.0
2014-04-05 01:04:00,0.337609737042,0,0.0194686938561,0.000379030068871,0.000379030068871,0.318141043186,0.0,0.0,0.0
2014-04-05 01:09:00,0.339521782931,0,0.00833316379458,6.94418267813e-05,6.94418267813e-05,0.331188619137,0.0,0.0,0.0
2014-04-05 01:14:00,0.34846522338,0,0.0317618144239,0.00100881350227,0.00100881350227,0.316703408957,0.0,0.0,0.0
2014-04-05 01:19:00,0.288266617324,0,0.0480648693784,0.00231023062952,0.00231023062952,0.336331486702,0.0,0.0,0.0
2014-04-05 01:24:00,0.316124920331,0,0.0180153591265,0.000324553024257,0.000324553024257,0.298109561205,0.0,0.0,0.0
2014-04-05 01:29:00,0.344600012336,0,0.0271668935156,0.0007380406023,0.0007380406023,0.31743311882,0.0,0.0,0.0
2014-04-05 01:34:00,0.352803305989,0,0.0274981421287,0.000756148598157,0.000756148598157,0.32530516386,0.0,0.0,0.0
2014-04-05 01:39:00,0.295256892617,0,0.0446151993916,0.00199051690288,0.00199051690288,0.339872092009,0.0,0.0,0.0
2014-04-05 01:44:00,0.323690865355,0,0.023577604609,0.000555903243367,0.000555903243367,0.300113260746,0.0,0.0,0.0
2014-04-05 01:49:00,0.322642324061,0,0.00201672545002,4.06717208534e-06,4.06717208534e-06,0.324659049511,0.0,0.0,0.0
2014-04-05 01:54:00,0.340734801291,0,0.0241809701907,0.000584719702601,0.000584719702601,0.3165538311,0.0,0.0,0.0
2014-04-05 01:59:00,0.325829067209,0,0.00455754162959,2.07712619158e-05,2.07712619158e-05,0.330386608839,0.0,0.0,0.0
2014-04-05 02:04:00,0.374514278665,0,0.0569623975904,0.00324471504427,0.00324471504427,0.317551881075,0.0,0.0,0.0
2014-04-05 02:09:00,0.307921626678,0,0.0452675138801,0.00204914854839,0.00204914854839,0.353189140558,0.0,0.0,0.0
2014-04-05 02:14:00,0.336643434281,0,0.0192534394214,0.00037069467362,0.00037069467362,0.31738999486,0.0,0.0,0.0
2014-04-05 02:19:00,0.311293406526,0,0.0226097571459,0.000511201738846,0.000511201738846,0.333903163671,0.0,0.0,0.0
2014-04-05 02:24:00,0.305269433993,0,0.0186973075686,0.000349589827238,0.000349589827238,0.323966741562,0.0,0.0,0.0
2014-04-05 02:29:00,0.320236846975,0,0.00222463888808,4.94895266456e-06,4.94895266456e-06,0.322461485863,0.0,0.0,0.0
2014-04-05 02:34:00,0.318777113016,0,0.00230732673818,5.32375133844e-06,5.32375133844e-06,0.321084439754,0.0,0.0,0.0
2014-04-05 02:39:00,0.340056333395,0,0.0195751522503,0.000383186445106,0.000383186445106,0.320481181145,0.0,0.0,0.0
2014-04-05 02:44:00,0.299718333025,0,0.0424207918454,0.00179952464532,0.00179952464532,0.34213912487,0.0,0.0,0.0
2014-04-05 02:49:00,0.348691379346,0,0.0386728399171,0.00149558810517,0.00149558810517,0.310018539429,0.0,0.0,0.0
2014-04-05 02:54:00,0.32915972779,0,0.0160587518429,0.000257883220911,0.000257883220911,0.345218479633,0.0,0.0,0.0
2014-04-05 02:59:00,0.347005489422,0,0.0200153320563,0.00040061341133,0.00040061341133,0.326990157366,0.0,0.0,0.0
2014-04-05 03:04:00,0.318304241452,0,0.0239385954999,0.000573056400754,0.000573056400754,0.342242836952,0.0,0.0,0.0
2014-04-05 03:09:00,0.376940315385,0,0.0601279491376,0.00361536955461,0.00361536955461,0.316812366247,0.0,0.0,0.0
2014-04-05 03:14:00,0.298752030264,0,0.0585083161489,0.00342322187498,0.00342322187498,0.357260346413,0.0,0.0,0.0
2014-04-05 03:19:00,0.316597791895,0,0.00673669813586,4.53830689366e-05,4.53830689366e-05,0.30986109376,0.0,0.0,0.0
2014-04-05 03:24:00,0.318530397418,0,0.00800846338017,6.41352744424e-05,6.41352744424e-05,0.326538860798,0.0,0.0,0.0
2014-04-05 03:29:00,0.320586360739,0,0.000788055611994,6.21043000137e-07,6.21043000137e-07,0.321374416351,0.0,0.0,0.0
2014-04-05 03:34:00,0.381278397993,0,0.0522297346156,0.00272794486955,0.00272794486955,0.329048663378,0.0,0.0,0.0
2014-04-05 03:39:00,0.28364069985,0,0.0661255843775,0.00437259115279,0.00437259115279,0.349766284227,0.0,0.0,0.0
2014-04-05 03:44:00,0.344106581139,0,0.0351775252094,0.00123745854944,0.00123745854944,0.308929055929,0.0,0.0,0.0
2014-04-05 03:49:00,0.298505314665,0,0.0469841276833,0.00220750900917,0.00220750900917,0.345489442348,0.0,0.0,0.0
2014-04-05 03:54:00,0.339871296696,0,0.0313999448341,0.000985955935903,0.000985955935903,0.308471351862,0.0,0.0,0.0
2014-04-05 03:59:00,0.320236846975,0,0.0138305870978,0.000191284736502,0.000191284736502,0.334067434072,0.0,0.0,0.0
2014-04-05 04:04:00,0.322395608462,0,0.00524093274022,2.7467525797e-05,2.7467525797e-05,0.317154675722,0.0,0.0,0.0
2014-04-05 04:09:00,0.368490306133,0,0.0461060976922,0.00212577241473,0.00212577241473,0.322384208441,0.0,0.0,0.0
2014-04-05 04:14:00,0.368161352001,0,0.0274658516276,0.000754372915253,0.000754372915253,0.340695500374,0.0,0.0,0.0
2014-04-05 04:19:00,0.343386993976,0,0.00445093098125,1.98106645257e-05,1.98106645257e-05,0.347837924957,0.0,0.0,0.0
2014-04-05 04:24:00,0.296099837579,0,0.0442950765713,0.00196205335669,0.00196205335669,0.34039491415,0.0,0.0,0.0
2014-04-05 04:29:00,0.323855342421,0,0.00379002288257,1.43642591866e-05,1.43642591866e-05,0.320065319538,0.0,0.0,0.0
2014-04-05 04:34:00,0.320894755238,0,0.00741278398706,5.49494725419e-05,5.49494725419e-05,0.328307539225,0.0,0.0,0.0
2014-04-05 04:39:00,0.317564094657,0,0.00929573715345,8.64106259542e-05,8.64106259542e-05,0.32685983181,0.0,0.0,0.0
2014-04-05 04:44:00,0.335142581056,0,0.0130688830125,0.000170795741724,0.000170795741724,0.322073698044,0.0,0.0,0.0
2014-04-05 04:49:00,0.296860544008,0,0.033884914595,0.00114818732254,0.00114818732254,0.330745458603,0.0,0.0,0.0
2014-04-05 04:54:00,0.347498920619,0,0.0319999427197,0.00102399650495,0.00102399650495,0.3154989779,0.0,0.0,0.0
2014-04-05 04:59:00,0.309134645038,0,0.0266320280501,0.00070926558692,0.00070926558692,0.335766673088,0.0,0.0,0.0
2014-04-05 05:04:00,0.314192314809,0,0.00447226577447,2.00010708795e-05,2.00010708795e-05,0.318664580584,0.0,0.0,0.0
2014-04-05 05:09:00,0.371635930015,0,0.0466324550642,0.00217458722182,0.00217458722182,0.325003474951,0.0,0.0,0.0
2014-04-05 05:14:00,0.307777709246,0,0.0379916365147,0.00144336489029,0.00144336489029,0.34576934576,0.0,0.0,0.0
2014-04-05 05:19:00,0.336150003084,0,0.0247371620023,0.000611926545389,0.000611926545389,0.311412841082,0.0,0.0,0.0
2014-04-05 05:24:00,0.297539011904,0,0.0341084437883,0.00116338499356,0.00116338499356,0.331647455692,0.0,0.0,0.0
2014-04-05 05:29:00,0.330598902116,0,0.0282730573509,0.000799365108833,0.000799365108833,0.302325844765,0.0,0.0,0.0
2014-04-05 05:34:00,0.306708608318,0,0.02277662928,0.000518775021192,0.000518775021192,0.329485237598,0.0,0.0,0.0
2014-04-05 05:39:00,0.334340755361,0,0.028721068519,0.000824899529107,0.000824899529107,0.305619686842,0.0,0.0,0.0
2014-04-05 05:44:00,0.337383581077,0,0.00938962188845,8.81647574715e-05,8.81647574715e-05,0.327993959188,0.0,0.0,0.0
2014-04-05 05:49:00,0.317564094657,0,0.0125478559794,0.000157448550453,0.000157448550453,0.330111950636,0.0,0.0,0.0
2014-04-05 05:54:00,0.35376960875,0,0.0317764663838,0.00100974331144,0.00100974331144,0.321993142366,0.0,0.0,0.0
2014-04-05 05:59:00,0.297559571537,0,0.0387739417226,0.00150341948029,0.00150341948029,0.33633351326,0.0,0.0,0.0
2014-04-05 06:04:00,0.350870700467,0,0.0418801623464,0.001753947814,0.001753947814,0.30899053812,0.0,0.0,0.0
2014-04-05 06:09:00,0.300684635786,0,0.0367028962097,0.00134710292332,0.00134710292332,0.337387531996,0.0,0.0,0.0
2014-04-05 06:14:00,0.31630995703,0,0.00888028574283,7.88595061749e-05,7.88595061749e-05,0.307429671288,0.0,0.0,0.0
2014-04-05 06:19:00,0.314911901972,0,0.00635704396072,4.04120073654e-05,4.04120073654e-05,0.321268945932,0.0,0.0,0.0
2014-04-05 06:24:00,0.351364131664,0,0.0395437140213,0.00156370562036,0.00156370562036,0.311820417643,0.0,0.0,0.0
2014-04-05 06:29:00,0.308394498242,0,0.0306006008255,0.000936397176702,0.000936397176702,0.338995099068,0.0,0.0,0.0
2014-04-05 06:34:00,0.31637163593,0,0.00232075022035,5.38581844012e-06,5.38581844012e-06,0.31869238615,0.0,0.0,0.0
2014-04-05 06:39:00,0.328440140628,0,0.00701893463042,4.92652907269e-05,4.92652907269e-05,0.321421205997,0.0,0.0,0.0
2014-04-05 06:44:00,0.307202039516,0,0.0178450660352,0.000318446313031,0.000318446313031,0.325047105551,0.0,0.0,0.0
2014-04-05 06:49:00,0.341454388454,0,0.0242056864045,0.000585915171541,0.000585915171541,0.317248702049,0.0,0.0,0.0
2014-04-05 06:54:00,0.338987232468,0,0.00686457874501,4.71224229841e-05,4.71224229841e-05,0.332122653723,0.0,0.0,0.0
2014-04-05 06:59:00,0.324821645182,0,0.00399792774372,1.59833798534e-05,1.59833798534e-05,0.328819572926,0.0,0.0,0.0
2014-04-05 07:04:00,0.316124920331,0,0.00900670460564,8.11208010418e-05,8.11208010418e-05,0.325131624937,0.0,0.0,0.0
2014-04-05 07:09:00,0.334176278295,0,0.0156335594079,0.00024440800189,0.00024440800189,0.318542718887,0.0,0.0,0.0
2014-04-05 07:14:00,0.331092333313,0,4.94067709207e-05,2.44157050133e-09,2.44157050133e-09,0.331141740084,0.0,0.0,0.0
2014-04-05 07:19:00,0.301877094513,0,0.0271572041457,0.000737514463253,0.000737514463253,0.329034298658,0.0,0.0,0.0
2014-04-05 07:24:00,0.336211681984,0,0.0189000374295,0.000357211392839,0.000357211392839,0.317311644554,0.0,0.0,0.0
2014-04-05 07:29:00,0.298258599067,0,0.0331182217361,0.00109681638423,0.00109681638423,0.331376820803,0.0,0.0,0.0
2014-04-05 07:34:00,0.346902691256,0,0.0320481885781,0.00102708686609,0.00102708686609,0.314854502678,0.0,0.0,0.0
2014-04-05 07:39:00,0.353522893152,0,0.0212801658719,0.000452845619293,0.000452845619293,0.33224272728,0.0,0.0,0.0
2014-04-05 07:44:00,0.294886819219,0,0.0447964452748,0.00200672075152,0.00200672075152,0.339683264494,0.0,0.0,0.0
2014-04-05 07:49:00,0.328666296593,0,0.0154384046713,0.000238344437093,0.000238344437093,0.313227891922,0.0,0.0,0.0
2014-04-05 07:54:00,0.32288903966,0,0.00722079501149,5.21400215803e-05,5.21400215803e-05,0.330109834671,0.0,0.0,0.0
2014-04-05 07:59:00,0.335183700323,0,0.0154670977589,0.00023923140543,0.00023923140543,0.319716602564,0.0,0.0,0.0
2014-04-05 08:04:00,0.324245975452,0,0.0116327841708,0.000135321344715,0.000135321344715,0.335878759623,0.0,0.0,0.0
2014-04-05 08:09:00,0.350562305968,0,0.0297920124943,0.000887563917786,0.000887563917786,0.320770293474,0.0,0.0,0.0
2014-04-05 08:14:00,0.3332510948,0,0.00498034955836,2.48039414146e-05,2.48039414146e-05,0.338231444359,0.0,0.0,0.0
2014-04-05 08:19:00,0.316515553363,0,0.0137964006589,0.000190340346307,0.000190340346307,0.330311954021,0.0,0.0,0.0
2014-04-05 08:24:00,0.374514278665,0,0.0492443709523,0.00242500845343,0.00242500845343,0.325269907713,0.0,0.0,0.0
2014-04-05 08:29:00,0.259174736323,0,0.0930455307347,0.00865747127682,0.00865747127682,0.352220267057,0.0,0.0,0.0
2014-04-05 08:34:00,0.317440736857,0,0.0187041645916,0.00034984620288,0.00034984620288,0.298736572266,0.0,0.0,0.0
2014-04-05 08:39:00,0.316844507494,0,0.00910018440245,8.28136180644e-05,8.28136180644e-05,0.325944691896,0.0,0.0,0.0
2014-04-05 08:44:00,0.318263122186,0,0.00214261685295,4.5907695494e-06,4.5907695494e-06,0.316120505333,0.0,0.0,0.0
2014-04-05 08:49:00,0.31637163593,0,0.00723461674027,5.23394846823e-05,5.23394846823e-05,0.32360625267,0.0,0.0,0.0
2014-04-05 08:54:00,0.354489195913,0,0.0387206560072,0.00149929011241,0.00149929011241,0.315768539906,0.0,0.0,0.0
2014-04-05 08:59:00,0.350726783034,0,0.0157677528828,0.000248622032814,0.000248622032814,0.334959030151,0.0,0.0,0.0
2014-04-05 09:04:00,0.320113489175,0,0.018671086287,0.000348609813955,0.000348609813955,0.338784575462,0.0,0.0,0.0
2014-04-05 09:09:00,0.361726186805,0,0.0387590151358,0.00150226184633,0.00150226184633,0.322967171669,0.0,0.0,0.0
2014-04-05 09:14:00,0.293673800859,0,0.0516214793587,0.00266477582045,0.00266477582045,0.345295280218,0.0,0.0,0.0
2014-04-05 09:19:00,0.317091223093,0,0.00635239133408,4.03529193136e-05,4.03529193136e-05,0.310738831758,0.0,0.0,0.0
2014-04-05 09:24:00,0.336396718683,0,0.0154669231789,0.000239225875703,0.000239225875703,0.320929795504,0.0,0.0,0.0
2014-04-05 09:29:00,0.298032443101,0,0.0235980944087,0.000556870538276,0.000556870538276,0.32163053751,0.0,0.0,0.0
2014-04-05 09:34:00,0.333497810399,0,0.018010991847,0.000324396241922,0.000324396241922,0.315486818552,0.0,0.0,0.0
2014-04-05 09:39:00,0.308168342277,0,0.0177956317222,0.000316684163408,0.000316684163408,0.325963973999,0.0,0.0,0.0
2014-04-05 09:44:00,0.321429305701,0,0.00569581332677,3.24423635902e-05,3.24423635902e-05,0.315733492374,0.0,0.0,0.0
2014-04-05 09:49:00,0.343880425173,0,0.0168671114029,0.000284499110421,0.000284499110421,0.32701331377,0.0,0.0,0.0
2014-04-05 09:54:00,0.381525113592,0,0.0465904021357,0.0021706642583,0.0021706642583,0.334934711456,0.0,0.0,0.0
2014-04-05 09:59:00,0.299615534859,0,0.0517146858405,0.0026744089555,0.0026744089555,0.351330220699,0.0,0.0,0.0
2014-04-05 10:04:00,0.317111782726,0,0.000944189723477,8.91508307177e-07,8.91508307177e-07,0.316167593002,0.0,0.0,0.0
2014-04-05 10:09:00,0.333744525998,0,0.0152936578679,0.000233895974816,0.000233895974816,0.31845086813,0.0,0.0,0.0
2014-04-05 10:14:00,0.343633709575,0,0.0166680199155,0.000277822953649,0.000277822953649,0.326965689659,0.0,0.0,0.0
2014-04-05 10:19:00,0.334176278295,0,0.00141245740858,1.99501869247e-06,1.99501869247e-06,0.332763820887,0.0,0.0,0.0
2014-04-05 10:24:00,0.363905507926,0,0.0310131198203,0.000961814308539,0.000961814308539,0.332892388105,0.0,0.0,0.0
2014-04-05 10:29:00,0.296449351344,0,0.0501840531498,0.00251843803562,0.00251843803562,0.346633404493,0.0,0.0,0.0
2014-04-05 10:34:00,0.318859351549,0,0.00379432949064,1.43970337376e-05,1.43970337376e-05,0.32265368104,0.0,0.0,0.0
2014-04-05 10:39:00,0.344106581139,0,0.0129318796863,0.000167233607499,0.000167233607499,0.331174701452,0.0,0.0,0.0
2014-04-05 10:44:00,0.289582433849,0,0.0525507901611,0.00276158587076,0.00276158587076,0.34213322401,0.0,0.0,0.0
2014-04-05 10:49:00,0.315055819404,0,0.00056672300106,3.21172649365e-07,3.21172649365e-07,0.314489096403,0.0,0.0,0.0
2014-04-05 10:54:00,0.349493205041,0,0.0272086853688,0.000740312563721,0.000740312563721,0.322284519672,0.0,0.0,0.0
2014-04-05 10:59:00,0.320956434137,0,0.0115413414174,0.00013320245489,0.00013320245489,0.332497775555,0.0,0.0,0.0
2014-04-05 11:04:00,0.296819424741,0,0.0301504372428,0.000909049238544,0.000909049238544,0.326969861984,0.0,0.0,0.0
2014-04-05 11:09:00,0.363412076729,0,0.0528567080667,0.00279383221641,0.00279383221641,0.310555368662,0.0,0.0,0.0
2014-04-05 11:14:00,0.31758465429,0,0.0261900816378,0.000685919891112,0.000685919891112,0.343774735928,0.0,0.0,0.0
2014-04-05 11:19:00,0.314685746006,0,0.00658930940219,4.34191824752e-05,4.34191824752e-05,0.321275055408,0.0,0.0,0.0
2014-04-05 11:24:00,0.326507535106,0,0.00437813652121,1.91681101569e-05,1.91681101569e-05,0.322129398584,0.0,0.0,0.0
2014-04-05 11:29:00,0.338082608606,0,0.0208395391959,0.000434286514064,0.000434286514064,0.31724306941,0.0,0.0,0.0
2014-04-05 11:34:00,0.287403112728,0,0.0450391410996,0.00202852487564,0.00202852487564,0.332442253828,0.0,0.0,0.0
2014-04-05 11:39:00,0.323115195625,0,0.0231882589985,0.000537695537787,0.000537695537787,0.299926936626,0.0,0.0,0.0
2014-04-05 11:44:00,0.320236846975,0,0.00180827098207,3.26989720634e-06,3.26989720634e-06,0.318428575993,0.0,0.0,0.0
2014-04-05 11:49:00,0.317564094657,0,0.00109555780276,1.20025868e-06,1.20025868e-06,0.316468536854,0.0,0.0,0.0
2014-04-05 11:54:00,0.334217397562,0,0.0154139977604,0.00023759137548,0.00023759137548,0.318803399801,0.0,0.0,0.0
2014-04-05 11:59:00,0.316597791895,0,0.00276335836935,7.63616299082e-06,7.63616299082e-06,0.319361150265,0.0,0.0,0.0
2014-04-05 12:04:00,0.336910709513,0,0.020184054745,0.000407395476941,0.000407395476941,0.316726654768,0.0,0.0,0.0
2014-04-05 12:09:00,0.319106067148,0,0.00963753965804,9.2882073659e-05,9.2882073659e-05,0.328743606806,0.0,0.0,0.0
2014-04-05 12:14:00,0.345566315097,0,0.0315336710635,0.000994371599518,0.000994371599518,0.314032644033,0.0,0.0,0.0
2014-04-05 12:19:00,0.284750920044,0,0.0449031477112,0.00201629381627,0.00201629381627,0.329654067755,0.0,0.0,0.0
2014-04-05 12:24:00,0.344353296737,0,0.0439078295035,0.00192789675202,0.00192789675202,0.300445467234,0.0,0.0,0.0
2014-04-05 12:29:00,0.317091223093,0,0.0131499802155,0.000172921892954,0.000172921892954,0.330241203308,0.0,0.0,0.0
2014-04-05 12:34:00,0.335903287485,0,0.0210125451834,0.000441527023213,0.000441527023213,0.314890742302,0.0,0.0,0.0
2014-04-05 12:39:00,0.299965048624,0,0.0350155584092,0.00122608896345,0.00122608896345,0.334980607033,0.0,0.0,0.0
2014-04-05 12:44:00,0.319990131376,0,0.0104651184061,0.000109518638055,0.000109518638055,0.30952501297,0.0,0.0,0.0
2014-04-05 12:49:00,0.326486975472,0,0.00315335444727,9.94364108919e-06,9.94364108919e-06,0.323333621025,0.0,0.0,0.0
2014-04-05 12:54:00,0.321429305701,0,0.00410777983196,1.68738006323e-05,1.68738006323e-05,0.325537085533,0.0,0.0,0.0
2014-04-05 12:59:00,0.33446411316,0,0.0104089779101,0.000108346612251,0.000108346612251,0.32405513525,0.0,0.0,0.0
2014-04-05 13:04:00,0.323279672691,0,0.00331506746172,1.09896318463e-05,1.09896318463e-05,0.326594740152,0.0,0.0,0.0
2014-04-05 13:09:00,0.317769690989,0,0.00685276127035,4.69605365652e-05,4.69605365652e-05,0.324622452259,0.0,0.0,0.0
2014-04-05 13:14:00,0.318057525854,0,0.00631473590888,3.98757474613e-05,3.98757474613e-05,0.324372261763,0.0,0.0,0.0
2014-04-05 13:19:00,0.329632599354,0,0.0121447038657,0.000147494094563,0.000147494094563,0.317487895489,0.0,0.0,0.0
2014-04-05 13:24:00,0.356545159234,0,0.0274025589364,0.000750899722334,0.000750899722334,0.329142600298,0.0,0.0,0.0
2014-04-05 13:29:00,0.319743415777,0,0.0205927579953,0.000424061319791,0.000424061319791,0.340336173773,0.0,0.0,0.0
2014-04-05 13:34:00,0.340261929727,0,0.013999902702,0.00019599746156,0.00019599746156,0.326262027025,0.0,0.0,0.0
2014-04-05 13:39:00,0.304426489031,0,0.0286567233442,0.000821207650006,0.000821207650006,0.333083212376,0.0,0.0,0.0
2014-04-05 13:44:00,0.335903287485,0,0.012142003134,0.000147428232594,0.000147428232594,0.323761284351,0.0,0.0,0.0
2014-04-05 13:49:00,0.305865663357,0,0.0263014554312,0.000691765919328,0.000691765919328,0.332167118788,0.0,0.0,0.0
2014-04-05 13:54:00,0.336150003084,0,0.0158145552957,0.000250099750701,0.000250099750701,0.320335447788,0.0,0.0,0.0
2014-04-05 13:59:00,0.349431526142,0,0.0190497154764,0.000362891238183,0.000362891238183,0.330381810665,0.0,0.0,0.0
2014-04-05 14:04:00,0.285717222805,0,0.0544904135516,0.00296920561232,0.00296920561232,0.340207636356,0.0,0.0,0.0
2014-04-05 14:09:00,0.329879314953,0,0.0214072478353,0.00045827019494,0.00045827019494,0.308472067118,0.0,0.0,0.0
2014-04-05 14:14:00,0.316494993729,0,0.016980148988,0.000288325216388,0.000288325216388,0.333475142717,0.0,0.0,0.0
2014-04-05 14:19:00,0.357038590432,0,0.0398786396984,0.00159030570649,0.00159030570649,0.317159950733,0.0,0.0,0.0
2014-04-05 14:24:00,0.315405333169,0,0.0292452334091,0.000855283346027,0.000855283346027,0.344650566578,0.0,0.0,0.0
2014-04-05 14:29:00,0.33619112235,0,0.0189446852776,0.000358900928404,0.000358900928404,0.317246437073,0.0,0.0,0.0
2014-04-05 14:34:00,0.324883324081,0,0.00837146026413,7.00815508026e-05,7.00815508026e-05,0.333254784346,0.0,0.0,0.0
2014-04-05 14:39:00,0.288122699891,0,0.0333201425925,0.00111023103818,0.00111023103818,0.321442842484,0.0,0.0,0.0
2014-04-05 14:44:00,0.318777113016,0,0.0094646502096,8.95796256373e-05,8.95796256373e-05,0.309312462807,0.0,0.0,0.0
2014-04-05 14:49:00,0.342996360945,0,0.0233014246694,0.000542956287973,0.000542956287973,0.319694936275,0.0,0.0,0.0
2014-04-05 14:54:00,0.348958654578,0,0.0202595426391,0.000410448526964,0.000410448526964,0.328699111938,0.0,0.0,0.0
2014-04-05 14:59:00,0.346532617858,0,0.0146618235618,0.000214968924411,0.000214968924411,0.331870794296,0.0,0.0,0.0
2014-04-05 15:04:00,0.365591397849,0,0.0323735683836,0.00104804849252,0.00104804849252,0.333217829466,0.0,0.0,0.0
2014-04-05 15:09:00,0.34385986554,0,0.00262810362008,6.90700335326e-06,6.90700335326e-06,0.34648796916,0.0,0.0,0.0
2014-04-05 15:14:00,0.305742305557,0,0.0341429292755,0.00116574042477,0.00116574042477,0.339885234833,0.0,0.0,0.0
2014-04-05 15:19:00,0.343386993976,0,0.020362780662,0.000414643407566,0.000414643407566,0.323024213314,0.0,0.0,0.0
2014-04-05 15:24:00,0.290055305413,0,0.0480760925492,0.00231131073087,0.00231131073087,0.338131397963,0.0,0.0,0.0
2014-04-05 15:29:00,0.320586360739,0,0.00710342054233,5.0458482292e-05,5.0458482292e-05,0.313482940197,0.0,0.0,0.0
2014-04-05 15:34:00,0.340529204959,0,0.0157326475325,0.000247516145464,0.000247516145464,0.324796557426,0.0,0.0,0.0
2014-04-05 15:39:00,0.331092333313,0,0.00230803537772,5.3270528042e-06,5.3270528042e-06,0.33340036869,0.0,0.0,0.0
2014-04-05 15:44:00,0.335430415921,0,0.000691143221686,4.77682306155e-07,4.77682306155e-07,0.336121559143,0.0,0.0,0.0
2014-04-05 15:49:00,0.306071259689,0,0.0311032155043,0.000967410509475,0.000967410509475,0.337174475193,0.0,0.0,0.0
2014-04-05 15:54:00,0.33573881042,0,0.0141794706579,0.000201057322556,0.000201057322556,0.321559339762,0.0,0.0,0.0
2014-04-05 15:59:00,0.317749131355,0,0.0233759992979,0.000546436815057,0.000546436815057,0.341125130653,0.0,0.0,0.0
2014-04-05 16:04:00,0.353276177553,0,0.0333354019201,0.00111124804243,0.00111124804243,0.319940775633,0.0,0.0,0.0
2014-04-05 16:09:00,0.29585312198,0,0.0432366590656,0.00186940992717,0.00186940992717,0.339089781046,0.0,0.0,0.0
2014-04-05 16:14:00,0.346717654557,0,0.0369805384586,0.00136756035499,0.00136756035499,0.309737116098,0.0,0.0,0.0
2014-04-05 16:19:00,0.330660581015,0,0.00327396450173,1.07188398033e-05,1.07188398033e-05,0.333934545517,0.0,0.0,0.0
2014-04-05 16:24:00,0.303336828471,0,0.0174846951954,0.000305714551359,0.000305714551359,0.320821523666,0.0,0.0,0.0
2014-04-05 16:29:00,0.335903287485,0,0.0167561775,0.000280769454548,0.000280769454548,0.319147109985,0.0,0.0,0.0
2014-04-05 16:34:00,0.301363103682,0,0.0297364065106,0.000884253473487,0.000884253473487,0.331099510193,0.0,0.0,0.0
2014-04-05 16:39:00,0.313945599211,0,0.000228099214783,5.2032792297e-08,5.2032792297e-08,0.314173698425,0.0,0.0,0.0
2014-04-05 16:44:00,0.319270544213,0,9.46749870355e-05,8.96467700073e-09,8.96467700073e-09,0.319175869226,0.0,0.0,0.0
2014-04-05 16:49:00,0.342749645346,0,0.0285673936545,0.000816096551716,0.000816096551716,0.314182251692,0.0,0.0,0.0
2014-04-05 16:54:00,0.322272250663,0,0.00541575788378,2.93305365631e-05,2.93305365631e-05,0.327688008547,0.0,0.0,0.0
2014-04-05 16:59:00,0.326507535106,0,0.0124429131802,0.000154826178914,0.000154826178914,0.314064621925,0.0,0.0,0.0
2014-04-05 17:04:00,0.298505314665,0,0.0213625644871,0.000456359528471,0.000456359528471,0.319867879152,0.0,0.0,0.0
2014-04-05 17:09:00,0.333024938835,0,0.0239384372367,0.000573049241211,0.000573049241211,0.309086501598,0.0,0.0,0.0
2014-04-05 17:14:00,0.333744525998,0,0.00997275122883,9.94557631202e-05,9.94557631202e-05,0.323771774769,0.0,0.0,0.0
2014-04-05 17:19:00,0.343613149941,0,0.0220654032831,0.000486881937832,0.000486881937832,0.321547746658,0.0,0.0,0.0
2014-04-05 17:24:00,0.31867431485,0,0.0128898135487,0.000166147001437,0.000166147001437,0.331564128399,0.0,0.0,0.0
2014-04-05 17:29:00,0.347252205021,0,0.0309089571302,0.000955364550464,0.000955364550464,0.31634324789,0.0,0.0,0.0
2014-04-05 17:34:00,0.287834865026,0,0.0459671495633,0.00211298000067,0.00211298000067,0.333802014589,0.0,0.0,0.0
2014-04-05 17:39:00,0.326260819507,0,0.0176079715017,0.000310040166369,0.000310040166369,0.308652848005,0.0,0.0,0.0
2014-04-05 17:44:00,0.321922736898,0,0.00490472958951,2.40562512772e-05,2.40562512772e-05,0.326827466488,0.0,0.0,0.0
2014-04-05 17:49:00,0.317337938691,0,0.00415908441445,1.72980544448e-05,1.72980544448e-05,0.321497023106,0.0,0.0,0.0
2014-04-05 17:54:00,0.334936984724,0,0.0106342219774,0.000113086498459,0.000113086498459,0.324302762747,0.0,0.0,0.0
2014-04-05 17:59:00,0.338576039803,0,0.0102190287237,0.000104428727354,0.000104428727354,0.32835701108,0.0,0.0,0.0
2014-04-05 18:04:00,0.314685746006,0,0.0160781006295,0.000258505751844,0.000258505751844,0.330763846636,0.0,0.0,0.0
2014-04-05 18:09:00,0.335800489319,0,0.0107799972424,0.000116208546387,0.000116208546387,0.325020492077,0.0,0.0,0.0
2014-04-05 18:14:00,0.333395012233,0,0.00370416841241,1.3720804418e-05,1.3720804418e-05,0.329690843821,0.0,0.0,0.0
2014-04-05 18:19:00,0.342420691215,0,0.00678043957836,4.59744405816e-05,4.59744405816e-05,0.335640251637,0.0,0.0,0.0
2014-04-05 18:24:00,0.322395608462,0,0.0119423412905,0.000142619173857,0.000142619173857,0.334337949753,0.0,0.0,0.0
2014-04-05 18:29:00,0.348691379346,0,0.0195424311532,0.000381906400435,0.000381906400435,0.329148948193,0.0,0.0,0.0
2014-04-05 18:34:00,0.311786837723,0,0.0268510209064,0.000720977724995,0.000720977724995,0.338637858629,0.0,0.0,0.0
2014-04-05 18:39:00,0.328666296593,0,0.000546720615943,2.98906712715e-07,2.98906712715e-07,0.328119575977,0.0,0.0,0.0
2014-04-05 18:44:00,0.303357388104,0,0.0257232233632,0.000661683967337,0.000661683967337,0.329080611467,0.0,0.0,0.0
2014-04-05 18:49:00,0.315405333169,0,0.00901517855371,8.12733414932e-05,8.12733414932e-05,0.324420511723,0.0,0.0,0.0
2014-04-05 18:54:00,0.345319599498,0,0.0213497584949,0.000455812172731,0.000455812172731,0.323969841003,0.0,0.0,0.0
2014-04-05 18:59:00,0.353050021588,0,0.0147736949313,0.000218262110138,0.000218262110138,0.338276326656,0.0,0.0,0.0
2014-04-05 19:04:00,0.324081498386,0,0.0146633803829,0.000215014370042,0.000215014370042,0.338744878769,0.0,0.0,0.0
2014-04-05 19:09:00,0.30518719546,0,0.0286795199708,0.000822514877655,0.000822514877655,0.333866715431,0.0,0.0,0.0
2014-04-05 19:14:00,0.331811920475,0,0.0146248794311,0.000213887513382,0.000213887513382,0.317187041044,0.0,0.0,0.0
2014-04-05 19:19:00,0.304776002796,0,0.026551495163,0.000704981386662,0.000704981386662,0.331327497959,0.0,0.0,0.0
2014-04-05 19:24:00,0.316906186394,0,0.00430253391637,1.85117769433e-05,1.85117769433e-05,0.312603652477,0.0,0.0,0.0
2014-04-05 19:29:00,0.365591397849,0,0.0425663500704,0.00181189493742,0.00181189493742,0.323025047779,0.0,0.0,0.0
2014-04-05 19:34:00,0.315405333169,0,0.0208051561042,0.000432854285464,0.000432854285464,0.336210489273,0.0,0.0,0.0
2014-04-05 19:39:00,0.32288903966,0,0.000458727026018,2.10421603697e-07,2.10421603697e-07,0.322430312634,0.0,0.0,0.0
2014-04-05 19:44:00,0.325541232344,0,0.00314042401006,9.86223585642e-06,9.86223585642e-06,0.322400808334,0.0,0.0,0.0
2014-04-05 19:49:00,0.321429305701,0,0.00324705895908,1.05433491626e-05,1.05433491626e-05,0.32467636466,0.0,0.0,0.0
2014-04-05 19:54:00,0.343140278377,0,0.0195593576812,0.000382568308851,0.000382568308851,0.323580920696,0.0,0.0,0.0
2014-04-05 19:59:00,0.305742305557,0,0.0260513603287,0.000678674026858,0.000678674026858,0.331793665886,0.0,0.0,0.0
2014-04-05 20:04:00,0.337609737042,0,0.0261891771592,0.000685873033945,0.000685873033945,0.311420559883,0.0,0.0,0.0
2014-04-05 20:09:00,0.316844507494,0,0.013733640871,0.000188613281352,0.000188613281352,0.330578148365,0.0,0.0,0.0
2014-04-05 20:14:00,0.316844507494,0,0.00210140589715,4.4158464334e-06,4.4158464334e-06,0.314743101597,0.0,0.0,0.0
2014-04-05 20:19:00,0.318509837784,0,0.00274596532372,7.54027541916e-06,7.54027541916e-06,0.321255803108,0.0,0.0,0.0
2014-04-05 20:24:00,0.316844507494,0,0.00110648628234,1.22434357763e-06,1.22434357763e-06,0.317950993776,0.0,0.0,0.0
2014-04-05 20:29:00,0.327946709431,0,0.00792579535294,6.28184425295e-05,6.28184425295e-05,0.320020914078,0.0,0.0,0.0
2014-04-05 20:34:00,0.337609737042,0,0.0138594199456,0.000192083549337,0.000192083549337,0.323750317097,0.0,0.0,0.0
2014-04-05 20:39:00,0.309134645038,0,0.0189968518683,0.00036088086199,0.00036088086199,0.328131496906,0.0,0.0,0.0
2014-04-05 20:44:00,0.319743415777,0,0.00309913462855,9.60469060374e-06,9.60469060374e-06,0.316644281149,0.0,0.0,0.0
2014-04-05 20:49:00,0.318057525854,0,0.00168440868415,2.83719487015e-06,2.83719487015e-06,0.319741934538,0.0,0.0,0.0
2014-04-05 20:54:00,0.33446411316,0,0.0173944336615,0.000302565982565,0.000302565982565,0.317069679499,0.0,0.0,0.0
2014-04-05 20:59:00,0.318777113016,0,0.00738513583356,5.4540214478e-05,5.4540214478e-05,0.32616224885,0.0,0.0,0.0
2014-04-05 21:04:00,0.348218507782,0,0.0298232209833,0.000889424060006,0.000889424060006,0.318395286798,0.0,0.0,0.0
2014-04-05 21:09:00,0.301404222949,0,0.0305750518011,0.000934832904022,0.000934832904022,0.33197927475,0.0,0.0,0.0
2014-04-05 21:14:00,0.320483562573,0,0.00270157776718,7.2985371844e-06,7.2985371844e-06,0.317781984806,0.0,0.0,0.0
2014-04-05 21:19:00,0.338493801271,0,0.0159520577537,0.000254467915511,0.000254467915511,0.322541743517,0.0,0.0,0.0
2014-04-05 21:24:00,0.295380250416,0,0.0325810752291,0.00106152554508,0.00106152554508,0.327961325645,0.0,0.0,0.0
2014-04-05 21:29:00,0.319270544213,0,0.00644367234154,4.1521001549e-05,4.1521001549e-05,0.312826871872,0.0,0.0,0.0
2014-04-05 21:34:00,0.319023828615,0,0.00232126225119,5.38830863661e-06,5.38830863661e-06,0.321345090866,0.0,0.0,0.0
2014-04-05 21:39:00,0.342420691215,0,0.0269601881135,0.000726852042135,0.000726852042135,0.315460503101,0.0,0.0,0.0
2014-04-05 21:44:00,0.316597791895,0,0.0181682980208,0.000330087146722,0.000330087146722,0.334766089916,0.0,0.0,0.0
2014-04-05 21:49:00,0.302514443142,0,0.0155437495876,0.000241608446231,0.000241608446231,0.31805819273,0.0,0.0,0.0
2014-04-05 21:54:00,0.336869590247,0,0.0201177227138,0.000404723046813,0.000404723046813,0.316751867533,0.0,0.0,0.0
2014-04-05 21:59:00,0.317564094657,0,0.00782609522954,6.1247679696e-05,6.1247679696e-05,0.325390189886,0.0,0.0,0.0
2014-04-05 22:04:00,0.319743415777,0,0.000193872983676,3.75832911459e-08,3.75832911459e-08,0.319937288761,0.0,0.0,0.0
2014-04-05 22:09:00,0.359670223483,0,0.0394642369834,0.00155742582865,0.00155742582865,0.3202059865,0.0,0.0,0.0
2014-04-05 22:14:00,0.319023828615,0,0.0191590081561,0.000367068016203,0.000367068016203,0.338182836771,0.0,0.0,0.0
2014-04-05 22:19:00,0.296819424741,0,0.023897462971,0.000571089040022,0.000571089040022,0.320716887712,0.0,0.0,0.0
2014-04-05 22:24:00,0.356832994099,0,0.0426287184913,0.00181720650289,0.00181720650289,0.314204275608,0.0,0.0,0.0
2014-04-05 22:29:00,0.305865663357,0,0.0302313982775,0.000913936703,0.000913936703,0.336097061634,0.0,0.0,0.0
2014-04-05 22:34:00,0.317337938691,0,0.00288050517937,8.29735927255e-06,8.29735927255e-06,0.320218443871,0.0,0.0,0.0
2014-04-05 22:39:00,0.317810810255,0,0.00486796434012,2.36971409322e-05,2.36971409322e-05,0.322678774595,0.0,0.0,0.0
2014-04-05 22:44:00,0.340015214129,0,0.0218947047425,0.00047937760246,0.00047937760246,0.318120509386,0.0,0.0,0.0
2014-04-05 22:49:00,0.308887929439,0,0.0260315530302,0.000677641772199,0.000677641772199,0.33491948247,0.0,0.0,0.0
2014-04-05 22:54:00,0.354735911511,0,0.0374118393888,0.00139964569826,0.00139964569826,0.317324072123,0.0,0.0,0.0
2014-04-05 22:59:00,0.329632599354,0,0.00650961279805,4.23749188485e-05,4.23749188485e-05,0.336142212152,0.0,0.0,0.0
2014-04-05 23:04:00,0.30761323218,0,0.0235679959809,0.000555450853426,0.000555450853426,0.331181228161,0.0,0.0,0.0
2014-04-05 23:09:00,0.334710828759,0,0.0151556951777,0.000229695331655,0.000229695331655,0.319555133581,0.0,0.0,0.0
2014-04-05 23:14:00,0.338863874668,0,0.0105534446186,0.000111375295091,0.000111375295091,0.32831043005,0.0,0.0,0.0
2014-04-05 23:19:00,0.295133534818,0,0.0397966168832,0.00158377096523,0.00158377096523,0.334930151701,0.0,0.0,0.0
2014-04-05 23:24:00,0.332531507638,0,0.0178802567987,0.000319703744026,0.000319703744026,0.314651250839,0.0,0.0,0.0
2014-04-05 23:29:00,0.344723370135,0,0.0203252697589,0.000413116737036,0.000413116737036,0.324398100376,0.0,0.0,0.0
2014-04-05 23:34:00,0.322930158926,0,0.0126917940846,0.000161081683473,0.000161081683473,0.335621953011,0.0,0.0,0.0
2014-04-05 23:39:00,0.338082608606,0,0.0102712780494,0.000105499209894,0.000105499209894,0.327811330557,0.0,0.0,0.0
2014-04-05 23:44:00,0.329879314953,0,0.00311329836256,9.69263419393e-06,9.69263419393e-06,0.332992613316,0.0,0.0,0.0
2014-04-05 23:49:00,0.325541232344,0,0.00339945721934,1.15563389045e-05,1.15563389045e-05,0.328940689564,0.0,0.0,0.0
2014-04-05 23:54:00,0.310100947799,0,0.0243230412584,0.000591610558331,0.000591610558331,0.334423989058,0.0,0.0,0.0
2014-04-05 23:59:00,0.319023828615,0,0.00249437581415,6.22185643806e-06,6.22185643806e-06,0.316529452801,0.0,0.0,0.0
2014-04-06 00:04:00,0.318530397418,0,0.00618694543584,3.82781327062e-05,3.82781327062e-05,0.324717342854,0.0,0.0,0.0
2014-04-06 00:09:00,0.331565204877,0,0.0111631787003,0.000124616475659,0.000124616475659,0.320402026176,0.0,0.0,0.0
2014-04-06 00:14:00,0.337363021444,0,0.00996585376105,9.93185021798e-05,9.93185021798e-05,0.327397167683,0.0,0.0,0.0
2014-04-06 00:19:00,0.308168342277,0,0.0185419414795,0.000343803258147,0.000343803258147,0.326710283756,0.0,0.0,0.0
2014-04-06 00:24:00,0.307202039516,0,0.0158872024659,0.000252403144259,0.000252403144259,0.323089241982,0.0,0.0,0.0
2014-04-06 00:29:00,0.317810810255,0,0.000840044664477,7.05663921963e-07,7.05663921963e-07,0.316970765591,0.0,0.0,0.0
2014-04-06 00:34:00,0.343633709575,0,0.0242539030561,0.000588251918089,0.000588251918089,0.319379806519,0.0,0.0,0.0
2014-04-06 00:39:00,0.319990131376,0,0.00837647605154,7.01654062141e-05,7.01654062141e-05,0.328366607428,0.0,0.0,0.0
2014-04-06 00:44:00,0.337609737042,0,0.0172243405617,0.000296677957522,0.000296677957522,0.320385396481,0.0,0.0,0.0
2014-04-06 00:49:00,0.29706614034,0,0.0272415993946,0.000742104079109,0.000742104079109,0.324307739735,0.0,0.0,0.0
2014-04-06 00:54:00,0.34846522338,0,0.0398166371072,0.00158536538947,0.00158536538947,0.308648586273,0.0,0.0,0.0
2014-04-06 00:59:00,0.302452764243,0,0.0299690153899,0.000898141355719,0.000898141355719,0.332421779633,0.0,0.0,0.0
2014-04-06 01:04:00,0.330722259915,0,0.0205534571767,0.000422445125878,0.000422445125878,0.310168802738,0.0,0.0,0.0
2014-04-06 01:09:00,0.382655893419,0,0.0556784318424,0.0031000871677,0.0031000871677,0.326977461576,0.0,0.0,0.0
2014-04-06 01:14:00,0.306132938588,0,0.0407193341606,0.00165806384757,0.00165806384757,0.346852272749,0.0,0.0,0.0
2014-04-06 01:19:00,0.329406443389,0,0.0129174025375,0.000166859201272,0.000166859201272,0.316489040852,0.0,0.0,0.0
2014-04-06 01:24:00,0.324348773618,0,0.00500005875097,2.50005487032e-05,2.50005487032e-05,0.329348832369,0.0,0.0,0.0
2014-04-06 01:29:00,0.30876457164,0,0.0158648543625,0.000251693447353,0.000251693447353,0.324629426003,0.0,0.0,0.0
2014-04-06 01:34:00,0.325294516746,0,0.00128032988669,1.63926426922e-06,1.63926426922e-06,0.324014186859,0.0,0.0,0.0
2014-04-06 01:39:00,0.352083718826,0,0.0301463664076,0.000908803020138,0.000908803020138,0.321937352419,0.0,0.0,0.0
2014-04-06 01:44:00,0.306708608318,0,0.0318243759383,0.00101279118098,0.00101279118098,0.338532984257,0.0,0.0,0.0
2014-04-06 01:49:00,0.3216760213,0,0.00146415285069,2.14375950236e-06,2.14375950236e-06,0.32314017415,0.0,0.0,0.0
2014-04-06 01:54:00,0.340261929727,0,0.0139325792557,0.000194116946659,0.000194116946659,0.326329350471,0.0,0.0,0.0
2014-04-06 01:59:00,0.322148892864,0,0.010877754704,0.000118325624499,0.000118325624499,0.333026647568,0.0,0.0,0.0
2014-04-06 02:04:00,0.353584572051,0,0.0207278573257,0.000429643463576,0.000429643463576,0.332856714725,0.0,0.0,0.0
2014-04-06 02:09:00,0.349637122474,0,0.011951835475,0.000142846329254,0.000142846329254,0.337685286999,0.0,0.0,0.0
2014-04-06 02:14:00,0.299224901828,0,0.0413370543395,0.0017087510787,0.0017087510787,0.340561956167,0.0,0.0,0.0
2014-04-06 02:19:00,0.318304241452,0,0.00295349880684,8.72315922607e-06,8.72315922607e-06,0.321257740259,0.0,0.0,0.0
2014-04-06 02:24:00,0.318653755217,0,0.00577432629544,3.3342763345e-05,3.3342763345e-05,0.324428081512,0.0,0.0,0.0
2014-04-06 02:29:00,0.317255700158,0,0.00782606549339,6.12472140347e-05,6.12472140347e-05,0.325081765652,0.0,0.0,0.0
2014-04-06 02:34:00,0.315405333169,0,0.0118683336898,0.000140857198858,0.000140857198858,0.327273666859,0.0,0.0,0.0
2014-04-06 02:39:00,0.347766195851,0,0.0292968502815,0.000858305138536,0.000858305138536,0.31846934557,0.0,0.0,0.0
2014-04-06 02:44:00,0.282818314521,0,0.0522267847372,0.00272763683461,0.00272763683461,0.335045099258,0.0,0.0,0.0
2014-04-06 02:49:00,0.340015214129,0,0.0302851015759,0.00091718666954,0.00091718666954,0.309730112553,0.0,0.0,0.0
2014-04-06 02:54:00,0.328748535126,0,0.00226335623892,5.12283077114e-06,5.12283077114e-06,0.331011891365,0.0,0.0,0.0
2014-04-06 02:59:00,0.332284792039,0,0.00907982763997,8.24430244393e-05,8.24430244393e-05,0.323204964399,0.0,0.0,0.0
2014-04-06 03:04:00,0.331565204877,0,0.00647154809841,4.18808886025e-05,4.18808886025e-05,0.325093656778,0.0,0.0,0.0
2014-04-06 03:09:00,0.366269865746,0,0.0437213272992,0.00191155367065,0.00191155367065,0.322548538446,0.0,0.0,0.0
2014-04-06 03:14:00,0.312259709287,0,0.0240283852338,0.000577363534831,0.000577363534831,0.336288094521,0.0,0.0,0.0
2014-04-06 03:19:00,0.350623984868,0,0.0307462709494,0.000945333798882,0.000945333798882,0.319877713919,0.0,0.0,0.0
2014-04-06 03:24:00,0.306585250519,0,0.0280281024949,0.000785574433394,0.000785574433394,0.334613353014,0.0,0.0,0.0
2014-04-06 03:29:00,0.319990131376,0,0.000568118574353,3.22762247151e-07,3.22762247151e-07,0.32055824995,0.0,0.0,0.0
2014-04-06 03:34:00,0.341104874689,0,0.0167966283149,0.000282126391539,0.000282126391539,0.324308246374,0.0,0.0,0.0
2014-04-06 03:39:00,0.352926663788,0,0.0205864829144,0.000423803605372,0.000423803605372,0.332340180874,0.0,0.0,0.0
2014-04-06 03:44:00,0.317091223093,0,0.0215323006196,0.000463639822556,0.000463639822556,0.338623523712,0.0,0.0,0.0
2014-04-06 03:49:00,0.299409938527,0,0.0306980782027,0.000942372775171,0.000942372775171,0.330108016729,0.0,0.0,0.0
2014-04-06 03:54:00,0.350870700467,0,0.0341655331732,0.00116728350986,0.00116728350986,0.316705167294,0.0,0.0,0.0
2014-04-06 03:59:00,0.358806718888,0,0.0151586130284,0.000229783865507,0.000229783865507,0.34364810586,0.0,0.0,0.0
2014-04-06 04:04:00,0.322354489196,0,0.018130338561,0.000328708934831,0.000328708934831,0.340484827757,0.0,0.0,0.0
2014-04-06 04:09:00,0.335183700323,0,0.000930001735369,8.64920991717e-07,8.64920991717e-07,0.334253698587,0.0,0.0,0.0
2014-04-06 04:14:00,0.338802195769,0,0.00676808474588,4.58068752778e-05,4.58068752778e-05,0.332034111023,0.0,0.0,0.0
2014-04-06 04:19:00,0.294989617385,0,0.0458960814101,0.0021064504981,0.0021064504981,0.340885698795,0.0,0.0,0.0
2014-04-06 04:24:00,0.316865067127,0,0.000654567834879,4.28472617386e-07,4.28472617386e-07,0.317519634962,0.0,0.0,0.0
2014-04-06 04:29:00,0.336396718683,0,0.00654127663542,4.2788367864e-05,4.2788367864e-05,0.329855442047,0.0,0.0,0.0
2014-04-06 04:34:00,0.308641213841,0,0.0206900053556,0.000428075843956,0.000428075843956,0.329331219196,0.0,0.0,0.0
2014-04-06 04:39:00,0.304056415634,0,0.0222642623621,0.000495697779115,0.000495697779115,0.326320677996,0.0,0.0,0.0
2014-04-06 04:44:00,0.338082608606,0,0.0256435543555,0.000657592026982,0.000657592026982,0.312439054251,0.0,0.0,0.0
2014-04-06 04:49:00,0.29642879171,0,0.0367908556972,0.00135356653482,0.00135356653482,0.333219647408,0.0,0.0,0.0
2014-04-06 04:54:00,0.334217397562,0,0.0214951914459,0.000462043331936,0.000462043331936,0.312722206116,0.0,0.0,0.0
2014-04-06 04:59:00,0.345319599498,0,0.0204598015438,0.000418603449361,0.000418603449361,0.324859797955,0.0,0.0,0.0
2014-04-06 05:04:00,0.32046300294,0,0.00272124884525,7.40520181353e-06,7.40520181353e-06,0.323184251785,0.0,0.0,0.0
2014-04-06 05:09:00,0.37959250807,0,0.0578937232415,0.00335168326274,0.00335168326274,0.321698784828,0.0,0.0,0.0
2014-04-06 05:14:00,0.302247167911,0,0.0365001546488,0.00133226136677,0.00133226136677,0.338747322559,0.0,0.0,0.0
2014-04-06 05:19:00,0.336622874648,0,0.0246711181706,0.000608663540334,0.000608663540334,0.311951756477,0.0,0.0,0.0
2014-04-06 05:24:00,0.299636094492,0,0.0317595017737,0.00100866588764,0.00100866588764,0.331395596266,0.0,0.0,0.0
2014-04-06 05:29:00,0.319496700179,0,0.0124874502533,0.000155936184456,0.000155936184456,0.307009249926,0.0,0.0,0.0
2014-04-06 05:34:00,0.320360204774,0,0.00214330236335,4.59370767203e-06,4.59370767203e-06,0.322503507137,0.0,0.0,0.0
2014-04-06 05:39:00,0.344826168301,0,0.0253888731027,0.000644594547339,0.000644594547339,0.319437295198,0.0,0.0,0.0
2014-04-06 05:44:00,0.314685746006,0,0.0149420062978,0.0002232639672,0.0002232639672,0.329627752304,0.0,0.0,0.0
2014-04-06 05:49:00,0.303234030305,0,0.0164781615152,0.000271529454039,0.000271529454039,0.31971219182,0.0,0.0,0.0
2014-04-06 05:54:00,0.34846522338,0,0.030875761577,0.000953313312493,0.000953313312493,0.317589461803,0.0,0.0,0.0
2014-04-06 05:59:00,0.329879314953,0,0.00529324883825,2.80184958683e-05,2.80184958683e-05,0.335172563791,0.0,0.0,0.0
2014-04-06 06:04:00,0.319270544213,0,0.0055264602478,3.05416870106e-05,3.05416870106e-05,0.324797004461,0.0,0.0,0.0
2014-04-06 06:09:00,0.368695902465,0,0.0464947100861,0.00216175918467,0.00216175918467,0.322201192379,0.0,0.0,0.0
2014-04-06 06:14:00,0.345566315097,0,0.00319717590245,1.02218536995e-05,1.02218536995e-05,0.342369139194,0.0,0.0,0.0
2014-04-06 06:19:00,0.323361911224,0,0.0147875171441,0.000218670887989,0.000218670887989,0.338149428368,0.0,0.0,0.0
2014-04-06 06:24:00,0.30358354407,0,0.023463446325,0.000550533877686,0.000550533877686,0.327046990395,0.0,0.0,0.0
2014-04-06 06:29:00,0.330598902116,0,0.00660936177707,4.36835143773e-05,4.36835143773e-05,0.323989540339,0.0,0.0,0.0
2014-04-06 06:34:00,0.32698040667,0,0.00667572555168,4.45652403869e-05,4.45652403869e-05,0.333656132221,0.0,0.0,0.0
2014-04-06 06:39:00,0.322642324061,0,0.00929880371616,8.64677058416e-05,8.64677058416e-05,0.331941127777,0.0,0.0,0.0
2014-04-06 06:44:00,0.343654269208,0,0.0148002447976,0.000219047418796,0.000219047418796,0.32885402441,0.0,0.0,0.0
2014-04-06 06:49:00,0.316597791895,0,0.026528624311,0.00070376804797,0.00070376804797,0.343126416206,0.0,0.0,0.0
2014-04-06 06:54:00,0.376220728222,0,0.0506537509597,0.00256580300629,0.00256580300629,0.325566977262,0.0,0.0,0.0
2014-04-06 06:59:00,0.305125516561,0,0.0502989173858,0.0025299822446,0.0025299822446,0.355424433947,0.0,0.0,0.0
2014-04-06 07:04:00,0.302699479841,0,0.0185625817546,0.000344569562003,0.000344569562003,0.321262061596,0.0,0.0,0.0
2014-04-06 07:09:00,0.333723966364,0,0.00610614228683,3.72849244741e-05,3.72849244741e-05,0.327617824078,0.0,0.0,0.0
2014-04-06 07:14:00,0.361500030839,0,0.0352838695884,0.00124495103955,0.00124495103955,0.326216161251,0.0,0.0,0.0
2014-04-06 07:19:00,0.312012993688,0,0.0329279965214,0.00108425249346,0.00108425249346,0.34494099021,0.0,0.0,0.0
2014-04-06 07:24:00,0.319496700179,0,0.00303556619953,9.21471655602e-06,9.21471655602e-06,0.322532266378,0.0,0.0,0.0
2014-04-06 07:29:00,0.319866773577,0,0.00611871769903,3.74386727344e-05,3.74386727344e-05,0.325985491276,0.0,0.0,0.0
2014-04-06 07:34:00,0.339912415962,0,0.0150659992507,0.000226984295296,0.000226984295296,0.324846416712,0.0,0.0,0.0
2014-04-06 07:39:00,0.312876498283,0,0.0212780181752,0.000452754291473,0.000452754291473,0.334154516459,0.0,0.0,0.0
2014-04-06 07:44:00,0.351837003228,0,0.0312239468066,0.000974935246632,0.000974935246632,0.320613056421,0.0,0.0,0.0
2014-04-06 07:49:00,0.326959847036,0,0.0101234032479,0.000102483267256,0.000102483267256,0.337083250284,0.0,0.0,0.0
2014-04-06 07:54:00,0.34628590226,0,0.0182160067536,0.000331823161105,0.000331823161105,0.328069895506,0.0,0.0,0.0
2014-04-06 07:59:00,0.338329324205,0,0.00621942587608,3.86811443605e-05,3.86811443605e-05,0.332109898329,0.0,0.0,0.0
2014-04-06 08:04:00,0.324081498386,0,0.00542242526849,2.94025667245e-05,2.94025667245e-05,0.329503923655,0.0,0.0,0.0
2014-04-06 08:09:00,0.336150003084,0,0.00994588197112,9.89203181234e-05,9.89203181234e-05,0.326204121113,0.0,0.0,0.0
2014-04-06 08:14:00,0.33567713152,0,0.0013510728938,1.82535904969e-06,1.82535904969e-06,0.334326058626,0.0,0.0,0.0
2014-04-06 08:19:00,0.30767491108,0,0.0205164586924,0.000420924945502,0.000420924945502,0.328191369772,0.0,0.0,0.0
2014-04-06 08:24:00,0.339295626966,0,0.014988870708,0.000224666204304,0.000224666204304,0.324306756258,0.0,0.0,0.0
2014-04-06 08:29:00,0.302843397274,0,0.029975349293,0.000898521859199,0.000898521859199,0.332818746567,0.0,0.0,0.0
2014-04-06 08:34:00,0.348218507782,0,0.0263539326342,0.000694529386237,0.000694529386237,0.321864575148,0.0,0.0,0.0
2014-04-06 08:39:00,0.291843993503,0,0.0424732138333,0.00180397497024,0.00180397497024,0.334317207336,0.0,0.0,0.0
2014-04-06 08:44:00,0.337034067312,0,0.0235733298454,0.000555702310521,0.000555702310521,0.313460737467,0.0,0.0,0.0
2014-04-06 08:49:00,0.348691379346,0,0.0191001348866,0.000364814943168,0.000364814943168,0.329591244459,0.0,0.0,0.0
2014-04-06 08:54:00,0.343633709575,0,0.00573065700619,3.28404494212e-05,3.28404494212e-05,0.337903052568,0.0,0.0,0.0
2014-04-06 08:59:00,0.317440736857,0,0.0144443029491,0.000208637560718,0.000208637560718,0.331885039806,0.0,0.0,0.0
2014-04-06 09:04:00,0.344312177471,0,0.0190391703163,0.000362490507541,0.000362490507541,0.325273007154,0.0,0.0,0.0
2014-04-06 09:09:00,0.346964370156,0,0.0151987780574,0.000231002530199,0.000231002530199,0.331765592098,0.0,0.0,0.0
2014-04-06 09:14:00,0.324677727749,0,0.016614444921,0.000276039529126,0.000276039529126,0.34129217267,0.0,0.0,0.0
2014-04-06 09:19:00,0.34622422336,0,0.0220851051653,0.000487751647597,0.000487751647597,0.324139118195,0.0,0.0,0.0
2014-04-06 09:24:00,0.310327103764,0,0.0284024566107,0.000806699041277,0.000806699041277,0.338729560375,0.0,0.0,0.0
2014-04-06 09:29:00,0.309607516602,0,0.0143984448162,0.000207315519219,0.000207315519219,0.324005961418,0.0,0.0,0.0
2014-04-06 09:34:00,0.323608626822,0,0.0054516594614,2.97204805975e-05,2.97204805975e-05,0.329060286283,0.0,0.0,0.0
2014-04-06 09:39:00,0.327597195666,0,0.00541957692404,2.93718712783e-05,2.93718712783e-05,0.322177618742,0.0,0.0,0.0
2014-04-06 09:44:00,0.340035773762,0,0.00596509123616,3.55822267011e-05,3.55822267011e-05,0.334070682526,0.0,0.0,0.0
2014-04-06 09:49:00,0.355208783075,0,0.0234401213379,0.00054943934083,0.00054943934083,0.331768661737,0.0,0.0,0.0
2014-04-06 09:54:00,0.318777113016,0,0.023522765581,0.000553320453037,0.000553320453037,0.342299878597,0.0,0.0,0.0
2014-04-06 09:59:00,0.324698287383,0,0.00158230648952,2.50365656029e-06,2.50365656029e-06,0.326280593872,0.0,0.0,0.0
2014-04-06 10:04:00,0.361972902403,0,0.0307285529237,0.000944243685808,0.000944243685808,0.33124434948,0.0,0.0,0.0
2014-04-06 10:09:00,0.348855856412,0,0.008235726111,6.78271317156e-05,6.78271317156e-05,0.340620130301,0.0,0.0,0.0
2014-04-06 10:14:00,0.323115195625,0,0.0199476224255,0.000397907482693,0.000397907482693,0.34306281805,0.0,0.0,0.0
2014-04-06 10:19:00,0.338329324205,0,0.0108059436869,0.000116768227599,0.000116768227599,0.327523380518,0.0,0.0,0.0
2014-04-06 10:24:00,0.296058718312,0,0.0406016072147,0.00164849078283,0.00164849078283,0.336660325527,0.0,0.0,0.0
2014-04-06 10:29:00,0.318304241452,0,0.00180560275543,3.26020403918e-06,3.26020403918e-06,0.320109844208,0.0,0.0,0.0
2014-04-06 10:34:00,0.3158576451,0,0.0142127909012,0.000202003313461,0.000202003313461,0.330070436001,0.0,0.0,0.0
2014-04-06 10:39:00,0.330126030552,0,0.0073682499997,5.42909147043e-05,5.42909147043e-05,0.322757780552,0.0,0.0,0.0
2014-04-06 10:44:00,0.332963259935,0,0.000393779993121,1.55061187002e-07,1.55061187002e-07,0.332569479942,0.0,0.0,0.0
2014-04-06 10:49:00,0.361500030839,0,0.0316911698222,0.00100432988256,0.00100432988256,0.329808861017,0.0,0.0,0.0
2014-04-06 10:54:00,0.287649828327,0,0.0532719610807,0.002837900538,0.002837900538,0.340921789408,0.0,0.0,0.0
2014-04-06 10:59:00,0.345299039865,0,0.0324817941433,0.00105506670661,0.00105506670661,0.312817245722,0.0,0.0,0.0
2014-04-06 11:04:00,0.331092333313,0,0.0019573812525,3.83136284654e-06,3.83136284654e-06,0.333049714565,0.0,0.0,0.0
2014-04-06 11:09:00,0.349431526142,0,0.0231413061194,0.000535519502591,0.000535519502591,0.326290220022,0.0,0.0,0.0
2014-04-06 11:14:00,0.331688562676,0,0.00197835798588,3.91393814425e-06,3.91393814425e-06,0.333666920662,0.0,0.0,0.0
2014-04-06 11:19:00,0.325047801147,0,0.000128408064122,1.64912350442e-08,1.64912350442e-08,0.325176209211,0.0,0.0,0.0
2014-04-06 11:24:00,0.298196920167,0,0.0270125484362,0.000729678198695,0.000729678198695,0.325209468603,0.0,0.0,0.0
2014-04-06 11:29:00,0.319023828615,0,0.00100026618356,1.00051079244e-06,1.00051079244e-06,0.318023562431,0.0,0.0,0.0
2014-04-06 11:34:00,0.347971792183,0,0.028039212189,0.000786197662819,0.000786197662819,0.319932579994,0.0,0.0,0.0
2014-04-06 11:39:00,0.309360801003,0,0.0276424896499,0.000764107157011,0.000764107157011,0.337003290653,0.0,0.0,0.0
2014-04-06 11:44:00,0.336396718683,0,0.0192948228734,0.00037229040754,0.00037229040754,0.317101895809,0.0,0.0,0.0
2014-04-06 11:49:00,0.350623984868,0,0.0196899371691,0.000387694017263,0.000387694017263,0.330934047699,0.0,0.0,0.0
2014-04-06 11:54:00,0.303336828471,0,0.0278335516445,0.00077470659744,0.00077470659744,0.331170380116,0.0,0.0,0.0
2014-04-06 11:59:00,0.317810810255,0,0.00316383774366,1.00099114206e-05,1.00099114206e-05,0.320974647999,0.0,0.0,0.0
2014-04-06 12:04:00,0.32046300294,0,0.00128710391125,1.65663334428e-06,1.65663334428e-06,0.319175899029,0.0,0.0,0.0
2014-04-06 12:09:00,0.333929562697,0,0.0104044915525,0.000108253567305,0.000108253567305,0.323525071144,0.0,0.0,0.0
2014-04-06 12:14:00,0.316597791895,0,0.00649690391111,4.22097909905e-05,4.22097909905e-05,0.323094695807,0.0,0.0,0.0
2014-04-06 12:19:00,0.335964966385,0,0.0159797554895,0.000255352933891,0.000255352933891,0.319985210896,0.0,0.0,0.0
2014-04-06 12:24:00,0.337116305845,0,0.00984678150924,9.69590109889e-05,9.69590109889e-05,0.327269524336,0.0,0.0,0.0
2014-04-06 12:29:00,0.280412837435,0,0.0536449704874,0.00287778442726,0.00287778442726,0.334057807922,0.0,0.0,0.0
2014-04-06 12:34:00,0.319023828615,0,0.0144917775285,0.000210011305171,0.000210011305171,0.304532051086,0.0,0.0,0.0
2014-04-06 12:39:00,0.317214580892,0,0.00564408052132,3.1855674024e-05,3.1855674024e-05,0.322858661413,0.0,0.0,0.0
2014-04-06 12:44:00,0.348691379346,0,0.0330185943021,0.00109022727702,0.00109022727702,0.315672785044,0.0,0.0,0.0
2014-04-06 12:49:00,0.314192314809,0,0.0195683341567,0.000382919301046,0.000382919301046,0.333760648966,0.0,0.0,0.0
2014-04-06 12:54:00,0.355455498674,0,0.0432289051795,0.00186873727944,0.00186873727944,0.312226593494,0.0,0.0,0.0
2014-04-06 12:59:00,0.310100947799,0,0.02674111229,0.000715087342542,0.000715087342542,0.336842060089,0.0,0.0,0.0
2014-04-06 13:04:00,0.304549846831,0,0.0123085938069,0.000151501575601,0.000151501575601,0.316858440638,0.0,0.0,0.0
2014-04-06 13:09:00,0.361931783137,0,0.0455390633914,0.00207380508073,0.00207380508073,0.316392719746,0.0,0.0,0.0
2014-04-06 13:14:00,0.292707498098,0,0.0430388796083,0.00185234472156,0.00185234472156,0.335746377707,0.0,0.0,0.0
2014-04-06 13:19:00,0.315878204733,0,0.00368704619973,1.35943664645e-05,1.35943664645e-05,0.312191158533,0.0,0.0,0.0
2014-04-06 13:24:00,0.316844507494,0,0.00360573884009,1.30014559545e-05,1.30014559545e-05,0.320450246334,0.0,0.0,0.0
2014-04-06 13:29:00,0.340488085693,0,0.0255766009742,0.000654162024148,0.000654162024148,0.314911484718,0.0,0.0,0.0
2014-04-06 13:34:00,0.34098151689,0,0.00697067742746,4.85902928631e-05,4.85902928631e-05,0.334010839462,0.0,0.0,0.0
2014-04-06 13:39:00,0.335903287485,0,0.00920653398346,8.47602568683e-05,8.47602568683e-05,0.326696753502,0.0,0.0,0.0
2014-04-06 13:44:00,0.3216760213,0,0.00840621642071,7.06645660102e-05,7.06645660102e-05,0.33008223772,0.0,0.0,0.0
2014-04-06 13:49:00,0.315508131335,0,0.0135776955388,0.000184353921213,0.000184353921213,0.329085826874,0.0,0.0,0.0
2014-04-06 13:54:00,0.33567713152,0,0.0125338877303,0.000157097980264,0.000157097980264,0.32314324379,0.0,0.0,0.0
2014-04-06 13:59:00,0.354304159214,0,0.0258206074732,0.000666704028845,0.000666704028845,0.328483551741,0.0,0.0,0.0
2014-04-06 14:04:00,0.28306503012,0,0.0580892472048,0.00337436166592,0.00337436166592,0.341154277325,0.0,0.0,0.0
2014-04-06 14:09:00,0.334834186558,0,0.024775950436,0.000613847805653,0.000613847805653,0.310058236122,0.0,0.0,0.0
2014-04-06 14:14:00,0.331565204877,0,0.00250101448902,6.25505526841e-06,6.25505526841e-06,0.329064190388,0.0,0.0,0.0
2014-04-06 14:19:00,0.305516149592,0,0.0225503782516,0.000508519355208,0.000508519355208,0.328066527843,0.0,0.0,0.0
2014-04-06 14:24:00,0.342914122412,0,0.0175613046382,0.00030839984538,0.00030839984538,0.325352817774,0.0,0.0,0.0
2014-04-06 14:29:00,0.364871810687,0,0.0307869422558,0.000947835156694,0.000947835156694,0.334084868431,0.0,0.0,0.0
2014-04-06 14:34:00,0.298114681634,0,0.0464698131951,0.00215944298543,0.00215944298543,0.344584494829,0.0,0.0,0.0
2014-04-06 14:39:00,0.319270544213,0,0.00287056668357,8.24011294753e-06,8.24011294753e-06,0.322141110897,0.0,0.0,0.0
2014-04-06 14:44:00,0.317913608421,0,0.00464241040812,2.15518521145e-05,2.15518521145e-05,0.322556018829,0.0,0.0,0.0
2014-04-06 14:49:00,0.342420691215,0,0.0204485892881,0.000418145034928,0.000418145034928,0.321972101927,0.0,0.0,0.0
2014-04-06 14:54:00,0.321285388269,0,0.012758025132,0.000162766984431,0.000162766984431,0.334043413401,0.0,0.0,0.0
2014-04-06 14:59:00,0.304056415634,0,0.0182754897314,0.000333993870299,0.000333993870299,0.322331905365,0.0,0.0,0.0
2014-04-06 15:04:00,0.337609737042,0,0.0218825031556,0.000478843983728,0.000478843983728,0.315727233887,0.0,0.0,0.0
2014-04-06 15:09:00,0.311087810193,0,0.0236928828607,0.000561352353543,0.000561352353543,0.334780693054,0.0,0.0,0.0
2014-04-06 15:14:00,0.319496700179,0,0.00420770944286,1.77047440957e-05,1.77047440957e-05,0.315288990736,0.0,0.0,0.0
2014-04-06 15:19:00,0.31637163593,0,0.00877021120362,7.69163671066e-05,7.69163671066e-05,0.325141847134,0.0,0.0,0.0
2014-04-06 15:24:00,0.344353296737,0,0.0277392649455,0.000769466336351,0.000769466336351,0.316614031792,0.0,0.0,0.0
2014-04-06 15:29:00,0.318304241452,0,0.0134910039567,0.000182007206604,0.000182007206604,0.331795245409,0.0,0.0,0.0
2014-04-06 15:34:00,0.350623984868,0,0.035752822692,0.00127826503012,0.00127826503012,0.314871162176,0.0,0.0,0.0
2014-04-06 15:39:00,0.318777113016,0,0.0135832738321,0.000184505290235,0.000184505290235,0.332360386848,0.0,0.0,0.0
2014-04-06 15:44:00,0.293673800859,0,0.0253822332287,0.000644257117528,0.000644257117528,0.319056034088,0.0,0.0,0.0
2014-04-06 15:49:00,0.316001562532,0,0.00329875772828,1.08818139779e-05,1.08818139779e-05,0.312702804804,0.0,0.0,0.0
2014-04-06 15:54:00,0.347971792183,0,0.0328096699336,0.0010764747858,0.0010764747858,0.31516212225,0.0,0.0,0.0
2014-04-06 15:59:00,0.333333333333,0,0.00124981005987,1.56204998802e-06,1.56204998802e-06,0.332083523273,0.0,0.0,0.0
2014-04-06 16:04:00,0.340837599457,0,0.0173387543568,0.000300632353174,0.000300632353174,0.3234988451,0.0,0.0,0.0
2014-04-06 16:09:00,0.313945599211,0,0.0156323236105,0.000244369788561,0.000244369788561,0.329577922821,0.0,0.0,0.0
2014-04-06 16:14:00,0.331318489278,0,0.00782095547993,6.11674768152e-05,6.11674768152e-05,0.323497533798,0.0,0.0,0.0
2014-04-06 16:19:00,0.300664076153,0,0.0276586026515,0.00076499878196,0.00076499878196,0.328322678804,0.0,0.0,0.0
2014-04-06 16:24:00,0.31515861757,0,0.00127754814849,1.63209858783e-06,1.63209858783e-06,0.313881069422,0.0,0.0,0.0
2014-04-06 16:29:00,0.346779333457,0,0.023696171149,0.000561509164982,0.000561509164982,0.323083162308,0.0,0.0,0.0
2014-04-06 16:34:00,0.308106663377,0,0.0237231825282,0.000562789500691,0.000562789500691,0.331829845905,0.0,0.0,0.0
2014-04-06 16:39:00,0.29706614034,0,0.0169352112549,0.00028680099058,0.00028680099058,0.314001351595,0.0,0.0,0.0
2014-04-06 16:44:00,0.318304241452,0,0.00200554803383,4.02221985496e-06,4.02221985496e-06,0.316298693419,0.0,0.0,0.0
2014-04-06 16:49:00,0.316124920331,0,0.00350519589287,1.22864285004e-05,1.22864285004e-05,0.319630116224,0.0,0.0,0.0
2014-04-06 16:54:00,0.34628590226,0,0.0251473712899,0.000632390670944,0.000632390670944,0.32113853097,0.0,0.0,0.0
2014-04-06 16:59:00,0.305516149592,0,0.0217373708968,0.000472513114801,0.000472513114801,0.327253520489,0.0,0.0,0.0
2014-04-06 17:04:00,0.319866773577,0,0.00304466197016,9.26998382056e-06,9.26998382056e-06,0.316822111607,0.0,0.0,0.0
2014-04-06 17:09:00,0.354735911511,0,0.034467012309,0.00118797493633,0.00118797493633,0.320268899202,0.0,0.0,0.0
2014-04-06 17:14:00,0.299471617426,0,0.0316212170463,0.00099990144372,0.00099990144372,0.331092834473,0.0,0.0,0.0
2014-04-06 17:19:00,0.357963773926,0,0.04854134055,0.0023562614806,0.0023562614806,0.309422433376,0.0,0.0,0.0
2014-04-06 17:24:00,0.302617241308,0,0.035857747629,0.00128577731084,0.00128577731084,0.338474988937,0.0,0.0,0.0
2014-04-06 17:29:00,0.330845617714,0,0.0219771201041,0.00048299410264,0.00048299410264,0.30886849761,0.0,0.0,0.0
2014-04-06 17:34:00,0.307921626678,0,0.0219721113532,0.000482774048578,0.000482774048578,0.329893738031,0.0,0.0,0.0
2014-04-06 17:39:00,0.343243076544,0,0.0295366189286,0.000872411008459,0.000872411008459,0.313706457615,0.0,0.0,0.0
2014-04-06 17:44:00,0.302123810111,0,0.0316130864037,0.000999386887997,0.000999386887997,0.333736896515,0.0,0.0,0.0
2014-04-06 17:49:00,0.318304241452,0,0.00284811929237,8.11177960713e-06,8.11177960713e-06,0.31545612216,0.0,0.0,0.0
2014-04-06 17:54:00,0.335964966385,0,0.0139540022298,0.000194714491954,0.000194714491954,0.322010964155,0.0,0.0,0.0
2014-04-06 17:59:00,0.318057525854,0,0.00808252026595,6.53269526083e-05,6.53269526083e-05,0.32614004612,0.0,0.0,0.0
2014-04-06 18:04:00,0.333497810399,0,0.0126129865999,0.000159087736392,0.000159087736392,0.320884823799,0.0,0.0,0.0
2014-04-06 18:09:00,0.369374370361,0,0.0416799841174,0.00173722056206,0.00173722056206,0.327694386244,0.0,0.0,0.0
2014-04-06 18:14:00,0.271962828183,0,0.0712796084643,0.00508078373969,0.00508078373969,0.343242436647,0.0,0.0,0.0
2014-04-06 18:19:00,0.318633195584,0,0.0101988880086,0.000104017381091,0.000104017381091,0.308434307575,0.0,0.0,0.0
2014-04-06 18:24:00,0.320956434137,0,0.00131353271662,1.72538034349e-06,1.72538034349e-06,0.319642901421,0.0,0.0,0.0
2014-04-06 18:29:00,0.319023828615,0,0.00347282398825,1.20605818665e-05,1.20605818665e-05,0.322496652603,0.0,0.0,0.0
2014-04-06 18:34:00,0.342194535249,0,0.0199718255937,0.000398873497033,0.000398873497033,0.322222709656,0.0,0.0,0.0
2014-04-06 18:39:00,0.350623984868,0,0.021870453889,0.000478317204397,0.000478317204397,0.328753530979,0.0,0.0,0.0
2014-04-06 18:44:00,0.285182672341,0,0.0474750522778,0.00225387932733,0.00225387932733,0.332657724619,0.0,0.0,0.0
2014-04-06 18:49:00,0.318777113016,0,0.000739781912025,5.47278943941e-07,5.47278943941e-07,0.318037331104,0.0,0.0,0.0
2014-04-06 18:54:00,0.361520590473,0,0.0434423407797,0.00188723683823,0.00188723683823,0.318078249693,0.0,0.0,0.0
2014-04-06 18:59:00,0.290548736611,0,0.0494585089301,0.00244614365511,0.00244614365511,0.340007245541,0.0,0.0,0.0
2014-04-06 19:04:00,0.319743415777,0,0.00897499031283,8.05506133474e-05,8.05506133474e-05,0.310768425465,0.0,0.0,0.0
2014-04-06 19:09:00,0.335718250786,0,0.0128440027586,0.000164968238096,0.000164968238096,0.322874248028,0.0,0.0,0.0
2014-04-06 19:14:00,0.336643434281,0,0.0170212156723,0.000289721559966,0.000289721559966,0.319622218609,0.0,0.0,0.0
2014-04-06 19:19:00,0.309607516602,0,0.0240862261502,0.000580146792345,0.000580146792345,0.333693742752,0.0,0.0,0.0
2014-04-06 19:24:00,0.305516149592,0,0.00679532091668,4.61763338535e-05,4.61763338535e-05,0.312311470509,0.0,0.0,0.0
2014-04-06 19:29:00,0.319023828615,0,0.0019771646369,3.90922286897e-06,3.90922286897e-06,0.321000993252,0.0,0.0,0.0
2014-04-06 19:34:00,0.349904397706,0,0.0301566815171,0.00090942485258,0.00090942485258,0.319747716188,0.0,0.0,0.0
2014-04-06 19:39:00,0.323773103888,0,0.00825677520534,6.81741366861e-05,6.81741366861e-05,0.332029879093,0.0,0.0,0.0
2014-04-06 19:44:00,0.347252205021,0,0.02680893243,0.000718719675206,0.000718719675206,0.320443272591,0.0,0.0,0.0
2014-04-06 19:49:00,0.312753140484,0,0.0221505467547,0.000490646692924,0.000490646692924,0.334903687239,0.0,0.0,0.0
2014-04-06 19:54:00,0.309134645038,0,0.0083741418788,7.01264652889e-05,7.01264652889e-05,0.317508786917,0.0,0.0,0.0
2014-04-06 19:59:00,0.332778223236,0,0.0135296959481,0.000183052456123,0.000183052456123,0.319248527288,0.0,0.0,0.0
2014-04-06 20:04:00,0.304405929398,0,0.0205313545945,0.000421536591602,0.000421536591602,0.324937283993,0.0,0.0,0.0
2014-04-06 20:09:00,0.33567713152,0,0.0169528270823,0.000287397851935,0.000287397851935,0.318724304438,0.0,0.0,0.0
2014-04-06 20:14:00,0.332469828738,0,0.00438941301255,1.92668776435e-05,1.92668776435e-05,0.328080415726,0.0,0.0,0.0
2014-04-06 20:19:00,0.363658792327,0,0.0396457379563,0.00157178402878,0.00157178402878,0.324013054371,0.0,0.0,0.0
2014-04-06 20:24:00,0.297333415572,0,0.0477947630246,0.00228433893062,0.00228433893062,0.345128178596,0.0,0.0,0.0
2014-04-06 20:29:00,0.317934168054,0,0.00206239290414,4.25341249866e-06,4.25341249866e-06,0.31587177515,0.0,0.0,0.0
2014-04-06 20:34:00,0.333024938835,0,0.00757806493182,5.74272198719e-05,5.74272198719e-05,0.325446873903,0.0,0.0,0.0
2014-04-06 20:39:00,0.299862250457,0,0.0287745150226,0.000827973533887,0.000827973533887,0.32863676548,0.0,0.0,0.0
2014-04-06 20:44:00,0.321182590103,0,0.00444556412641,1.97629397007e-05,1.97629397007e-05,0.316737025976,0.0,0.0,0.0
2014-04-06 20:49:00,0.316844507494,0,0.00361473914145,1.30664429889e-05,1.30664429889e-05,0.320459246635,0.0,0.0,0.0
2014-04-06 20:54:00,0.352803305989,0,0.0298686784561,0.000892138748895,0.000892138748895,0.322934627533,0.0,0.0,0.0
2014-04-06 20:59:00,0.30115750735,0,0.0330292254189,0.0010909299599,0.0010909299599,0.334186732769,0.0,0.0,0.0
2014-04-06 21:04:00,0.319743415777,0,0.00804646915652,6.47458073217e-05,6.47458073217e-05,0.311696946621,0.0,0.0,0.0
2014-04-06 21:09:00,0.350397828903,0,0.0248757339378,0.000618801976088,0.000618801976088,0.325522094965,0.0,0.0,0.0
2014-04-06 21:14:00,0.306708608318,0,0.0289322691668,0.000837076455355,0.000837076455355,0.335640877485,0.0,0.0,0.0
2014-04-06 21:19:00,0.343386993976,0,0.0271547895388,0.000737383321393,0.000737383321393,0.316232204437,0.0,0.0,0.0
2014-04-06 21:24:00,0.310820534962,0,0.0180019585915,0.000324069987983,0.000324069987983,0.328822493553,0.0,0.0,0.0
2014-04-06 21:29:00,0.31106725056,0,0.00632563512472,4.00136232201e-05,4.00136232201e-05,0.317392885685,0.0,0.0,0.0
2014-04-06 21:34:00,0.335060342523,0,0.0161602937907,0.000261154636974,0.000261154636974,0.318900048733,0.0,0.0,0.0
2014-04-06 21:39:00,0.364727893254,0,0.0428201643439,0.00183356576599,0.00183356576599,0.32190772891,0.0,0.0,0.0
2014-04-06 21:44:00,0.309360801003,0,0.0293177974006,0.000859533203766,0.000859533203766,0.338678598404,0.0,0.0,0.0
2014-04-06 21:49:00,0.318879911182,0,0.00438763809397,1.92514453374e-05,1.92514453374e-05,0.323267549276,0.0,0.0,0.0
2014-04-06 21:54:00,0.356668517034,0,0.032918855588,0.00108365202323,0.00108365202323,0.323749661446,0.0,0.0,0.0
2014-04-06 21:59:00,0.325047801147,0,0.0152133899825,0.000231447542319,0.000231447542319,0.34026119113,0.0,0.0,0.0
2014-04-06 22:04:00,0.293447644894,0,0.0355558083607,0.00126421556342,0.00126421556342,0.329003453255,0.0,0.0,0.0
2014-04-06 22:09:00,0.336396718683,0,0.0221971220391,0.00049271248281,0.00049271248281,0.314199596643,0.0,0.0,0.0
2014-04-06 22:14:00,0.320586360739,0,0.00800760860577,6.41219085082e-05,6.41219085082e-05,0.328593969345,0.0,0.0,0.0
2014-04-06 22:19:00,0.329468122289,0,0.00278236584377,7.74160889705e-06,7.74160889705e-06,0.326685756445,0.0,0.0,0.0
2014-04-06 22:24:00,0.323115195625,0,0.0026418906521,6.97956420481e-06,6.97956420481e-06,0.325757086277,0.0,0.0,0.0
2014-04-06 22:29:00,0.299019305496,0,0.027278901549,0.00074413837865,0.00074413837865,0.326298207045,0.0,0.0,0.0
2014-04-06 22:34:00,0.318057525854,0,0.00407777359046,1.66281461134e-05,1.66281461134e-05,0.322135299444,0.0,0.0,0.0
2014-04-06 22:39:00,0.31637163593,0,0.0060534910994,3.66445892723e-05,3.66445892723e-05,0.322425127029,0.0,0.0,0.0
2014-04-06 22:44:00,0.343674828841,0,0.0272489987152,0.000742508447729,0.000742508447729,0.316425830126,0.0,0.0,0.0
2014-04-06 22:49:00,0.290055305413,0,0.0424151116094,0.00179904175457,0.00179904175457,0.332470417023,0.0,0.0,0.0
2014-04-06 22:54:00,0.347581159152,0,0.0402263512984,0.00161815842148,0.00161815842148,0.307354807854,0.0,0.0,0.0
2014-04-06 22:59:00,0.324389892884,0,0.00406740301031,1.65436704265e-05,1.65436704265e-05,0.328457295895,0.0,0.0,0.0
2014-04-06 23:04:00,0.299553855959,0,0.0173982235753,0.000302698696032,0.000302698696032,0.316952079535,0.0,0.0,0.0
2014-04-06 23:09:00,0.333744525998,0,0.0182447434354,0.00033287066617,0.00033287066617,0.315499782562,0.0,0.0,0.0
2014-04-06 23:14:00,0.318777113016,0,0.0016078066271,2.58503860096e-06,2.58503860096e-06,0.320384919643,0.0,0.0,0.0
2014-04-06 23:19:00,0.319023828615,0,0.000918429006285,8.43491932301e-07,8.43491932301e-07,0.318105399609,0.0,0.0,0.0
2014-04-06 23:24:00,0.31637163593,0,0.00102208421998,1.04462844774e-06,1.04462844774e-06,0.31739372015,0.0,0.0,0.0
2014-04-06 23:29:00,0.35313226012,0,0.0399003150826,0.00159203412477,0.00159203412477,0.313231945038,0.0,0.0,0.0
2014-04-06 23:34:00,0.317564094657,0,0.013907378322,0.000193415020476,0.000193415020476,0.331471472979,0.0,0.0,0.0
2014-04-06 23:39:00,0.297539011904,0,0.0218410628354,0.000477031426271,0.000477031426271,0.319380074739,0.0,0.0,0.0
2014-04-06 23:44:00,0.321182590103,0,0.0116594844813,0.000135943308123,0.000135943308123,0.309523105621,0.0,0.0,0.0
2014-04-06 23:49:00,0.317091223093,0,0.000150773434138,2.2731576621e-08,2.2731576621e-08,0.317241996527,0.0,0.0,0.0
2014-04-06 23:54:00,0.334032360863,0,0.0130499642601,0.000170301456819,0.000170301456819,0.320982396603,0.0,0.0,0.0
2014-04-06 23:59:00,0.347252205021,0,0.0236049443548,0.000557194114663,0.000557194114663,0.323647260666,0.0,0.0,0.0
2014-04-07 00:04:00,0.337363021444,0,0.00945918447814,8.94764161785e-05,8.94764161785e-05,0.327903836966,0.0,0.0,0.0
2014-04-07 00:09:00,0.32698040667,0,0.00252688464744,6.38511892248e-06,6.38511892248e-06,0.329507291317,0.0,0.0,0.0
2014-04-07 00:14:00,0.30646189272,0,0.0219575542254,0.000482133851619,0.000482133851619,0.328419446945,0.0,0.0,0.0
2014-04-07 00:19:00,0.36962108596,0,0.0506399749102,0.00256440835074,0.00256440835074,0.31898111105,0.0,0.0,0.0
2014-04-07 00:24:00,0.289829149448,0,0.0566308651337,0.00320705655031,0.00320705655031,0.346460014582,0.0,0.0,0.0
2014-04-07 00:29:00,0.317091223093,0,0.0025831426101,6.67264384902e-06,6.67264384902e-06,0.314508080482,0.0,0.0,0.0
2014-04-07 00:34:00,0.333991241596,0,0.00695334090999,4.8348782002e-05,4.8348782002e-05,0.327037900686,0.0,0.0,0.0
2014-04-07 00:39:00,0.337363021444,0,0.00882102734885,7.78107569204e-05,7.78107569204e-05,0.328541994095,0.0,0.0,0.0
2014-04-07 00:44:00,0.310573819363,0,0.0253674357296,0.000643506937195,0.000643506937195,0.335941255093,0.0,0.0,0.0
2014-04-07 00:49:00,0.315652048767,0,0.00678255540049,4.60031405964e-05,4.60031405964e-05,0.322434604168,0.0,0.0,0.0
2014-04-07 00:54:00,0.333127737001,0,0.00691309566855,4.7790890676e-05,4.7790890676e-05,0.326214641333,0.0,0.0,0.0
2014-04-07 00:59:00,0.320709718539,0,0.0149364041554,0.000223096561967,0.000223096561967,0.335646122694,0.0,0.0,0.0
2014-04-07 01:04:00,0.363185920763,0,0.0400712275983,0.00160570256412,0.00160570256412,0.323114693165,0.0,0.0,0.0
2014-04-07 01:09:00,0.290569296244,0,0.052216598627,0.00272657210007,0.00272657210007,0.342785894871,0.0,0.0,0.0
2014-04-07 01:14:00,0.320709718539,0,0.00613806970249,3.76757379854e-05,3.76757379854e-05,0.314571648836,0.0,0.0,0.0
2014-04-07 01:19:00,0.354489195913,0,0.0286711340841,0.000822034606244,0.000822034606244,0.325818061829,0.0,0.0,0.0
2014-04-07 01:24:00,0.305742305557,0,0.0234220802383,0.000548594398424,0.000548594398424,0.329164385796,0.0,0.0,0.0
2014-04-07 01:29:00,0.316844507494,0,0.0073453342533,5.39541470062e-05,5.39541470062e-05,0.324189841747,0.0,0.0,0.0
2014-04-07 01:34:00,0.339521782931,0,0.0180311673251,0.000325123459334,0.000325123459334,0.321490615606,0.0,0.0,0.0
2014-04-07 01:39:00,0.302843397274,0,0.025575274811,0.000654094968922,0.000654094968922,0.328418672085,0.0,0.0,0.0
2014-04-07 01:44:00,0.321922736898,0,0.00352759911151,1.24440430227e-05,1.24440430227e-05,0.318395137787,0.0,0.0,0.0
2014-04-07 01:49:00,0.317810810255,0,0.00478907759276,2.29353281611e-05,2.29353281611e-05,0.322599887848,0.0,0.0,0.0
2014-04-07 01:54:00,0.337280782911,0,0.0209363131251,0.000438329094322,0.000438329094322,0.316344469786,0.0,0.0,0.0
2014-04-07 01:59:00,0.337075186579,0,0.00829098900978,6.87402862241e-05,6.87402862241e-05,0.328784197569,0.0,0.0,0.0
2014-04-07 02:04:00,0.323115195625,0,0.000938053720079,8.79952608557e-07,8.79952608557e-07,0.322177141905,0.0,0.0,0.0
2014-04-07 02:09:00,0.313945599211,0,0.0076097172377,5.79079132876e-05,5.79079132876e-05,0.321555316448,0.0,0.0,0.0
2014-04-07 02:14:00,0.316536112996,0,0.00305782320917,9.35037041927e-06,9.35037041927e-06,0.319593936205,0.0,0.0,0.0
2014-04-07 02:19:00,0.317687452456,0,0.00158876119009,2.5241640742e-06,2.5241640742e-06,0.319276213646,0.0,0.0,0.0
2014-04-07 02:24:00,0.345278480232,0,0.0269807662369,0.000727961305529,0.000727961305529,0.318297713995,0.0,0.0,0.0
2014-04-07 02:29:00,0.330598902116,0,0.0039474183414,1.55820216605e-05,1.55820216605e-05,0.326651483774,0.0,0.0,0.0
2014-04-07 02:34:00,0.321203149736,0,0.00367297989142,1.34908350446e-05,1.34908350446e-05,0.324876129627,0.0,0.0,0.0
2014-04-07 02:39:00,0.32576738831,0,0.00217713948663,4.73997806694e-06,4.73997806694e-06,0.323590248823,0.0,0.0,0.0
2014-04-07 02:44:00,0.292234626534,0,0.031978878257,0.00102264841553,0.00102264841553,0.324213504791,0.0,0.0,0.0
2014-04-07 02:49:00,0.315652048767,0,0.00472450870359,2.23209244723e-05,2.23209244723e-05,0.310927540064,0.0,0.0,0.0
2014-04-07 02:54:00,0.335265938856,0,0.0122165723815,0.000149244529894,0.000149244529894,0.323049366474,0.0,0.0,0.0
2014-04-07 02:59:00,0.319352782746,0,0.00335981748481,1.12884199552e-05,1.12884199552e-05,0.322712600231,0.0,0.0,0.0
2014-04-07 03:04:00,0.35498262711,0,0.0325906700653,0.00106215092819,0.00106215092819,0.322391957045,0.0,0.0,0.0
2014-04-07 03:09:00,0.298895947696,0,0.0317963733658,0.00101100886241,0.00101100886241,0.330692321062,0.0,0.0,0.0
2014-04-07 03:14:00,0.319496700179,0,0.00511495174099,2.61626391875e-05,2.61626391875e-05,0.314381748438,0.0,0.0,0.0
2014-04-07 03:19:00,0.330598902116,0,0.00419743002391,1.76183239091e-05,1.76183239091e-05,0.326401472092,0.0,0.0,0.0
2014-04-07 03:24:00,0.349596003207,0,0.0255382453528,0.000652201473713,0.000652201473713,0.324057757854,0.0,0.0,0.0
2014-04-07 03:29:00,0.344353296737,0,0.0117658161921,0.000138434232213,0.000138434232213,0.332587480545,0.0,0.0,0.0
2014-04-07 03:34:00,0.311457883591,0,0.0230030305436,0.000529139942955,0.000529139942955,0.334460914135,0.0,0.0,0.0
2014-04-07 03:39:00,0.318263122186,0,0.00272064532356,7.40195810067e-06,7.40195810067e-06,0.320983767509,0.0,0.0,0.0
2014-04-07 03:44:00,0.308887929439,0,0.0170847468378,0.000291888602078,0.000291888602078,0.325972676277,0.0,0.0,0.0
2014-04-07 03:49:00,0.318057525854,0,0.00127471615829,1.62487265243e-06,1.62487265243e-06,0.319332242012,0.0,0.0,0.0
2014-04-07 03:54:00,0.33567713152,0,0.00968520294255,9.38028751989e-05,9.38028751989e-05,0.325991928577,0.0,0.0,0.0
2014-04-07 03:59:00,0.320504122206,0,0.00894872026752,8.0079473264e-05,8.0079473264e-05,0.329452842474,0.0,0.0,0.0
2014-04-07 04:04:00,0.340734801291,0,0.0155900037276,0.000243048474658,0.000243048474658,0.325144797564,0.0,0.0,0.0
2014-04-07 04:09:00,0.341392709554,0,0.00923205787025,8.52306402521e-05,8.52306402521e-05,0.332160651684,0.0,0.0,0.0
2014-04-07 04:14:00,0.321367626802,0,0.0134929960813,0.000182061092346,0.000182061092346,0.334860622883,0.0,0.0,0.0
2014-04-07 04:19:00,0.332531507638,0,0.00464120092671,2.1540785383e-05,2.1540785383e-05,0.327890306711,0.0,0.0,0.0
2014-04-07 04:24:00,0.334011801229,0,0.00235513661956,5.54663029106e-06,5.54663029106e-06,0.33165666461,0.0,0.0,0.0
2014-04-07 04:29:00,0.319743415777,0,0.00881759219907,7.77497771196e-05,7.77497771196e-05,0.328561007977,0.0,0.0,0.0
2014-04-07 04:34:00,0.334936984724,0,0.00811839932838,6.59082725178e-05,6.59082725178e-05,0.326818585396,0.0,0.0,0.0
2014-04-07 04:39:00,0.30006784679,0,0.0307098579261,0.000943095656112,0.000943095656112,0.330777704716,0.0,0.0,0.0
2014-04-07 04:44:00,0.322621764428,0,0.00267219710976,7.14062844054e-06,7.14062844054e-06,0.319949567318,0.0,0.0,0.0
2014-04-07 04:49:00,0.355948929871,0,0.0285981047998,0.00081785133807,0.00081785133807,0.327350825071,0.0,0.0,0.0
2014-04-07 04:54:00,0.292707498098,0,0.0451249527685,0.00203626090661,0.00203626090661,0.337832450867,0.0,0.0,0.0
2014-04-07 04:59:00,0.318304241452,0,0.00209450796616,4.38696042693e-06,4.38696042693e-06,0.316209733486,0.0,0.0,0.0
2014-04-07 05:04:00,0.337609737042,0,0.0116406072415,0.000135503767524,0.000135503767524,0.325969129801,0.0,0.0,0.0
2014-04-07 05:09:00,0.312321388186,0,0.0138741498575,0.000192491846974,0.000192491846974,0.326195538044,0.0,0.0,0.0
2014-04-07 05:14:00,0.321429305701,0,0.000783420176576,6.13736972355e-07,6.13736972355e-07,0.322212725878,0.0,0.0,0.0
2014-04-07 05:19:00,0.314932461605,0,0.00440016783733,1.93614414457e-05,1.93614414457e-05,0.319332629442,0.0,0.0,0.0
2014-04-07 05:24:00,0.342934682045,0,0.0265258988479,0.000703622587025,0.000703622587025,0.316408783197,0.0,0.0,0.0
2014-04-07 05:29:00,0.321922736898,0,0.0063811366406,4.07187471865e-05,4.07187471865e-05,0.328303873539,0.0,0.0,0.0
2014-04-07 05:34:00,0.379242994305,0,0.0628054518665,0.00394452363253,0.00394452363253,0.316437542439,0.0,0.0,0.0
2014-04-07 05:39:00,0.295133534818,0,0.0494784079504,0.00244811316952,0.00244811316952,0.344611942768,0.0,0.0,0.0
2014-04-07 05:44:00,0.327391599334,0,0.011175517953,0.000124892103486,0.000124892103486,0.316216081381,0.0,0.0,0.0
2014-04-07 05:49:00,0.320236846975,0,0.00594459457084,3.53380310116e-05,3.53380310116e-05,0.326181441545,0.0,0.0,0.0
2014-04-07 05:54:00,0.344846727934,0,0.0253323937326,0.00064173003193,0.00064173003193,0.319514334202,0.0,0.0,0.0
2014-04-07 05:59:00,0.356175085836,0,0.0232550411759,0.000540797365829,0.000540797365829,0.332920044661,0.0,0.0,0.0
2014-04-07 06:04:00,0.290055305413,0,0.0456727438649,0.00208599958569,0.00208599958569,0.335728049278,0.0,0.0,0.0
2014-04-07 06:09:00,0.338329324205,0,0.0239634604048,0.00057424698025,0.00057424698025,0.3143658638,0.0,0.0,0.0
2014-04-07 06:14:00,0.349287608709,0,0.0142774377725,0.000203844960197,0.000203844960197,0.335010170937,0.0,0.0,0.0
2014-04-07 06:19:00,0.296572709143,0,0.037265127838,0.00138868927024,0.00138868927024,0.333837836981,0.0,0.0,0.0
2014-04-07 06:24:00,0.343386993976,0,0.0189765852408,0.000360111298505,0.000360111298505,0.324410408735,0.0,0.0,0.0
2014-04-07 06:29:00,0.31809864512,0,0.0166506958909,0.000277246028418,0.000277246028418,0.334749341011,0.0,0.0,0.0
2014-04-07 06:34:00,0.321532103867,0,0.0046992267659,2.20827641897e-05,2.20827641897e-05,0.326231330633,0.0,0.0,0.0
2014-04-07 06:39:00,0.334710828759,0,0.00788443515454,6.21644358034e-05,6.21644358034e-05,0.326826393604,0.0,0.0,0.0
2014-04-07 06:44:00,0.324574929583,0,0.00536270726901,2.87587590719e-05,2.87587590719e-05,0.329937636852,0.0,0.0,0.0
2014-04-07 06:49:00,0.340261929727,0,0.0109916562801,0.000120816650451,0.000120816650451,0.329270273447,0.0,0.0,0.0
2014-04-07 06:54:00,0.319023828615,0,0.0176903497088,0.000312948861392,0.000312948861392,0.336714178324,0.0,0.0,0.0
2014-04-07 06:59:00,0.324081498386,0,0.00394092798392,1.55310081027e-05,1.55310081027e-05,0.320140570402,0.0,0.0,0.0
2014-04-07 07:04:00,0.343386993976,0,0.00999923166791,9.99849071377e-05,9.99849071377e-05,0.333387762308,0.0,0.0,0.0
2014-04-07 07:09:00,0.312465305619,0,0.0208633586839,0.000435279536759,0.000435279536759,0.333328664303,0.0,0.0,0.0
2014-04-07 07:14:00,0.34213285635,0,0.0189890165137,0.000360583129805,0.000360583129805,0.323143839836,0.0,0.0,0.0
2014-04-07 07:19:00,0.33867883797,0,0.00641447420381,4.11454639107e-05,4.11454639107e-05,0.332264363766,0.0,0.0,0.0
2014-04-07 07:24:00,0.334710828759,0,0.00186889598522,3.49280071532e-06,3.49280071532e-06,0.332841932774,0.0,0.0,0.0
2014-04-07 07:29:00,0.320956434137,0,0.00939456092657,8.82576860022e-05,8.82576860022e-05,0.330350995064,0.0,0.0,0.0
2014-04-07 07:34:00,0.324081498386,0,0.00514013767083,2.64208920271e-05,2.64208920271e-05,0.329221636057,0.0,0.0,0.0
2014-04-07 07:39:00,0.325294516746,0,0.0015288668239,2.33741025113e-06,2.33741025113e-06,0.32682338357,0.0,0.0,0.0
2014-04-07 07:44:00,0.336396718683,0,0.00658383435179,4.334694313e-05,4.334694313e-05,0.329812884331,0.0,0.0,0.0
2014-04-07 07:49:00,0.323485269023,0,0.00721837692179,5.21051661053e-05,5.21051661053e-05,0.330703645945,0.0,0.0,0.0
2014-04-07 07:54:00,0.343633709575,0,0.0153870266923,0.000236760650296,0.000236760650296,0.328246682882,0.0,0.0,0.0
2014-04-07 07:59:00,0.294640103621,0,0.0400094294128,0.00160075526219,0.00160075526219,0.334649533033,0.0,0.0,0.0
2014-04-07 08:04:00,0.34085815909,0,0.026878205563,0.000722438038792,0.000722438038792,0.313979953527,0.0,0.0,0.0
2014-04-07 08:09:00,0.341701104052,0,0.00818870843196,6.70547233312e-05,6.70547233312e-05,0.33351239562,0.0,0.0,0.0
2014-04-07 08:14:00,0.318962149715,0,0.0157108377458,0.000246830197284,0.000246830197284,0.334672987461,0.0,0.0,0.0
2014-04-07 08:19:00,0.31637163593,0,0.00821612642579,6.7504508479e-05,6.7504508479e-05,0.324587762356,0.0,0.0,0.0
2014-04-07 08:24:00,0.349822159173,0,0.0274330035464,0.000752569932956,0.000752569932956,0.322389155626,0.0,0.0,0.0
2014-04-07 08:29:00,0.2865807274,0,0.0469322940693,0.00220263889059,0.00220263889059,0.333513021469,0.0,0.0,0.0
2014-04-07 08:34:00,0.316597791895,0,0.00252411006403,6.37111952528e-06,6.37111952528e-06,0.314073681831,0.0,0.0,0.0
2014-04-07 08:39:00,0.318777113016,0,7.98392850722e-05,6.3744929335e-09,6.3744929335e-09,0.318697273731,0.0,0.0,0.0
2014-04-07 08:44:00,0.348218507782,0,0.0284626555594,0.000810122350231,0.000810122350231,0.319755852222,0.0,0.0,0.0
2014-04-07 08:49:00,0.295133534818,0,0.0362426005315,0.0013135264162,0.0013135264162,0.331376135349,0.0,0.0,0.0
2014-04-07 08:54:00,0.373321819939,0,0.0637123173848,0.00405926071107,0.00405926071107,0.309609502554,0.0,0.0,0.0
2014-04-07 08:59:00,0.327679434199,0,0.010577342134,0.000111880348413,0.000111880348413,0.338256776333,0.0,0.0,0.0
2014-04-07 09:04:00,0.349904397706,0,0.0226792490277,0.000514347921126,0.000514347921126,0.327225148678,0.0,0.0,0.0
2014-04-07 09:09:00,0.347498920619,0,0.0158949763177,0.000252650352195,0.000252650352195,0.331603944302,0.0,0.0,0.0
2014-04-07 09:14:00,0.332284792039,0,0.00121720257052,1.48161541347e-06,1.48161541347e-06,0.33350199461,0.0,0.0,0.0
2014-04-07 09:19:00,0.352371553691,0,0.0220709841572,0.000487127894303,0.000487127894303,0.330300569534,0.0,0.0,0.0
2014-04-07 09:24:00,0.310265424865,0,0.0308352082796,0.000950810266659,0.000950810266659,0.341100633144,0.0,0.0,0.0
2014-04-07 09:29:00,0.347745636218,0,0.0273006350925,0.000745324185118,0.000745324185118,0.320445001125,0.0,0.0,0.0
2014-04-07 09:34:00,0.329406443389,0,0.0173559753579,0.000301230000332,0.000301230000332,0.346762418747,0.0,0.0,0.0
2014-04-07 09:39:00,0.324821645182,0,0.00619507415943,3.83788719773e-05,3.83788719773e-05,0.331016719341,0.0,0.0,0.0
2014-04-07 09:44:00,0.337363021444,0,0.00284553878465,8.09701668913e-06,8.09701668913e-06,0.340208560228,0.0,0.0,0.0
2014-04-07 09:49:00,0.331174571846,0,0.00598229017485,3.57876706403e-05,3.57876706403e-05,0.33715686202,0.0,0.0,0.0
2014-04-07 09:54:00,0.37665248052,0,0.0337777151236,0.0011409339495,0.0011409339495,0.342874765396,0.0,0.0,0.0
2014-04-07 09:59:00,0.32576738831,0,0.0274688995225,0.000754539913032,0.000754539913032,0.353236287832,0.0,0.0,0.0
2014-04-07 10:04:00,0.347745636218,0,0.00665114235188,4.42375749117e-05,4.42375749117e-05,0.341094493866,0.0,0.0,0.0
2014-04-07 10:09:00,0.364152223524,0,0.0176369554369,0.000311062176479,0.000311062176479,0.346515268087,0.0,0.0,0.0
2014-04-07 10:14:00,0.322087213964,0,0.0311699354938,0.000971563975327,0.000971563975327,0.353257149458,0.0,0.0,0.0
2014-04-07 10:19:00,0.348218507782,0,0.0117566657217,0.000138219023938,0.000138219023938,0.33646184206,0.0,0.0,0.0
2014-04-07 10:24:00,0.327473837867,0,0.0253839604712,0.000644344894681,0.000644344894681,0.352857798338,0.0,0.0,0.0
2014-04-07 10:29:00,0.341228232488,0,0.00288929115265,8.34808543004e-06,8.34808543004e-06,0.338338941336,0.0,0.0,0.0
2014-04-07 10:34:00,0.331318489278,0,0.0176930511348,0.000313043768983,0.000313043768983,0.349011540413,0.0,0.0,0.0
2014-04-07 10:39:00,0.346409260059,0,0.00709333899061,5.03154733451e-05,5.03154733451e-05,0.339315921068,0.0,0.0,0.0
2014-04-07 10:44:00,0.329406443389,0,0.0206572084111,0.00042672039126,0.00042672039126,0.3500636518,0.0,0.0,0.0
2014-04-07 10:49:00,0.298032443101,0,0.0400507049014,0.00160405982751,0.00160405982751,0.338083148003,0.0,0.0,0.0
2014-04-07 10:54:00,0.337548058143,0,0.0110870708132,0.000122922894661,0.000122922894661,0.326460987329,0.0,0.0,0.0
2014-04-07 10:59:00,0.318530397418,0,0.0183263552163,0.000335854827426,0.000335854827426,0.336856752634,0.0,0.0,0.0
2014-04-07 11:04:00,0.316782828594,0,0.00976306555163,9.53173803282e-05,9.53173803282e-05,0.326545894146,0.0,0.0,0.0
2014-04-07 11:09:00,0.337835893008,0,0.0142700224842,0.000203633113415,0.000203633113415,0.323565870523,0.0,0.0,0.0
2014-04-07 11:14:00,0.35786097576,0,0.0311702423274,0.000971584406216,0.000971584406216,0.326690733433,0.0,0.0,0.0
2014-04-07 11:19:00,0.331092333313,0,0.00520464229987,2.70883592748e-05,2.70883592748e-05,0.336296975613,0.0,0.0,0.0
2014-04-07 11:24:00,0.30115750735,0,0.0234470933179,0.000549766351469,0.000549766351469,0.324604600668,0.0,0.0,0.0
2014-04-07 11:29:00,0.317564094657,0,0.00229924380168,5.28654663867e-06,5.28654663867e-06,0.315264850855,0.0,0.0,0.0
2014-04-07 11:34:00,0.320956434137,0,0.00184359682261,3.39886628353e-06,3.39886628353e-06,0.319112837315,0.0,0.0,0.0
2014-04-07 11:39:00,0.323896461687,0,0.00731172557834,5.34614191565e-05,5.34614191565e-05,0.316584736109,0.0,0.0,0.0
2014-04-07 11:44:00,0.32288903966,0,0.00785128250125,6.1642487708e-05,6.1642487708e-05,0.315037757158,0.0,0.0,0.0
2014-04-07 11:49:00,0.348095149983,0,0.0332488131409,0.00110548350494,0.00110548350494,0.314846336842,0.0,0.0,0.0
2014-04-07 11:54:00,0.306955323917,0,0.018963261145,0.000359604746336,0.000359604746336,0.325918585062,0.0,0.0,0.0
2014-04-07 11:59:00,0.324986122248,0,0.0150850635737,0.000227559372433,0.000227559372433,0.309901058674,0.0,0.0,0.0
2014-04-07 12:04:00,0.318304241452,0,0.000460266318206,2.11845772924e-07,2.11845772924e-07,0.318764507771,0.0,0.0,0.0
2014-04-07 12:09:00,0.334936984724,0,0.017394133753,0.000302555592498,0.000302555592498,0.317542850971,0.0,0.0,0.0
2014-04-07 12:14:00,0.31758465429,0,0.00531832317682,2.82844612229e-05,2.82844612229e-05,0.322902977467,0.0,0.0,0.0
2014-04-07 12:19:00,0.335903287485,0,0.0219985848219,0.000483937707031,0.000483937707031,0.313904702663,0.0,0.0,0.0
2014-04-07 12:24:00,0.321182590103,0,0.00101019802149,1.02052285911e-06,1.02052285911e-06,0.322192788124,0.0,0.0,0.0
2014-04-07 12:29:00,0.323608626822,0,0.00427262971745,1.82554504136e-05,1.82554504136e-05,0.319335997105,0.0,0.0,0.0
2014-04-07 12:34:00,0.323361911224,0,0.00314668600378,9.9015833257e-06,9.9015833257e-06,0.32021522522,0.0,0.0,0.0
2014-04-07 12:39:00,0.317810810255,0,0.0053903096446,2.90555090032e-05,2.90555090032e-05,0.3232011199,0.0,0.0,0.0
2014-04-07 12:44:00,0.361726186805,0,0.0390343587924,0.00152368179988,0.00152368179988,0.322691828012,0.0,0.0,0.0
2014-04-07 12:49:00,0.27667098419,0,0.0616906069111,0.00380573002622,0.00380573002622,0.338361591101,0.0,0.0,0.0
2014-04-07 12:54:00,0.337856452641,0,0.028417419371,0.000807549105957,0.000807549105957,0.30943903327,0.0,0.0,0.0
2014-04-07 12:59:00,0.333497810399,0,0.000424486363404,1.80178588494e-07,1.80178588494e-07,0.333922296762,0.0,0.0,0.0
2014-04-07 13:04:00,0.307284278048,0,0.0163379188643,0.000266927992925,0.000266927992925,0.323622196913,0.0,0.0,0.0
2014-04-07 13:09:00,0.334340755361,0,0.0112773519929,0.000127178573166,0.000127178573166,0.323063403368,0.0,0.0,0.0
2014-04-07 13:14:00,0.337835893008,0,0.00991354879991,9.82781566563e-05,9.82781566563e-05,0.327922344208,0.0,0.0,0.0
2014-04-07 13:19:00,0.297374534838,0,0.0350843486856,0.00123091065325,0.00123091065325,0.332458883524,0.0,0.0,0.0
2014-04-07 13:24:00,0.328871892925,0,0.0100427439176,0.000100856967038,0.000100856967038,0.318829149008,0.0,0.0,0.0
2014-04-07 13:29:00,0.367441764839,0,0.039498976238,0.0015601698542,0.0015601698542,0.327942788601,0.0,0.0,0.0
2014-04-07 13:34:00,0.340734801291,0,0.00243122220167,5.91080060985e-06,5.91080060985e-06,0.343166023493,0.0,0.0,0.0
2014-04-07 13:49:00,0.264818355641,0,0.0717824248465,0.00515271443874,0.00515271443874,0.336600780487,0.0,0.0,0.0
2014-04-07 13:54:00,0.342564608647,0,0.0382634063502,0.00146408856381,0.00146408856381,0.304301202297,0.0,0.0,0.0
2014-04-07 13:59:00,0.319023828615,0,0.0147925804961,0.000218820758164,0.000218820758164,0.333816409111,0.0,0.0,0.0
2014-04-07 14:04:00,0.327473837867,0,0.0023043043756,5.30987017555e-06,5.30987017555e-06,0.325169533491,0.0,0.0,0.0
2014-04-07 14:09:00,0.367996874936,0,0.0413735841585,0.00171177322045,0.00171177322045,0.326623290777,0.0,0.0,0.0
2014-04-07 14:14:00,0.313945599211,0,0.0273197513697,0.000746369245462,0.000746369245462,0.34126535058,0.0,0.0,0.0
2014-04-07 14:19:00,0.292029030202,0,0.0337861109989,0.00114150182344,0.00114150182344,0.325815141201,0.0,0.0,0.0
2014-04-07 14:24:00,0.324328213985,0,0.00738808518141,5.45838011021e-05,5.45838011021e-05,0.316940128803,0.0,0.0,0.0
2014-04-07 14:29:00,0.333497810399,0,0.0124200463648,0.000154257853865,0.000154257853865,0.321077764034,0.0,0.0,0.0
2014-04-07 14:34:00,0.336150003084,0,0.00262982905746,6.91593504598e-06,6.91593504598e-06,0.333520174026,0.0,0.0,0.0
2014-04-07 14:39:00,0.345895269228,0,0.0200641539826,0.000402569916332,0.000402569916332,0.325831115246,0.0,0.0,0.0
2014-04-07 14:44:00,0.313472727647,0,0.0167304180959,0.000279907224467,0.000279907224467,0.330203145742,0.0,0.0,0.0
2014-04-07 14:49:00,0.306708608318,0,0.0143019514789,0.000204545940505,0.000204545940505,0.321010559797,0.0,0.0,0.0
2014-04-07 14:54:00,0.338802195769,0,0.0165647339635,0.00027439018595,0.00027439018595,0.322237461805,0.0,0.0,0.0
2014-04-07 14:59:00,0.321429305701,0,0.00392389950282,1.53969358507e-05,1.53969358507e-05,0.325353205204,0.0,0.0,0.0
2014-04-07 15:04:00,0.318982709348,0,0.0089832952616,8.06993921287e-05,8.06993921287e-05,0.32796600461,0.0,0.0,0.0
2014-04-07 15:09:00,0.383951150311,0,0.062485568656,0.00390444719233,0.00390444719233,0.321465581656,0.0,0.0,0.0
2014-04-07 15:14:00,0.28427804848,0,0.0588595734,0.0034644510597,0.0034644510597,0.34313762188,0.0,0.0,0.0
2014-04-07 15:19:00,0.327227122268,0,0.0153281159014,0.000234950930462,0.000234950930462,0.311899006367,0.0,0.0,0.0
2014-04-07 15:24:00,0.328440140628,0,0.00193666324708,3.75070658265e-06,3.75070658265e-06,0.330376803875,0.0,0.0,0.0
2014-04-07 15:29:00,0.339336746232,0,0.0170640878844,0.000291183328955,0.000291183328955,0.322272658348,0.0,0.0,0.0
2014-04-07 15:34:00,0.335903287485,0,0.00164851601433,2.71760313808e-06,2.71760313808e-06,0.334254771471,0.0,0.0,0.0
2014-04-07 15:39:00,0.358354406957,0,0.0297231847093,0.000883468426764,0.000883468426764,0.328631222248,0.0,0.0,0.0
2014-04-07 15:44:00,0.313226012048,0,0.0265168570908,0.000703143596184,0.000703143596184,0.339742869139,0.0,0.0,0.0
2014-04-07 15:49:00,0.330208269084,0,0.00441539021828,1.94956937776e-05,1.94956937776e-05,0.325792878866,0.0,0.0,0.0
2014-04-07 15:54:00,0.350685663768,0,0.0189066308221,0.000357460405212,0.000357460405212,0.331779032946,0.0,0.0,0.0
2014-04-07 15:59:00,0.361520590473,0,0.0201609751467,0.000406464823755,0.000406464823755,0.341359615326,0.0,0.0,0.0
2014-04-07 16:04:00,0.29949217706,0,0.0456851753689,0.00208713486791,0.00208713486791,0.345177352428,0.0,0.0,0.0
2014-04-07 16:09:00,0.37186208598,0,0.047824951333,0.00228722579777,0.00228722579777,0.324037134647,0.0,0.0,0.0
2014-04-07 16:14:00,0.324328213985,0,0.0252053737095,0.000635310891084,0.000635310891084,0.349533587694,0.0,0.0,0.0
2014-04-07 16:19:00,0.324821645182,0,0.0128732381647,0.000165720106452,0.000165720106452,0.337694883347,0.0,0.0,0.0
2014-04-07 16:24:00,0.323115195625,0,0.0137930554222,0.000190248261788,0.000190248261788,0.336908251047,0.0,0.0,0.0
2014-04-07 16:29:00,0.342420691215,0,0.00560289021618,3.13924465445e-05,3.13924465445e-05,0.336817800999,0.0,0.0,0.0
2014-04-07 16:34:00,0.308867369806,0,0.0311417532808,0.000969809072558,0.000969809072558,0.340009123087,0.0,0.0,0.0
2014-04-07 16:39:00,0.37307510434,0,0.0427791243635,0.00183005293366,0.00183005293366,0.330295979977,0.0,0.0,0.0
2014-04-07 16:44:00,0.277205534653,0,0.069739304109,0.00486357184127,0.00486357184127,0.346944838762,0.0,0.0,0.0
2014-04-07 16:49:00,0.323958140587,0,0.001722764944,2.96787811749e-06,2.96787811749e-06,0.322235375643,0.0,0.0,0.0
2014-04-07 16:54:00,0.34264684718,0,0.0116071502484,0.00013472570572,0.00013472570572,0.331039696932,0.0,0.0,0.0
2014-04-07 16:59:00,0.337363021444,0,0.00404088384947,1.63288477779e-05,1.63288477779e-05,0.333322137594,0.0,0.0,0.0
2014-04-07 17:04:00,0.330352186517,0,4.68486111087e-05,2.19485229991e-09,2.19485229991e-09,0.330305337906,0.0,0.0,0.0
2014-04-07 17:09:00,0.313102654249,0,0.0199822568594,0.000399290263886,0.000399290263886,0.333084911108,0.0,0.0,0.0
2014-04-07 17:14:00,0.320236846975,0,0.00410522537545,1.68529968505e-05,1.68529968505e-05,0.316131621599,0.0,0.0,0.0
2014-04-07 17:19:00,0.317810810255,0,0.0110884540805,0.000122953963,0.000122953963,0.328899264336,0.0,0.0,0.0
2014-04-07 17:24:00,0.327473837867,0,0.0123132653379,0.000151616783114,0.000151616783114,0.315160572529,0.0,0.0,0.0
2014-04-07 17:29:00,0.310100947799,0,0.0166593442541,0.000277533923509,0.000277533923509,0.326760292053,0.0,0.0,0.0
2014-04-07 17:34:00,0.360184214314,0,0.0492980100709,0.00243029464036,0.00243029464036,0.310886204243,0.0,0.0,0.0
2014-04-07 17:39:00,0.294886819219,0,0.038657822514,0.00149442662951,0.00149442662951,0.333544641733,0.0,0.0,0.0
2014-04-07 17:44:00,0.322395608462,0,0.0174712694063,0.000305245746858,0.000305245746858,0.304924339056,0.0,0.0,0.0
2014-04-07 17:49:00,0.319743415777,0,0.00383407765172,1.47000837387e-05,1.47000837387e-05,0.323577493429,0.0,0.0,0.0
2014-04-07 17:54:00,0.335019223257,0,0.0233251376591,0.000544062408153,0.000544062408153,0.311694085598,0.0,0.0,0.0
2014-04-07 17:59:00,0.305968461523,0,0.0206414182095,0.000426068058005,0.000426068058005,0.326609879732,0.0,0.0,0.0
2014-04-07 18:04:00,0.333436131499,0,0.0291306972724,0.000848597497679,0.000848597497679,0.304305434227,0.0,0.0,0.0
2014-04-07 18:09:00,0.320709718539,0,0.00110460989346,1.22019218907e-06,1.22019218907e-06,0.321814328432,0.0,0.0,0.0
2014-04-07 18:14:00,0.31637163593,0,0.000189976231529,3.60961251999e-08,3.60961251999e-08,0.316181659698,0.0,0.0,0.0
2014-04-07 18:19:00,0.289294598984,0,0.0268349662546,0.000720115320291,0.000720115320291,0.316129565239,0.0,0.0,0.0
2014-04-07 18:24:00,0.305022718395,0,0.00115871616692,1.34261881612e-06,1.34261881612e-06,0.303864002228,0.0,0.0,0.0
2014-04-07 18:29:00,0.306235736754,0,0.00597357139297,3.56836280844e-05,3.56836280844e-05,0.312209308147,0.0,0.0,0.0
2014-04-07 18:34:00,0.326260819507,0,0.0184979284528,0.000342172832461,0.000342172832461,0.307762891054,0.0,0.0,0.0
2014-04-07 18:39:00,0.285922819137,0,0.0290124478347,0.000841721775942,0.000841721775942,0.314935266972,0.0,0.0,0.0
2014-04-07 18:44:00,0.309360801003,0,0.00738161685261,5.44882859685e-05,5.44882859685e-05,0.301979184151,0.0,0.0,0.0
2014-04-07 18:49:00,0.305516149592,0,0.000790510583432,6.24900678758e-07,6.24900678758e-07,0.306306660175,0.0,0.0,0.0
2014-04-07 18:54:00,0.327473837867,0,0.02032341434,0.00041304162005,0.00041304162005,0.307150423527,0.0,0.0,0.0
2014-04-07 18:59:00,0.368634223565,0,0.0573031600565,0.00328365224414,0.00328365224414,0.311331063509,0.0,0.0,0.0
2014-04-07 19:04:00,0.279199819075,0,0.048318316234,0.00233466061763,0.00233466061763,0.327518135309,0.0,0.0,0.0
2014-04-07 19:09:00,0.324574929583,0,0.0280766309382,0.000788296514656,0.000788296514656,0.296498298645,0.0,0.0,0.0
2014-04-07 19:14:00,0.326774810337,0,0.0075162396663,5.64937909076e-05,5.64937909076e-05,0.319258570671,0.0,0.0,0.0
2014-04-07 19:19:00,0.287238635663,0,0.0228019872869,0.00051993096713,0.00051993096713,0.31004062295,0.0,0.0,0.0
2014-04-07 19:24:00,0.304303131232,0,0.00422058331025,1.78132540896e-05,1.78132540896e-05,0.308523714542,0.0,0.0,0.0
2014-04-07 19:29:00,0.303336828471,0,0.000501335143293,2.5133644499e-07,2.5133644499e-07,0.303838163614,0.0,0.0,0.0
2014-04-07 19:34:00,0.311622360657,0,0.00179592699849,3.22532059727e-06,3.22532059727e-06,0.309826433659,0.0,0.0,0.0
2014-04-07 19:39:00,0.344846727934,0,0.0339506889253,0.00115264905617,0.00115264905617,0.310896039009,0.0,0.0,0.0
2014-04-07 19:44:00,0.275334608031,0,0.0465603058812,0.00216786307283,0.00216786307283,0.321894913912,0.0,0.0,0.0
2014-04-07 19:49:00,0.323115195625,0,0.0209899204899,0.000440576928668,0.000440576928668,0.302125275135,0.0,0.0,0.0
2014-04-07 19:54:00,0.307428195481,0,0.0139304852441,0.000194058811758,0.000194058811758,0.321358680725,0.0,0.0,0.0
2014-04-07 19:59:00,0.305269433993,0,0.00122322036644,1.49623417656e-06,1.49623417656e-06,0.304046213627,0.0,0.0,0.0
2014-04-07 20:04:00,0.310820534962,0,0.000376596910521,1.41814112453e-07,1.41814112453e-07,0.311197131872,0.0,0.0,0.0
2014-04-07 20:09:00,0.352330434425,0,0.0433041335179,0.00187524897046,0.00187524897046,0.309026300907,0.0,0.0,0.0
2014-04-07 20:14:00,0.317564094657,0,0.00559896767751,3.13483797072e-05,3.13483797072e-05,0.323163062334,0.0,0.0,0.0
2014-04-07 20:19:00,0.305372232159,0,0.0102892280018,0.000105868086393,0.000105868086393,0.315661460161,0.0,0.0,0.0
2014-04-07 20:24:00,0.313986718477,0,0.00293329340332,8.60421096149e-06,8.60421096149e-06,0.311053425074,0.0,0.0,0.0
2014-04-07 20:29:00,0.325664590144,0,0.00837583377317,7.01544195181e-05,7.01544195181e-05,0.317288756371,0.0,0.0,0.0
2014-04-07 20:34:00,0.32634305804,0,0.0043038114807,1.85228054761e-05,1.85228054761e-05,0.322039246559,0.0,0.0,0.0
2014-04-07 20:39:00,0.265198708855,0,0.055739908136,0.00310693751089,0.00310693751089,0.320938616991,0.0,0.0,0.0
2014-04-07 20:44:00,0.306030140422,0,0.00722949316354,5.22657719557e-05,5.22657719557e-05,0.298800647259,0.0,0.0,0.0
2014-04-07 20:49:00,0.307921626678,0,0.00734122742109,5.3893745644e-05,5.3893745644e-05,0.315262854099,0.0,0.0,0.0
2014-04-07 20:54:00,0.323608626822,0,0.0165976483618,0.000275482278084,0.000275482278084,0.30701097846,0.0,0.0,0.0
2014-04-07 20:59:00,0.325397314912,0,0.00472295511347,2.23062834266e-05,2.23062834266e-05,0.320674359798,0.0,0.0,0.0
2014-04-07 21:04:00,0.290836571476,0,0.0226708662304,0.000513968116138,0.000513968116138,0.313507437706,0.0,0.0,0.0
2014-04-07 21:09:00,0.334710828759,0,0.0257452649847,0.000662819074932,0.000662819074932,0.308965563774,0.0,0.0,0.0
2014-04-07 21:14:00,0.29176175497,0,0.0296686599448,0.000880229345057,0.000880229345057,0.321430414915,0.0,0.0,0.0
2014-04-07 21:19:00,0.330126030552,0,0.0245620740525,0.000603294814937,0.000603294814937,0.305563956499,0.0,0.0,0.0
2014-04-07 21:24:00,0.277041057588,0,0.0401510796538,0.00161210994702,0.00161210994702,0.317192137241,0.0,0.0,0.0
2014-04-07 21:29:00,0.324081498386,0,0.0265960872189,0.000707352475729,0.000707352475729,0.297485411167,0.0,0.0,0.0
2014-04-07 21:34:00,0.2865190485,0,0.0258490464209,0.000668173073791,0.000668173073791,0.312368094921,0.0,0.0,0.0
2014-04-07 21:39:00,0.310573819363,0,0.0118629366993,0.000140729200211,0.000140729200211,0.298710882664,0.0,0.0,0.0
2014-04-07 21:44:00,0.321182590103,0,0.0144004040713,0.000207371311262,0.000207371311262,0.306782186031,0.0,0.0,0.0
2014-04-07 21:49:00,0.293447644894,0,0.0185497091366,0.000344091764418,0.000344091764418,0.311997354031,0.0,0.0,0.0
2014-04-07 21:54:00,0.322395608462,0,0.0187015390768,0.000349748093868,0.000349748093868,0.303694069386,0.0,0.0,0.0
2014-04-07 21:59:00,0.328666296593,0,0.0175463527361,0.000307874608552,0.000307874608552,0.311119943857,0.0,0.0,0.0
2014-04-07 22:04:00,0.308887929439,0,0.000238270282539,5.67723859035e-08,5.67723859035e-08,0.308649659157,0.0,0.0,0.0
2014-04-07 22:09:00,0.305022718395,0,0.00506880692153,2.56928233284e-05,2.56928233284e-05,0.310091525316,0.0,0.0,0.0
2014-04-07 22:14:00,0.332531507638,0,0.0294997054605,0.000870232877787,0.000870232877787,0.303031802177,0.0,0.0,0.0
2014-04-07 22:19:00,0.319496700179,0,0.00570167006183,3.25089386024e-05,3.25089386024e-05,0.313795030117,0.0,0.0,0.0
2014-04-07 22:24:00,0.347005489422,0,0.0360255866778,0.00129784271121,0.00129784271121,0.310979902744,0.0,0.0,0.0
2014-04-07 22:29:00,0.31234194782,0,0.0134063169699,0.000179729060619,0.000179729060619,0.32574826479,0.0,0.0,0.0
2014-04-07 22:34:00,0.315405333169,0,0.0016659141854,2.77528943116e-06,2.77528943116e-06,0.313739418983,0.0,0.0,0.0
2014-04-07 22:39:00,0.30646189272,0,0.0141476172251,0.000200154856429,0.000200154856429,0.320609509945,0.0,0.0,0.0
2014-04-07 22:44:00,0.305742305557,0,0.00680844779776,4.635512596e-05,4.635512596e-05,0.312550753355,0.0,0.0,0.0
2014-04-07 22:49:00,0.309134645038,0,0.0104986004302,0.000110220877104,0.000110220877104,0.319633245468,0.0,0.0,0.0
2014-04-07 22:54:00,0.329406443389,0,0.013986084016,0.000195610453375,0.000195610453375,0.315420359373,0.0,0.0,0.0
2014-04-07 22:59:00,0.34846522338,0,0.0257645142759,0.000663810758851,0.000663810758851,0.322700709105,0.0,0.0,0.0
2014-04-07 23:04:00,0.274861736467,0,0.054309861491,0.0029495623894,0.0029495623894,0.329171597958,0.0,0.0,0.0
2014-04-07 23:09:00,0.330126030552,0,0.0194105936162,0.000376770622097,0.000376770622097,0.310715436935,0.0,0.0,0.0
2014-04-07 23:14:00,0.333744525998,0,0.00735038527729,5.4028161685e-05,5.4028161685e-05,0.32639414072,0.0,0.0,0.0
2014-04-07 23:19:00,0.320709718539,0,0.00691937081685,4.78778747492e-05,4.78778747492e-05,0.327629089355,0.0,0.0,0.0
2014-04-07 23:24:00,0.319990131376,0,0.00475328850958,2.25937819778e-05,2.25937819778e-05,0.324743419886,0.0,0.0,0.0
2014-04-07 23:29:00,0.326507535106,0,0.00502407205664,2.52413356066e-05,2.52413356066e-05,0.321483463049,0.0,0.0,0.0
2014-04-07 23:34:00,0.291391681572,0,0.0340751300846,0.00116111524403,0.00116111524403,0.325466811657,0.0,0.0,0.0
2014-04-07 23:39:00,0.355003186743,0,0.0412825432228,0.00170424766839,0.00170424766839,0.31372064352,0.0,0.0,0.0
2014-04-07 23:44:00,0.26727523181,0,0.0659975829408,0.00435567926615,0.00435567926615,0.333272814751,0.0,0.0,0.0
2014-04-07 23:49:00,0.314747424906,0,0.0101980586702,0.000104000362626,0.000104000362626,0.304549366236,0.0,0.0,0.0
2014-04-07 23:54:00,0.345813030696,0,0.0236121065374,0.000557531835511,0.000557531835511,0.322200924158,0.0,0.0,0.0
2014-04-07 23:59:00,0.296572709143,0,0.0272387325171,0.000741948198993,0.000741948198993,0.32381144166,0.0,0.0,0.0
2014-04-08 00:04:00,0.312938177183,0,0.0016287926886,2.65294488599e-06,2.65294488599e-06,0.314566969872,0.0,0.0,0.0
2014-04-08 00:09:00,0.324081498386,0,0.00838776230971,7.0354755735e-05,7.0354755735e-05,0.315693736076,0.0,0.0,0.0
2014-04-08 00:14:00,0.339521782931,0,0.0245490842429,0.000602658139542,0.000602658139542,0.314972698689,0.0,0.0,0.0
2014-04-08 00:19:00,0.323855342421,0,0.00321423813427,1.03313395812e-05,1.03313395812e-05,0.327069580555,0.0,0.0,0.0
2014-04-08 00:24:00,0.327535516766,0,0.0139567024983,0.000194789361558,0.000194789361558,0.313578814268,0.0,0.0,0.0
2014-04-08 00:29:00,0.276156993359,0,0.0444234593213,0.00197344389744,0.00197344389744,0.320580452681,0.0,0.0,0.0
2014-04-08 00:34:00,0.310573819363,0,0.00694951721424,4.82957475469e-05,4.82957475469e-05,0.303624302149,0.0,0.0,0.0
2014-04-08 00:39:00,0.312012993688,0,0.00159234464684,2.53554048868e-06,2.53554048868e-06,0.313605338335,0.0,0.0,0.0
2014-04-08 00:44:00,0.313719443245,0,0.0053924240305,2.90783245873e-05,2.90783245873e-05,0.308327019215,0.0,0.0,0.0
2014-04-08 00:49:00,0.311540122124,0,0.00413734188411,1.71175597643e-05,1.71175597643e-05,0.315677464008,0.0,0.0,0.0
2014-04-08 00:54:00,0.346779333457,0,0.0399513412558,0.00159611075651,0.00159611075651,0.306827992201,0.0,0.0,0.0
2014-04-08 00:59:00,0.302617241308,0,0.0226606236246,0.000513503386173,0.000513503386173,0.325277864933,0.0,0.0,0.0
2014-04-08 01:04:00,0.294886819219,0,0.0126507662778,0.000160041672643,0.000160041672643,0.307537585497,0.0,0.0,0.0
2014-04-08 01:09:00,0.329591480088,0,0.0214986475227,0.000462191965198,0.000462191965198,0.308092832565,0.0,0.0,0.0
2014-04-08 01:14:00,0.347971792183,0,0.0311160039523,0.000968205975369,0.000968205975369,0.316855788231,0.0,0.0,0.0
2014-04-08 01:19:00,0.330126030552,0,0.00683648716134,4.67373756692e-05,4.67373756692e-05,0.32328954339,0.0,0.0,0.0
2014-04-08 01:24:00,0.326507535106,0,0.0112945402917,0.000127566716401,0.000127566716401,0.315212994814,0.0,0.0,0.0
2014-04-08 01:29:00,0.317851929522,0,0.000648529672606,4.20589003625e-07,4.20589003625e-07,0.318500459194,0.0,0.0,0.0
2014-04-08 01:34:00,0.312239149654,0,0.00836863175665,7.00341552147e-05,7.00341552147e-05,0.32060778141,0.0,0.0,0.0
2014-04-08 01:39:00,0.323115195625,0,0.00391146122702,1.529956171e-05,1.529956171e-05,0.319203734398,0.0,0.0,0.0
2014-04-08 01:44:00,0.299471617426,0,0.0231055014473,0.000533864251338,0.000533864251338,0.322577118874,0.0,0.0,0.0
2014-04-08 01:49:00,0.308887929439,0,0.00619491863271,3.83770275221e-05,3.83770275221e-05,0.315082848072,0.0,0.0,0.0
2014-04-08 01:54:00,0.370587388721,0,0.0493964950709,0.0024400127586,0.0024400127586,0.32119089365,0.0,0.0,0.0
2014-04-08 01:59:00,0.314274553342,0,0.0206028482484,0.000424477504566,0.000424477504566,0.33487740159,0.0,0.0,0.0
2014-04-08 02:04:00,0.288122699891,0,0.0351851123229,0.00123799114954,0.00123799114954,0.323307812214,0.0,0.0,0.0
2014-04-08 02:09:00,0.362939205165,0,0.0484901928851,0.00235129916109,0.00235129916109,0.31444901228,0.0,0.0,0.0
2014-04-08 02:14:00,0.294886819219,0,0.0440445028786,0.00193991744891,0.00193991744891,0.338931322098,0.0,0.0,0.0
2014-04-08 02:19:00,0.30646189272,0,0.00939486205998,8.82632884895e-05,8.82632884895e-05,0.31585675478,0.0,0.0,0.0
2014-04-08 02:24:00,0.325541232344,0,0.00413650703123,1.71106548805e-05,1.71106548805e-05,0.321404725313,0.0,0.0,0.0
2014-04-08 02:29:00,0.314192314809,0,0.00526602082894,2.77308699879e-05,2.77308699879e-05,0.319458335638,0.0,0.0,0.0
2014-04-08 02:34:00,0.305989021156,0,0.0194155334496,0.000376962707378,0.000376962707378,0.325404554605,0.0,0.0,0.0
2014-04-08 02:39:00,0.306420773453,0,0.00835150461705,6.97476352798e-05,6.97476352798e-05,0.31477227807,0.0,0.0,0.0
2014-04-08 02:44:00,0.342194535249,0,0.0287725109995,0.000827856943943,0.000827856943943,0.31342202425,0.0,0.0,0.0
2014-04-08 02:49:00,0.268447130903,0,0.0602943003331,0.00363540253602,0.00363540253602,0.328741431236,0.0,0.0,0.0
2014-04-08 02:54:00,0.345566315097,0,0.0435428446952,0.00189597823191,0.00189597823191,0.302023470402,0.0,0.0,0.0
2014-04-08 02:59:00,0.288862846687,0,0.03602970402,0.0012981389882,0.0012981389882,0.324892550707,0.0,0.0,0.0
2014-04-08 03:04:00,0.30646189272,0,0.00295721709308,8.74517900229e-06,8.74517900229e-06,0.303504675627,0.0,0.0,0.0
2014-04-08 03:09:00,0.319743415777,0,0.00909399098613,8.27008334454e-05,8.27008334454e-05,0.310649424791,0.0,0.0,0.0
2014-04-08 03:14:00,0.304878800962,0,0.00255936398723,6.55034318697e-06,6.55034318697e-06,0.307438164949,0.0,0.0,0.0
2014-04-08 03:19:00,0.31637163593,0,0.0101250870389,0.000102517660707,0.000102517660707,0.306246548891,0.0,0.0,0.0
2014-04-08 03:24:00,0.307202039516,0,7.53835403972e-06,5.68514124666e-11,5.68514124666e-11,0.307194501162,0.0,0.0,0.0
2014-04-08 03:29:00,0.363905507926,0,0.0604152864253,0.00365000823513,0.00365000823513,0.3034902215,0.0,0.0,0.0
2014-04-08 03:34:00,0.264725837291,0,0.0629155902259,0.00395837193355,0.00395837193355,0.327641427517,0.0,0.0,0.0
2014-04-08 03:39:00,0.308579534941,0,0.0159300870232,0.000253767648246,0.000253767648246,0.292649447918,0.0,0.0,0.0
2014-04-08 03:44:00,0.311930755155,0,0.00565127469802,3.19368009514e-05,3.19368009514e-05,0.306279480457,0.0,0.0,0.0
2014-04-08 03:49:00,0.303295709205,0,0.0012517646073,1.56689600317e-06,1.56689600317e-06,0.302043944597,0.0,0.0,0.0
2014-04-08 03:54:00,0.32288903966,0,0.0161650873661,0.000261309731286,0.000261309731286,0.306723952293,0.0,0.0,0.0
2014-04-08 03:59:00,0.330845617714,0,0.025558614197,0.000653243099805,0.000653243099805,0.305287003517,0.0,0.0,0.0
2014-04-08 04:04:00,0.320236846975,0,0.00880841927842,7.7588512795e-05,7.7588512795e-05,0.311428427696,0.0,0.0,0.0
2014-04-08 04:09:00,0.313554966179,0,0.00103119638774,1.06335312466e-06,1.06335312466e-06,0.314586162567,0.0,0.0,0.0
2014-04-08 04:14:00,0.321696580933,0,0.010758580254,0.000115747017844,0.000115747017844,0.310938000679,0.0,0.0,0.0
2014-04-08 04:19:00,0.325294516746,0,0.0115372461713,0.000133108231239,0.000133108231239,0.313757270575,0.0,0.0,0.0
2014-04-08 04:24:00,0.304776002796,0,0.0140676301404,0.000197897927137,0.000197897927137,0.318843632936,0.0,0.0,0.0
2014-04-08 04:29:00,0.329879314953,0,0.0195044589578,0.000380423880415,0.000380423880415,0.310374855995,0.0,0.0,0.0
2014-04-08 04:34:00,0.287382553095,0,0.0312961835915,0.000979451695457,0.000979451695457,0.318678736687,0.0,0.0,0.0
2014-04-08 04:39:00,0.306708608318,0,0.000405188154122,1.64180860907e-07,1.64180860907e-07,0.307113796473,0.0,0.0,0.0
2014-04-08 04:44:00,0.323115195625,0,0.00764956652411,5.85159323236e-05,5.85159323236e-05,0.315465629101,0.0,0.0,0.0
2014-04-08 04:49:00,0.295133534818,0,0.0231623016309,0.000536492385436,0.000536492385436,0.318295836449,0.0,0.0,0.0
2014-04-08 04:54:00,0.346573737125,0,0.0336169569293,0.00113009999041,0.00113009999041,0.312956780195,0.0,0.0,0.0
2014-04-08 04:59:00,0.315405333169,0,0.0135258196517,0.000182947638677,0.000182947638677,0.328931152821,0.0,0.0,0.0
2014-04-08 05:04:00,0.333991241596,0,0.0179619015675,0.00032262946479,0.00032262946479,0.316029340029,0.0,0.0,0.0
2014-04-08 05:09:00,0.295380250416,0,0.0342581115145,0.00117361720186,0.00117361720186,0.329638361931,0.0,0.0,0.0
2014-04-08 05:14:00,0.306132938588,0,0.00297698763538,8.86243287823e-06,8.86243287823e-06,0.309109926224,0.0,0.0,0.0
2014-04-08 05:19:00,0.352577150024,0,0.0351442100174,0.00123511545826,0.00123511545826,0.317432940006,0.0,0.0,0.0
2014-04-08 05:24:00,0.315405333169,0,0.0113042949363,0.000127786945086,0.000127786945086,0.326709628105,0.0,0.0,0.0
2014-04-08 05:29:00,0.288122699891,0,0.033110900487,0.00109633081593,0.00109633081593,0.321233600378,0.0,0.0,0.0
2014-04-08 05:34:00,0.312753140484,0,0.0022997553693,5.2888767641e-06,5.2888767641e-06,0.310453385115,0.0,0.0,0.0
2014-04-08 05:39:00,0.312753140484,0,0.00490441962612,2.40533281612e-05,2.40533281612e-05,0.31765756011,0.0,0.0,0.0
2014-04-08 05:44:00,0.312259709287,0,0.00720142776956,5.18606393598e-05,5.18606393598e-05,0.319461137056,0.0,0.0,0.0
2014-04-08 05:49:00,0.335430415921,0,0.0175964260628,0.00030963413883,0.00030963413883,0.317833989859,0.0,0.0,0.0
2014-04-08 05:54:00,0.318530397418,0,0.00254784345372,6.49143930787e-06,6.49143930787e-06,0.321078240871,0.0,0.0,0.0
2014-04-08 05:59:00,0.300684635786,0,0.0178617487869,0.000319042243063,0.000319042243063,0.318546384573,0.0,0.0,0.0
2014-04-08 06:04:00,0.298423076132,0,0.0137702877726,0.000189620666788,0.000189620666788,0.312193363905,0.0,0.0,0.0
2014-04-08 06:09:00,0.323361911224,0,0.0164109546405,0.000269319163635,0.000269319163635,0.306950956583,0.0,0.0,0.0
2014-04-08 06:14:00,0.306955323917,0,0.0118298368629,0.000139944721013,0.000139944721013,0.31878516078,0.0,0.0,0.0
2014-04-08 06:19:00,0.323217993791,0,0.0132965801309,0.000176798886969,0.000176798886969,0.30992141366,0.0,0.0,0.0
2014-04-08 06:24:00,0.300458479821,0,0.0132137051234,0.00017460170784,0.00017460170784,0.313672184944,0.0,0.0,0.0
2014-04-08 06:29:00,0.323731984621,0,0.0164049227298,0.000269121635938,0.000269121635938,0.307327061892,0.0,0.0,0.0
2014-04-08 06:34:00,0.335019223257,0,0.0189794822178,0.000360221019946,0.000360221019946,0.316039741039,0.0,0.0,0.0
2014-04-08 06:39:00,0.291967351302,0,0.0257094313056,0.000660974299535,0.000660974299535,0.317676782608,0.0,0.0,0.0
2014-04-08 06:44:00,0.29706614034,0,0.0114697931545,0.00013155589113,0.00013155589113,0.308535933495,0.0,0.0,0.0
2014-04-08 06:49:00,0.324081498386,0,0.0190773189084,0.000363944564015,0.000363944564015,0.305004179478,0.0,0.0,0.0
2014-04-08 06:54:00,0.301877094513,0,0.009248899216,8.55423786561e-05,8.55423786561e-05,0.311125993729,0.0,0.0,0.0
2014-04-08 06:59:00,0.307202039516,0,0.000419048821569,1.75603290131e-07,1.75603290131e-07,0.306782990694,0.0,0.0,0.0
2014-04-08 07:04:00,0.30767491108,0,0.000207182226361,4.29259330303e-08,4.29259330303e-08,0.307467728853,0.0,0.0,0.0
2014-04-08 07:09:00,0.323115195625,0,0.016973401897,0.000288096518489,0.000288096518489,0.306141793728,0.0,0.0,0.0
2014-04-08 07:14:00,0.320709718539,0,0.00780238039623,6.08769332757e-05,6.08769332757e-05,0.312907338142,0.0,0.0,0.0
2014-04-08 07:19:00,0.338802195769,0,0.0258979272656,0.000670702254865,0.000670702254865,0.312904268503,0.0,0.0,0.0
2014-04-08 07:24:00,0.259544809721,0,0.0593451360249,0.00352184404619,0.00352184404619,0.318889945745,0.0,0.0,0.0
2014-04-08 07:29:00,0.308970167972,0,0.013080402948,0.000171096558915,0.000171096558915,0.295889765024,0.0,0.0,0.0
2014-04-08 07:34:00,0.323423590123,0,0.015522684514,0.000240953857428,0.000240953857428,0.307900905609,0.0,0.0,0.0
2014-04-08 07:39:00,0.327473837867,0,0.016026873126,0.000256861007074,0.000256861007074,0.311446964741,0.0,0.0,0.0
2014-04-08 07:44:00,0.328913012192,0,0.0148570925446,0.000220732938033,0.000220732938033,0.314055919647,0.0,0.0,0.0
2014-04-08 07:49:00,0.29706614034,0,0.0172602651852,0.000297916354612,0.000297916354612,0.314326405525,0.0,0.0,0.0
2014-04-08 07:54:00,0.307695470713,0,0.000662051103733,4.38321592355e-07,4.38321592355e-07,0.307033419609,0.0,0.0,0.0
2014-04-08 07:59:00,0.308867369806,0,0.00542294510667,2.94083838526e-05,2.94083838526e-05,0.314290314913,0.0,0.0,0.0
2014-04-08 08:04:00,0.309360801003,0,0.000576554558608,3.32416504989e-07,3.32416504989e-07,0.308784246445,0.0,0.0,0.0
2014-04-08 08:09:00,0.319990131376,0,0.00391868066576,1.5356034055e-05,1.5356034055e-05,0.31607145071,0.0,0.0,0.0
2014-04-08 08:14:00,0.327453278234,0,0.0141781794329,0.000201020971872,0.000201020971872,0.313275098801,0.0,0.0,0.0
2014-04-08 08:19:00,0.285963938403,0,0.0298837564705,0.000893038057256,0.000893038057256,0.315847694874,0.0,0.0,0.0
2014-04-08 08:24:00,0.304549846831,0,0.00174817818678,3.05611388285e-06,3.05611388285e-06,0.302801668644,0.0,0.0,0.0
2014-04-08 08:29:00,0.315549250601,0,0.00303470706804,9.20947059058e-06,9.20947059058e-06,0.312514543533,0.0,0.0,0.0
2014-04-08 08:34:00,0.294927938486,0,0.0182821316476,0.000334236829076,0.000334236829076,0.313210070133,0.0,0.0,0.0
2014-04-08 08:39:00,0.324574929583,0,0.015166741717,0.000230029691011,0.000230029691011,0.309408187866,0.0,0.0,0.0
2014-04-08 08:44:00,0.285717222805,0,0.0264851712039,0.000701464479789,0.000701464479789,0.312202394009,0.0,0.0,0.0
2014-04-08 08:49:00,0.30346018627,0,0.000707203599413,5.00144722082e-07,5.00144722082e-07,0.30416738987,0.0,0.0,0.0
2014-04-08 08:54:00,0.35198092066,0,0.0436289270996,0.00190348364413,0.00190348364413,0.308351993561,0.0,0.0,0.0
2014-04-08 08:59:00,0.290795452209,0,0.0281394354385,0.000791828206275,0.000791828206275,0.318934887648,0.0,0.0,0.0
2014-04-08 09:04:00,0.293673800859,0,0.00987730678564,9.75609436864e-05,9.75609436864e-05,0.303551107645,0.0,0.0,0.0
2014-04-08 09:09:00,0.355208783075,0,0.0495163487644,0.00245186896063,0.00245186896063,0.305692434311,0.0,0.0,0.0
2014-04-08 09:14:00,0.324081498386,0,0.00535421371619,2.86677313852e-05,2.86677313852e-05,0.31872728467,0.0,0.0,0.0
2014-04-08 09:19:00,0.328193425029,0,0.0100078869758,0.00010015782027,0.00010015782027,0.318185538054,0.0,0.0,0.0
2014-04-08 09:24:00,0.328666296593,0,0.0117884844461,0.000138968433021,0.000138968433021,0.316877812147,0.0,0.0,0.0
2014-04-08 09:29:00,0.330640021382,0,0.0130499933345,0.000170302242623,0.000170302242623,0.317590028048,0.0,0.0,0.0
2014-04-08 09:34:00,0.366084829047,0,0.0400523395085,0.001604191144,0.001604191144,0.326032489538,0.0,0.0,0.0
2014-04-08 09:39:00,0.308517856041,0,0.0248318188987,0.000616619829088,0.000616619829088,0.33334967494,0.0,0.0,0.0
2014-04-08 09:44:00,0.329529801188,0,0.0102616937741,0.000105302169686,0.000105302169686,0.319268107414,0.0,0.0,0.0
2014-04-08 09:49:00,0.331092333313,0,0.00257136869833,6.611965091e-06,6.611965091e-06,0.333663702011,0.0,0.0,0.0
2014-04-08 09:54:00,0.352803305989,0,0.0223052364643,0.000497524160892,0.000497524160892,0.330498069525,0.0,0.0,0.0
2014-04-08 09:59:00,0.32698040667,0,0.0162261479817,0.000263287714915,0.000263287714915,0.343206554651,0.0,0.0,0.0
2014-04-08 10:04:00,0.349431526142,0,0.0134720320277,0.000181495342986,0.000181495342986,0.335959494114,0.0,0.0,0.0
2014-04-08 10:09:00,0.368428627233,0,0.0235278105543,0.000553557416424,0.000553557416424,0.344900816679,0.0,0.0,0.0
2014-04-08 10:14:00,0.307921626678,0,0.0474324737876,0.00224984041415,0.00224984041415,0.355354100466,0.0,0.0,0.0
2014-04-08 10:19:00,0.32046300294,0,0.0167274761001,0.000279808504274,0.000279808504274,0.33719047904,0.0,0.0,0.0
2014-04-08 10:24:00,0.325602911244,0,0.0162127988237,0.00026285459171,0.00026285459171,0.341815710068,0.0,0.0,0.0
2014-04-08 10:29:00,0.320709718539,0,0.0221130716073,0.000488988531288,0.000488988531288,0.342822790146,0.0,0.0,0.0
2014-04-08 10:34:00,0.378626205308,0,0.0378539937568,0.00143292429857,0.00143292429857,0.340772211552,0.0,0.0,0.0
2014-04-08 10:39:00,0.30767491108,0,0.046848479452,0.00219477969222,0.00219477969222,0.354523390532,0.0,0.0,0.0
2014-04-08 10:44:00,0.345278480232,0,0.0103012110592,0.00010611477046,0.00010611477046,0.334977269173,0.0,0.0,0.0
2014-04-08 10:49:00,0.317810810255,0,0.0309044652709,0.000955086376052,0.000955086376052,0.348715275526,0.0,0.0,0.0
2014-04-08 10:54:00,0.342420691215,0,0.00609531398899,3.7152924051e-05,3.7152924051e-05,0.336325377226,0.0,0.0,0.0
2014-04-08 10:59:00,0.350809021567,0,0.00585941848631,3.43326246366e-05,3.43326246366e-05,0.344949603081,0.0,0.0,0.0
2014-04-08 11:04:00,0.308887929439,0,0.0332643084528,0.0011065142462,0.0011065142462,0.342152237892,0.0,0.0,0.0
2014-04-08 11:09:00,0.355064865643,0,0.026281413132,0.000690712826326,0.000690712826326,0.328783452511,0.0,0.0,0.0
2014-04-08 11:14:00,0.327288801168,0,0.0168533675925,0.000284035835648,0.000284035835648,0.34414216876,0.0,0.0,0.0
2014-04-08 11:19:00,0.333991241596,0,0.00724170818141,5.24421629962e-05,5.24421629962e-05,0.326749533415,0.0,0.0,0.0
2014-04-08 11:24:00,0.334710828759,0,0.00132090618457,1.74477293058e-06,1.74477293058e-06,0.336031734943,0.0,0.0,0.0
2014-04-08 11:29:00,0.321429305701,0,0.0103454953147,0.000107029140054,0.000107029140054,0.331774801016,0.0,0.0,0.0
2014-04-08 11:34:00,0.329632599354,0,0.00174621820386,3.04924060401e-06,3.04924060401e-06,0.331378817558,0.0,0.0,0.0
2014-04-08 11:39:00,0.292954213697,0,0.0340369271456,0.00115851289593,0.00115851289593,0.326991140842,0.0,0.0,0.0
2014-04-08 11:44:00,0.322642324061,0,0.00696468123867,4.85068158014e-05,4.85068158014e-05,0.315677642822,0.0,0.0,0.0
2014-04-08 11:49:00,0.294413947655,0,0.0284189049468,0.000807633798104,0.000807633798104,0.322832852602,0.0,0.0,0.0
2014-04-08 11:54:00,0.349184810543,0,0.0376526707648,0.00141772360075,0.00141772360075,0.311532139778,0.0,0.0,0.0
2014-04-08 11:59:00,0.282078167725,0,0.0400495917311,0.00160396902356,0.00160396902356,0.322127759457,0.0,0.0,0.0
2014-04-08 12:04:00,0.331030654413,0,0.0289186115092,0.000836286810227,0.000836286810227,0.302112042904,0.0,0.0,0.0
2014-04-08 12:09:00,0.303953617467,0,0.0142643455128,0.0002034715435,0.0002034715435,0.31821796298,0.0,0.0,0.0
2014-04-08 12:14:00,0.307921626678,0,0.00264994155474,7.02214538251e-06,7.02214538251e-06,0.305271685123,0.0,0.0,0.0
2014-04-08 12:19:00,0.34379818664,0,0.0367562733694,0.00135102390777,0.00135102390777,0.307041913271,0.0,0.0,0.0
2014-04-08 12:24:00,0.293427085261,0,0.0214765912491,0.000461244198959,0.000461244198959,0.31490367651,0.0,0.0,0.0
2014-04-08 12:29:00,0.30767491108,0,0.0097122157194,9.43272025324e-05,9.43272025324e-05,0.29796269536,0.0,0.0,0.0
2014-04-08 12:34:00,0.324328213985,0,0.0191103816578,0.000365206680726,0.000365206680726,0.305217832327,0.0,0.0,0.0
2014-04-08 12:39:00,0.311293406526,0,0.00983197812177,9.66675361269e-05,9.66675361269e-05,0.301461428404,0.0,0.0,0.0
2014-04-08 12:44:00,0.280577314501,0,0.0267648571683,0.00071635824861,0.00071635824861,0.307342171669,0.0,0.0,0.0
2014-04-08 12:49:00,0.303994736734,0,0.0102591431765,0.000105250190245,0.000105250190245,0.293735593557,0.0,0.0,0.0
2014-04-08 12:54:00,0.323608626822,0,0.0217232007776,0.000471897888929,0.000471897888929,0.301885426044,0.0,0.0,0.0
2014-04-08 12:59:00,0.31637163593,0,0.010721163289,0.000114943635708,0.000114943635708,0.305650472641,0.0,0.0,0.0
2014-04-08 13:04:00,0.313945599211,0,0.00933773101593,8.719307516e-05,8.719307516e-05,0.304607868195,0.0,0.0,0.0
2014-04-08 13:09:00,0.299965048624,0,0.00300679128125,9.04076296138e-06,9.04076296138e-06,0.302971839905,0.0,0.0,0.0
2014-04-08 13:14:00,0.309011287239,0,0.00440762117151,1.94270651264e-05,1.94270651264e-05,0.304603666067,0.0,0.0,0.0
2014-04-08 13:19:00,0.304878800962,0,0.00261738881848,6.85072518536e-06,6.85072518536e-06,0.302261412144,0.0,0.0,0.0
2014-04-08 13:24:00,0.32046300294,0,0.0173693311413,0.000301693624351,0.000301693624351,0.303093671799,0.0,0.0,0.0
2014-04-08 13:29:00,0.370895783219,0,0.0623549919461,0.00388814369217,0.00388814369217,0.308540791273,0.0,0.0,0.0
2014-04-08 13:34:00,0.27776064475,0,0.0494853059488,0.00244879443198,0.00244879443198,0.327245950699,0.0,0.0,0.0
2014-04-08 13:39:00,0.31106725056,0,0.0120626362071,0.000145507263369,0.000145507263369,0.299004614353,0.0,0.0,0.0
2014-04-08 13:44:00,0.32691872777,0,0.0120427376175,0.000145027370309,0.000145027370309,0.314875990152,0.0,0.0,0.0
2014-04-08 13:49:00,0.30467320463,0,0.0101937256163,0.000103912243503,0.000103912243503,0.314866930246,0.0,0.0,0.0
2014-04-08 13:54:00,0.32576738831,0,0.00838129755433,7.02463075868e-05,7.02463075868e-05,0.317386090755,0.0,0.0,0.0
2014-04-08 13:59:00,0.307921626678,0,0.00969617713385,9.40160171012e-05,9.40160171012e-05,0.317617803812,0.0,0.0,0.0
2014-04-08 14:04:00,0.332284792039,0,0.0178145009016,0.000317355967127,0.000317355967127,0.314470291138,0.0,0.0,0.0
2014-04-08 14:09:00,0.317337938691,0,0.00956912979981,9.15684067877e-05,9.15684067877e-05,0.326907068491,0.0,0.0,0.0
2014-04-08 14:14:00,0.296346553177,0,0.0214542070917,0.000460283335997,0.000460283335997,0.317800760269,0.0,0.0,0.0
2014-04-08 14:19:00,0.353625691318,0,0.0347469512454,0.00120735017117,0.00120735017117,0.318878740072,0.0,0.0,0.0
2014-04-08 14:24:00,0.315549250601,0,0.017725292684,0.000314185861498,0.000314185861498,0.333274543285,0.0,0.0,0.0
2014-04-08 14:29:00,0.306174057855,0,0.0148621617421,0.000220883506699,0.000220883506699,0.321036219597,0.0,0.0,0.0
2014-04-08 14:34:00,0.326014103908,0,0.00384325029358,1.47705541167e-05,1.47705541167e-05,0.322170853615,0.0,0.0,0.0
2014-04-08 14:39:00,0.311786837723,0,0.0149162040691,0.000222493355977,0.000222493355977,0.326703041792,0.0,0.0,0.0
2014-04-08 14:44:00,0.321429305701,0,0.000334047703673,1.11592228791e-07,1.11592228791e-07,0.321095257998,0.0,0.0,0.0
2014-04-08 14:49:00,0.295750323814,0,0.0301654002249,0.000909951631911,0.000909951631911,0.325915724039,0.0,0.0,0.0
2014-04-08 14:54:00,0.328028947964,0,0.0132813760184,0.000176394925802,0.000176394925802,0.314747571945,0.0,0.0,0.0
2014-04-08 14:59:00,0.306893645017,0,0.0204627530882,0.000418724201154,0.000418724201154,0.327356398106,0.0,0.0,0.0
2014-04-08 15:04:00,0.328193425029,0,0.0124154675899,0.000154143868713,0.000154143868713,0.315777957439,0.0,0.0,0.0
2014-04-08 15:09:00,0.358107691359,0,0.0332469695322,0.00110536068678,0.00110536068678,0.324860721827,0.0,0.0,0.0
2014-04-08 15:14:00,0.279898846605,0,0.0533357913711,0.00284470594488,0.00284470594488,0.333234637976,0.0,0.0,0.0
2014-04-08 15:19:00,0.305022718395,0,0.00497034004837,2.4704298994e-05,2.4704298994e-05,0.309993058443,0.0,0.0,0.0
2014-04-08 15:24:00,0.3450728839,0,0.0311069374638,0.00096764229238,0.00096764229238,0.313965946436,0.0,0.0,0.0
2014-04-08 15:29:00,0.292234626534,0,0.0327411918614,0.00107198546175,0.00107198546175,0.324975818396,0.0,0.0,0.0
2014-04-08 15:34:00,0.329406443389,0,0.0193041296321,0.000372649286874,0.000372649286874,0.310102313757,0.0,0.0,0.0
2014-04-08 15:39:00,0.291268323773,0,0.0270751963914,0.000733066524845,0.000733066524845,0.318343520164,0.0,0.0,0.0
2014-04-08 15:44:00,0.3098542322,0,0.00211476577174,4.472263754e-06,4.472263754e-06,0.307739466429,0.0,0.0,0.0
2014-04-08 15:49:00,0.307428195481,0,0.00804467558415,6.47170381853e-05,6.47170381853e-05,0.315472871065,0.0,0.0,0.0
2014-04-08 15:54:00,0.354735911511,0,0.0489175027837,0.00239292206243,0.00239292206243,0.305818408728,0.0,0.0,0.0
2014-04-08 15:59:00,0.305022718395,0,0.0191374402395,0.000366241700249,0.000366241700249,0.324160158634,0.0,0.0,0.0
2014-04-08 16:04:00,0.349184810543,0,0.036868869686,0.00135931361001,0.00135931361001,0.312315940857,0.0,0.0,0.0
2014-04-08 16:09:00,0.329879314953,0,0.00945291047686,8.93574906513e-05,8.93574906513e-05,0.320426404476,0.0,0.0,0.0
2014-04-08 16:14:00,0.299224901828,0,0.0172237866793,0.000296658428852,0.000296658428852,0.316448688507,0.0,0.0,0.0
2014-04-08 16:19:00,0.322642324061,0,0.00974225768521,9.49116292759e-05,9.49116292759e-05,0.312900066376,0.0,0.0,0.0
2014-04-08 16:24:00,0.304056415634,0,0.0122507118422,0.000150080173626,0.000150080173626,0.316307127476,0.0,0.0,0.0
2014-04-08 16:29:00,0.30237052571,0,0.00744252670603,5.5391312344e-05,5.5391312344e-05,0.309813052416,0.0,0.0,0.0
2014-04-08 16:34:00,0.305742305557,0,0.0083018421726,6.89207809046e-05,6.89207809046e-05,0.31404414773,0.0,0.0,0.0
2014-04-08 16:39:00,0.332531507638,0,0.0242401618032,0.000587585673202,0.000587585673202,0.308291345835,0.0,0.0,0.0
2014-04-08 16:44:00,0.329632599354,0,0.00550111055438,3.02623357129e-05,3.02623357129e-05,0.3241314888,0.0,0.0,0.0
2014-04-08 16:49:00,0.316453874463,0,0.00269541109201,7.2652428571e-06,7.2652428571e-06,0.319149285555,0.0,0.0,0.0
2014-04-08 16:54:00,0.30646189272,0,0.0129689949793,0.000168194630533,0.000168194630533,0.319430887699,0.0,0.0,0.0
2014-04-08 16:59:00,0.307202039516,0,0.00605991646087,3.67225693481e-05,3.67225693481e-05,0.313261955976,0.0,0.0,0.0
2014-04-08 17:04:00,0.307140360616,0,0.00828092262912,6.85738486936e-05,6.85738486936e-05,0.315421283245,0.0,0.0,0.0
2014-04-08 17:09:00,0.323115195625,0,0.0122592109371,0.000150288353325,0.000150288353325,0.310855984688,0.0,0.0,0.0
2014-04-08 17:14:00,0.310100947799,0,0.00688859325468,4.74527842016e-05,4.74527842016e-05,0.316989541054,0.0,0.0,0.0
2014-04-08 17:19:00,0.307921626678,0,0.00199048865728,3.96207860831e-06,3.96207860831e-06,0.309912115335,0.0,0.0,0.0
2014-04-08 17:24:00,0.352330434425,0,0.0373752893044,0.00139691308141,0.00139691308141,0.314955145121,0.0,0.0,0.0
2014-04-08 17:29:00,0.329056929624,0,0.00462241081029,2.13665807678e-05,2.13665807678e-05,0.324434518814,0.0,0.0,0.0
2014-04-08 17:34:00,0.300746314686,0,0.0221719811745,0.000491596467327,0.000491596467327,0.32291829586,0.0,0.0,0.0
2014-04-08 17:39:00,0.313472727647,0,0.00165100921183,2.72586316896e-06,2.72586316896e-06,0.315123736858,0.0,0.0,0.0
2014-04-08 17:44:00,0.310327103764,0,0.00770525035197,5.9370744566e-05,5.9370744566e-05,0.318032354116,0.0,0.0,0.0
2014-04-08 17:49:00,0.306708608318,0,0.00807046468153,6.51324662613e-05,6.51324662613e-05,0.314779073,0.0,0.0,0.0
2014-04-08 17:54:00,0.343695388474,0,0.0300790530823,0.00090475025354,0.00090475025354,0.313616335392,0.0,0.0,0.0
2014-04-08 17:59:00,0.305783424824,0,0.0150724311181,0.000227178301429,0.000227178301429,0.320855855942,0.0,0.0,0.0
2014-04-08 18:04:00,0.30940192027,0,0.0053063126099,2.81568572973e-05,2.81568572973e-05,0.31470823288,0.0,0.0,0.0
2014-04-08 18:09:00,0.339151709534,0,0.0218987159498,0.000479553797049,0.000479553797049,0.317252993584,0.0,0.0,0.0
2014-04-08 18:14:00,0.324081498386,0,0.0010539472119,1.11082988496e-06,1.11082988496e-06,0.323027551174,0.0,0.0,0.0
2014-04-08 18:19:00,0.380558810831,0,0.0551578027017,0.00304238405079,0.00304238405079,0.325401008129,0.0,0.0,0.0
2014-04-08 18:24:00,0.268591048336,0,0.072832701588,0.00530460290611,0.00530460290611,0.341423749924,0.0,0.0,0.0
2014-04-08 18:29:00,0.347745636218,0,0.0413248629501,0.00170774350408,0.00170774350408,0.306420773268,0.0,0.0,0.0
2014-04-08 18:34:00,0.339562902198,0,0.00696734522341,4.85437703901e-05,4.85437703901e-05,0.332595556974,0.0,0.0,0.0
2014-04-08 18:39:00,0.293673800859,0,0.0311707979107,0.000971617875621,0.000971617875621,0.32484459877,0.0,0.0,0.0
2014-04-08 18:44:00,0.330331626884,0,0.0100235376275,0.000100471239421,0.000100471239421,0.320308089256,0.0,0.0,0.0
2014-04-08 18:49:00,0.286210654002,0,0.0406759402936,0.00165453192312,0.00165453192312,0.326886594296,0.0,0.0,0.0
2014-04-08 18:54:00,0.322436727729,0,0.00882769390576,7.79280453571e-05,7.79280453571e-05,0.313609033823,0.0,0.0,0.0
2014-04-08 18:59:00,0.331935278275,0,0.00305893192492,9.35711523198e-06,9.35711523198e-06,0.32887634635,0.0,0.0,0.0
2014-04-08 19:04:00,0.281543617262,0,0.0419700395928,0.00176148465835,0.00176148465835,0.323513656855,0.0,0.0,0.0
2014-04-08 19:09:00,0.355208783075,0,0.0397701250763,0.00158166291658,0.00158166291658,0.315438657999,0.0,0.0,0.0
2014-04-08 19:14:00,0.272682415346,0,0.0579180251565,0.00335449608974,0.00335449608974,0.330600440502,0.0,0.0,0.0
2014-04-08 19:19:00,0.303953617467,0,0.00234305824238,5.48992375116e-06,5.48992375116e-06,0.301610559225,0.0,0.0,0.0
2014-04-08 19:24:00,0.310738296429,0,0.00425305851353,1.8088516299e-05,1.8088516299e-05,0.314991354942,0.0,0.0,0.0
2014-04-08 19:29:00,0.305989021156,0,0.00343520035979,1.18005609693e-05,1.18005609693e-05,0.309424221516,0.0,0.0,0.0
2014-04-08 19:34:00,0.312095232221,0,0.00421989700453,1.78074678843e-05,1.78074678843e-05,0.307875335217,0.0,0.0,0.0
2014-04-08 19:39:00,0.364789572154,0,0.0548706618891,0.00301078986377,0.00301078986377,0.309918910265,0.0,0.0,0.0
2014-04-08 19:44:00,0.274615020868,0,0.0453982340129,0.00206099986099,0.00206099986099,0.320013254881,0.0,0.0,0.0
2014-04-08 19:49:00,0.294413947655,0,0.00732219855645,5.36144980288e-05,5.36144980288e-05,0.301736146212,0.0,0.0,0.0
2014-04-08 19:54:00,0.321182590103,0,0.0188216978068,0.000354255869752,0.000354255869752,0.302360892296,0.0,0.0,0.0
2014-04-08 19:59:00,0.305989021156,0,0.00148922791717,2.21778236664e-06,2.21778236664e-06,0.307478249073,0.0,0.0,0.0
2014-04-08 20:04:00,0.332387590205,0,0.0284608242867,0.00081001885701,0.00081001885701,0.303926765919,0.0,0.0,0.0
2014-04-08 20:09:00,0.30755155328,0,0.00284139272458,8.07345895737e-06,8.07345895737e-06,0.310392946005,0.0,0.0,0.0
2014-04-08 20:14:00,0.323279672691,0,0.0234678326333,0.000550739467144,0.000550739467144,0.299811840057,0.0,0.0,0.0
2014-04-08 20:19:00,0.321244269002,0,0.00551655827836,3.04324221361e-05,3.04324221361e-05,0.315727710724,0.0,0.0,0.0
2014-04-08 20:24:00,0.278233516314,0,0.0244699834799,0.000598779530264,0.000598779530264,0.302703499794,0.0,0.0,0.0
2014-04-08 20:29:00,0.306482452353,0,0.00313581844192,9.83343124972e-06,9.83343124972e-06,0.303346633911,0.0,0.0,0.0
2014-04-08 20:34:00,0.330660581015,0,0.0229067200648,0.000524717848748,0.000524717848748,0.30775386095,0.0,0.0,0.0
2014-04-08 20:39:00,0.283537901684,0,0.0280197488823,0.000785106734838,0.000785106734838,0.311557650566,0.0,0.0,0.0
2014-04-08 20:44:00,0.319743415777,0,0.0213689715312,0.000456633337308,0.000456633337308,0.298374444246,0.0,0.0,0.0
2014-04-08 20:49:00,0.304303131232,0,0.00694686995995,4.82588875457e-05,4.82588875457e-05,0.311250001192,0.0,0.0,0.0
2014-04-08 20:54:00,0.341947819651,0,0.0385116595633,0.00148314819671,0.00148314819671,0.303436160088,0.0,0.0,0.0
2014-04-08 20:59:00,0.309134645038,0,0.0130346588561,0.000169902661582,0.000169902661582,0.322169303894,0.0,0.0,0.0
2014-04-08 21:04:00,0.335903287485,0,0.0311847036631,0.000972485693637,0.000972485693637,0.304718583822,0.0,0.0,0.0
2014-04-08 21:09:00,0.334916425091,0,0.0120152059614,0.000144364879816,0.000144364879816,0.32290121913,0.0,0.0,0.0
2014-04-08 21:14:00,0.297230617406,0,0.0224018830043,0.000501843751408,0.000501843751408,0.31963250041,0.0,0.0,0.0
2014-04-08 21:19:00,0.335183700323,0,0.0232141220566,0.00053889589617,0.00053889589617,0.311969578266,0.0,0.0,0.0
2014-04-08 21:24:00,0.324328213985,0,0.00141072278708,1.99013857127e-06,1.99013857127e-06,0.322917491198,0.0,0.0,0.0
2014-04-08 21:29:00,0.374411480499,0,0.053656535221,0.00287902518176,0.00287902518176,0.320754945278,0.0,0.0,0.0
2014-04-08 21:34:00,0.324657168116,0,0.0142447092871,0.000202911629458,0.000202911629458,0.338901877403,0.0,0.0,0.0
2014-04-08 21:39:00,0.330722259915,0,0.00275327507258,7.58059240979e-06,7.58059240979e-06,0.327968984842,0.0,0.0,0.0
2014-04-08 21:44:00,0.331051214046,0,0.00569619386687,3.24467764585e-05,3.24467764585e-05,0.336747407913,0.0,0.0,0.0
2014-04-08 21:49:00,0.338576039803,0,0.00408705188078,1.67040652741e-05,1.67040652741e-05,0.334488987923,0.0,0.0,0.0
2014-04-08 21:54:00,0.352803305989,0,0.00897728026461,8.05918098195e-05,8.05918098195e-05,0.343826025724,0.0,0.0,0.0
2014-04-08 21:59:00,0.311725158823,0,0.0342983411425,0.00117637543008,0.00117637543008,0.346023499966,0.0,0.0,0.0
2014-04-08 22:04:00,0.326404736939,0,0.00834451466459,6.9630703365e-05,6.9630703365e-05,0.334749251604,0.0,0.0,0.0
2014-04-08 22:09:00,0.345484076564,0,0.00678357345319,4.60168885184e-05,4.60168885184e-05,0.338700503111,0.0,0.0,0.0
2014-04-08 22:14:00,0.324739406649,0,0.0215808946453,0.000465735443868,0.000465735443868,0.346320301294,0.0,0.0,0.0
2014-04-08 22:19:00,0.351199654598,0,0.0078664996814,6.18818521616e-05,6.18818521616e-05,0.343333154917,0.0,0.0,0.0
2014-04-08 22:24:00,0.360266452846,0,0.0101680217361,0.000103388549178,0.000103388549178,0.35009843111,0.0,0.0,0.0
2014-04-08 22:29:00,0.290795452209,0,0.0617249540371,0.00380997080356,0.00380997080356,0.352520406246,0.0,0.0,0.0
2014-04-08 22:34:00,0.32046300294,0,0.0146565425197,0.000214814281208,0.000214814281208,0.33511954546,0.0,0.0,0.0
2014-04-08 22:39:00,0.317564094657,0,0.0195952409567,0.000383973267162,0.000383973267162,0.337159335613,0.0,0.0,0.0
2014-04-08 22:44:00,0.318777113016,0,0.0138888668459,0.000192900595721,0.000192900595721,0.332665979862,0.0,0.0,0.0
2014-04-08 22:49:00,0.318777113016,0,0.0164856028002,0.000271775061265,0.000271775061265,0.335262715816,0.0,0.0,0.0
2014-04-08 22:54:00,0.372047122679,0,0.0456915461641,0.00208771764301,0.00208771764301,0.326355576515,0.0,0.0,0.0
2014-04-08 22:59:00,0.310244865232,0,0.0316889216374,0.00100418820512,0.00100418820512,0.341933786869,0.0,0.0,0.0
2014-04-08 23:04:00,0.312979296449,0,0.0128006482089,0.00016385622439,0.00016385622439,0.325779944658,0.0,0.0,0.0
2014-04-08 23:09:00,0.343078599478,0,0.0171833496342,0.000295267993351,0.000295267993351,0.325895249844,0.0,0.0,0.0
2014-04-08 23:14:00,0.327144883735,0,0.00239906443825,5.7554752857e-06,5.7554752857e-06,0.329543948174,0.0,0.0,0.0
2014-04-08 23:19:00,0.341454388454,0,0.015060307338,0.000226812800975,0.000226812800975,0.326394081116,0.0,0.0,0.0
2014-04-08 23:24:00,0.363185920763,0,0.0389233315469,0.00151502504013,0.00151502504013,0.324262589216,0.0,0.0,0.0
2014-04-08 23:29:00,0.309936470733,0,0.021302484526,0.000453796150396,0.000453796150396,0.331238955259,0.0,0.0,0.0
2014-04-08 23:34:00,0.331565204877,0,0.0109624898613,0.000120176104247,0.000120176104247,0.320602715015,0.0,0.0,0.0
2014-04-08 23:39:00,0.331565204877,0,0.00848597647556,7.20117386663e-05,7.20117386663e-05,0.323079228401,0.0,0.0,0.0
2014-04-08 23:44:00,0.343386993976,0,0.0167206090406,0.000279579224298,0.000279579224298,0.326666384935,0.0,0.0,0.0
2014-04-08 23:49:00,0.31106725056,0,0.0220654336706,0.000486883247504,0.000486883247504,0.333132684231,0.0,0.0,0.0
2014-04-08 23:54:00,0.366434342811,0,0.0450750958421,0.00203176354989,0.00203176354989,0.321359246969,0.0,0.0,0.0
2014-04-08 23:59:00,0.308887929439,0,0.026561140299,0.000705494196154,0.000705494196154,0.335449069738,0.0,0.0,0.0
2014-04-09 00:04:00,0.32698040667,0,0.00211733045952,4.48311084256e-06,4.48311084256e-06,0.32486307621,0.0,0.0,0.0
2014-04-09 00:09:00,0.341145993955,0,0.0136563794688,0.000186496661627,0.000186496661627,0.327489614487,0.0,0.0,0.0
2014-04-09 00:14:00,0.32570570941,0,0.00596213107066,3.55470365321e-05,3.55470365321e-05,0.331667840481,0.0,0.0,0.0
2014-04-09 00:19:00,0.336992948046,0,0.00822451590546,6.76426789141e-05,6.76426789141e-05,0.32876843214,0.0,0.0,0.0
2014-04-09 00:24:00,0.314274553342,0,0.0194815954732,0.000379532721126,0.000379532721126,0.333756148815,0.0,0.0,0.0
2014-04-09 00:29:00,0.348033471083,0,0.0249827337019,0.000624136300758,0.000624136300758,0.323050737381,0.0,0.0,0.0
2014-04-09 00:34:00,0.331811920475,0,0.00959159367147,9.19983940548e-05,9.19983940548e-05,0.341403514147,0.0,0.0,0.0
2014-04-09 00:39:00,0.337363021444,0,0.00732828862509,5.37040068593e-05,5.37040068593e-05,0.330034732819,0.0,0.0,0.0
2014-04-09 00:44:00,0.305454470692,0,0.0321512143034,0.00103370111901,0.00103370111901,0.337605684996,0.0,0.0,0.0
2014-04-09 00:49:00,0.322395608462,0,7.34484567756e-05,5.39677191824e-09,5.39677191824e-09,0.322322160006,0.0,0.0,0.0
2014-04-09 00:54:00,0.343880425173,0,0.0118957264008,0.00014150806237,0.00014150806237,0.331984698772,0.0,0.0,0.0
2014-04-09 00:59:00,0.34846522338,0,0.0158689511503,0.000251823948929,0.000251823948929,0.33259627223,0.0,0.0,0.0
2014-04-09 01:04:00,0.346532617858,0,0.00794402246778,6.31074144621e-05,6.31074144621e-05,0.33858859539,0.0,0.0,0.0
2014-04-09 01:09:00,0.319743415777,0,0.0172907500818,0.000298969738651,0.000298969738651,0.337034165859,0.0,0.0,0.0
2014-04-09 01:14:00,0.323567507556,0,0.00863760919314,7.46082587284e-05,7.46082587284e-05,0.332205116749,0.0,0.0,0.0
2014-04-09 01:19:00,0.3216760213,0,0.00852804831463,7.27277001715e-05,7.27277001715e-05,0.330204069614,0.0,0.0,0.0
2014-04-09 01:24:00,0.324328213985,0,0.00662571186334,4.39000577899e-05,4.39000577899e-05,0.330953925848,0.0,0.0,0.0
2014-04-09 01:29:00,0.327268241535,0,0.00304362307992,9.26363372855e-06,9.26363372855e-06,0.330311864614,0.0,0.0,0.0
2014-04-09 01:34:00,0.343654269208,0,0.0133139135731,0.000177260444616,0.000177260444616,0.330340355635,0.0,0.0,0.0
2014-04-09 01:39:00,0.379428031004,0,0.0456914921169,0.0020877122879,0.0020877122879,0.333736538887,0.0,0.0,0.0
2014-04-09 01:44:00,0.296120397212,0,0.0495901783685,0.00245918496512,0.00245918496512,0.345710575581,0.0,0.0,0.0
2014-04-09 01:49:00,0.326260819507,0,0.00317089207206,1.00544657471e-05,1.00544657471e-05,0.323089927435,0.0,0.0,0.0
2014-04-09 01:54:00,0.344106581139,0,0.00997784368895,9.95574373519e-05,9.95574373519e-05,0.33412873745,0.0,0.0,0.0
2014-04-09 01:59:00,0.326199140607,0,0.00874367708066,7.64518263168e-05,7.64518263168e-05,0.334942817688,0.0,0.0,0.0
2014-04-09 02:04:00,0.349184810543,0,0.0179711574554,0.000322962529026,0.000322962529026,0.331213653088,0.0,0.0,0.0
2014-04-09 02:09:00,0.334217397562,0,0.00176748813097,3.12400788971e-06,3.12400788971e-06,0.335984885693,0.0,0.0,0.0
2014-04-09 02:14:00,0.341865581118,0,0.00979064091341,9.5856419648e-05,9.5856419648e-05,0.332074940205,0.0,0.0,0.0
2014-04-09 02:19:00,0.367996874936,0,0.0290495787932,0.000843877845909,0.000843877845909,0.338947296143,0.0,0.0,0.0
2014-04-09 02:24:00,0.291843993503,0,0.0495611597714,0.0024563097395,0.0024563097395,0.341405153275,0.0,0.0,0.0
2014-04-09 02:29:00,0.319126626781,0,0.00936902470256,8.77784550539e-05,8.77784550539e-05,0.328495651484,0.0,0.0,0.0
2014-04-09 02:34:00,0.31982565431,0,0.0142223784503,0.000202276190976,0.000202276190976,0.334048032761,0.0,0.0,0.0
2014-04-09 02:39:00,0.346121425194,0,0.0177631922188,0.000315531186061,0.000315531186061,0.328358232975,0.0,0.0,0.0
2014-04-09 02:44:00,0.302000452312,0,0.0354311573187,0.00125536613632,0.00125536613632,0.337431609631,0.0,0.0,0.0
2014-04-09 02:49:00,0.319763975411,0,0.00278638097741,7.763846952e-06,7.763846952e-06,0.322550356388,0.0,0.0,0.0
2014-04-09 02:54:00,0.335245379222,0,0.00921879054407,8.49859425216e-05,8.49859425216e-05,0.326026588678,0.0,0.0,0.0
2014-04-09 02:59:00,0.320175168075,0,0.0104658333879,0.000109533611976,0.000109533611976,0.330641001463,0.0,0.0,0.0
2014-04-09 03:04:00,0.32288903966,0,0.000214835262266,4.61583482547e-08,4.61583482547e-08,0.323103874922,0.0,0.0,0.0
2014-04-09 03:09:00,0.350089434404,0,0.0250140166475,0.000625700864475,0.000625700864475,0.325075417757,0.0,0.0,0.0
2014-04-09 03:14:00,0.31106725056,0,0.0203763572469,0.000415195827372,0.000415195827372,0.331443607807,0.0,0.0,0.0
2014-04-09 03:19:00,0.394786077016,0,0.0730734639106,0.00533973285928,0.00533973285928,0.321712613106,0.0,0.0,0.0
2014-04-09 03:24:00,0.314192314809,0,0.0255335968082,0.000651964044664,0.000651964044664,0.339725911617,0.0,0.0,0.0
2014-04-09 03:29:00,0.305742305557,0,0.0156349122124,0.000244450842729,0.000244450842729,0.32137721777,0.0,0.0,0.0
2014-04-09 03:34:00,0.332778223236,0,0.0110045749745,0.00012110050011,0.00012110050011,0.321773648262,0.0,0.0,0.0
2014-04-09 03:39:00,0.330187709451,0,0.00301280748898,9.07700086827e-06,9.07700086827e-06,0.327174901962,0.0,0.0,0.0
2014-04-09 03:44:00,0.332901581036,0,0.00656048844928,4.30398285971e-05,4.30398285971e-05,0.326341092587,0.0,0.0,0.0
2014-04-09 03:49:00,0.338205966406,0,0.00682267849891,4.65488992631e-05,4.65488992631e-05,0.331383287907,0.0,0.0,0.0
2014-04-09 03:54:00,0.33446411316,0,0.0057429773055,3.29816721205e-05,3.29816721205e-05,0.328721135855,0.0,0.0,0.0
2014-04-09 03:59:00,0.340796480191,0,0.00464878441099,2.16111075133e-05,2.16111075133e-05,0.33614769578,0.0,0.0,0.0
2014-04-09 04:04:00,0.304549846831,0,0.0255678556534,0.000653715454973,0.000653715454973,0.330117702484,0.0,0.0,0.0
2014-04-09 04:09:00,0.344846727934,0,0.0203408325582,0.000413749366999,0.000413749366999,0.324505895376,0.0,0.0,0.0
2014-04-09 04:14:00,0.357737617961,0,0.0219216816339,0.000480560673168,0.000480560673168,0.335815936327,0.0,0.0,0.0
2014-04-09 04:19:00,0.328255103929,0,0.0132398139406,0.000175292327185,0.000175292327185,0.34149491787,0.0,0.0,0.0
2014-04-09 04:24:00,0.342420691215,0,0.0128720044721,0.000165688659763,0.000165688659763,0.329548686743,0.0,0.0,0.0
2014-04-09 04:29:00,0.351590287629,0,0.0119828700458,0.000143588884384,0.000143588884384,0.339607417583,0.0,0.0,0.0
2014-04-09 04:34:00,0.305022718395,0,0.0347609501234,0.00120832375251,0.00120832375251,0.339783668518,0.0,0.0,0.0
2014-04-09 04:39:00,0.329570920455,0,0.00573551536866,3.28961505147e-05,3.28961505147e-05,0.335306435823,0.0,0.0,0.0
2014-04-09 04:44:00,0.303645222969,0,0.0291146342085,0.000847661925945,0.000847661925945,0.332759857178,0.0,0.0,0.0
2014-04-09 04:49:00,0.323217993791,0,0.00592904705297,3.51536691596e-05,3.51536691596e-05,0.329147040844,0.0,0.0,0.0
2014-04-09 04:54:00,0.34098151689,0,0.00751227503221,5.64342226426e-05,5.64342226426e-05,0.333469241858,0.0,0.0,0.0
2014-04-09 04:59:00,0.337753654475,0,0.00272128080804,7.40536415833e-06,7.40536415833e-06,0.335032373667,0.0,0.0,0.0
2014-04-09 05:04:00,0.351610847262,0,0.0183511157313,0.000336763157975,0.000336763157975,0.333259731531,0.0,0.0,0.0
2014-04-09 05:09:00,0.341207672855,0,0.000322987338759,1.04327426698e-07,1.04327426698e-07,0.340884685516,0.0,0.0,0.0
2014-04-09 05:14:00,0.324636608483,0,0.0075551866278,5.70808479097e-05,5.70808479097e-05,0.332191795111,0.0,0.0,0.0
2014-04-09 05:19:00,0.342667406813,0,0.00642249585803,4.12483750551e-05,4.12483750551e-05,0.336244910955,0.0,0.0,0.0
2014-04-09 05:24:00,0.302617241308,0,0.032049487665,0.00102716893889,0.00102716893889,0.334666728973,0.0,0.0,0.0
2014-04-09 05:29:00,0.336396718683,0,0.0120363182442,0.000144873090903,0.000144873090903,0.324360400438,0.0,0.0,0.0
2014-04-09 05:34:00,0.31637163593,0,0.0166114406424,0.000275939499261,0.000275939499261,0.332983076572,0.0,0.0,0.0
2014-04-09 05:39:00,0.323608626822,0,0.00202245523586,4.09028461945e-06,4.09028461945e-06,0.325631082058,0.0,0.0,0.0
2014-04-09 05:44:00,0.346882131623,0,0.020481017159,0.000419472198701,0.000419472198701,0.326401114464,0.0,0.0,0.0
2014-04-09 05:49:00,0.327473837867,0,0.005505662427,3.03121960314e-05,3.03121960314e-05,0.332979500294,0.0,0.0,0.0
2014-04-09 05:54:00,0.32461604885,0,0.00432791896953,1.87309178727e-05,1.87309178727e-05,0.328943967819,0.0,0.0,0.0
2014-04-09 05:59:00,0.322148892864,0,0.00900828482294,8.11492573121e-05,8.11492573121e-05,0.331157177687,0.0,0.0,0.0
2014-04-09 06:04:00,0.328769094759,0,0.00583253007544,3.40183250955e-05,3.40183250955e-05,0.322936564684,0.0,0.0,0.0
2014-04-09 06:09:00,0.356442361068,0,0.02831622858,0.000801808841061,0.000801808841061,0.328126132488,0.0,0.0,0.0
2014-04-09 06:14:00,0.315816525833,0,0.0158613878326,0.000251583755016,0.000251583755016,0.331677913666,0.0,0.0,0.0
2014-04-09 06:19:00,0.334217397562,0,0.0132180732399,0.000174717511982,0.000174717511982,0.320999324322,0.0,0.0,0.0
2014-04-09 06:24:00,0.358662801456,0,0.032071369361,0.00102857348975,0.00102857348975,0.326591432095,0.0,0.0,0.0
2014-04-09 06:29:00,0.321922736898,0,0.0145379428711,0.000211351420148,0.000211351420148,0.33646067977,0.0,0.0,0.0
2014-04-09 06:34:00,0.34628590226,0,0.0179176855065,0.000321043713484,0.000321043713484,0.328368216753,0.0,0.0,0.0
2014-04-09 06:39:00,0.321429305701,0,0.0168560808612,0.000284127250779,0.000284127250779,0.338285386562,0.0,0.0,0.0
2014-04-09 06:44:00,0.306153498222,0,0.0222235102165,0.000493884086609,0.000493884086609,0.328377008438,0.0,0.0,0.0
2014-04-09 06:49:00,0.32288903966,0,0.00541170463559,2.92866516247e-05,2.92866516247e-05,0.328300744295,0.0,0.0,0.0
2014-04-09 06:54:00,0.341701104052,0,0.0167301136329,0.000279896252323,0.000279896252323,0.324970990419,0.0,0.0,0.0
2014-04-09 06:59:00,0.337363021444,0,0.00435905344329,1.90014598047e-05,1.90014598047e-05,0.333003968,0.0,0.0,0.0
2014-04-09 07:04:00,0.340734801291,0,0.00796433448664,6.34307580185e-05,6.34307580185e-05,0.332770466805,0.0,0.0,0.0
2014-04-09 07:09:00,0.343160838011,0,0.00968217861925,9.37445802265e-05,9.37445802265e-05,0.333478659391,0.0,0.0,0.0
2014-04-09 07:14:00,0.326507535106,0,0.00999439107813,9.98877876555e-05,9.98877876555e-05,0.336501926184,0.0,0.0,0.0
2014-04-09 07:19:00,0.338966672835,0,0.0035848669378,1.28512338051e-05,1.28512338051e-05,0.335381805897,0.0,0.0,0.0
2014-04-09 07:24:00,0.336376159049,0,0.000756769038489,5.72701424062e-07,5.72701424062e-07,0.335619390011,0.0,0.0,0.0
2014-04-09 07:29:00,0.303624663336,0,0.0330910349062,0.00109501683619,0.00109501683619,0.336715698242,0.0,0.0,0.0
2014-04-09 07:34:00,0.325931865376,0,0.000215959150311,4.6633378048e-08,4.6633378048e-08,0.326147824526,0.0,0.0,0.0
2014-04-09 07:39:00,0.329776516787,0,0.00132315479887,1.75076172582e-06,1.75076172582e-06,0.328453361988,0.0,0.0,0.0
2014-04-09 07:44:00,0.327165443368,0,0.00410560899204,1.68559326994e-05,1.68559326994e-05,0.331271052361,0.0,0.0,0.0
2014-04-09 07:49:00,0.352330434425,0,0.0201599479749,0.00040642399108,0.00040642399108,0.33217048645,0.0,0.0,0.0
2014-04-09 07:54:00,0.329365324123,0,0.00780778016358,6.09616035945e-05,6.09616035945e-05,0.337173104286,0.0,0.0,0.0
2014-04-09 07:59:00,0.3332510948,0,0.000569111091133,3.23880669839e-07,3.23880669839e-07,0.332681983709,0.0,0.0,0.0
2014-04-09 08:04:00,0.309607516602,0,0.0254217874257,0.000646267842967,0.000646267842967,0.335029304028,0.0,0.0,0.0
2014-04-09 08:09:00,0.342873003146,0,0.01861953344,0.000346687156707,0.000346687156707,0.324253469706,0.0,0.0,0.0
2014-04-09 08:14:00,0.327926149797,0,0.00593183355327,3.51865419361e-05,3.51865419361e-05,0.333857983351,0.0,0.0,0.0
2014-04-09 08:19:00,0.326014103908,0,0.000480887870941,2.31255455674e-07,2.31255455674e-07,0.326494991779,0.0,0.0,0.0
2014-04-09 08:24:00,0.340261929727,0,0.0124744410282,0.000155611836817,0.000155611836817,0.327787488699,0.0,0.0,0.0
2014-04-09 08:29:00,0.340261929727,0,0.00987165520248,9.74497015704e-05,9.74497015704e-05,0.330390274525,0.0,0.0,0.0
2014-04-09 08:34:00,0.324821645182,0,0.00828618391208,6.86607454554e-05,6.86607454554e-05,0.333107829094,0.0,0.0,0.0
2014-04-09 08:39:00,0.344723370135,0,0.0139570499065,0.000194799344172,0.000194799344172,0.330766320229,0.0,0.0,0.0
2014-04-09 08:44:00,0.319023828615,0,0.0166444372047,0.000277037644992,0.000277037644992,0.33566826582,0.0,0.0,0.0
2014-04-09 08:49:00,0.31637163593,0,0.0125266151267,0.000156915746629,0.000156915746629,0.328898251057,0.0,0.0,0.0
2014-04-09 08:54:00,0.354016324349,0,0.0275980139449,0.000761650910135,0.000761650910135,0.326418310404,0.0,0.0,0.0
2014-04-09 08:59:00,0.318530397418,0,0.0156020355199,0.000243423099164,0.000243423099164,0.334132432938,0.0,0.0,0.0
2014-04-09 09:04:00,0.328193425029,0,0.0023395706115,5.47359559278e-06,5.47359559278e-06,0.325853854418,0.0,0.0,0.0
2014-04-09 09:09:00,0.345381278398,0,0.0146853214526,0.000215659005335,0.000215659005335,0.330695956945,0.0,0.0,0.0
2014-04-09 09:14:00,0.341721663686,0,0.00987909218856,9.75962684606e-05,9.75962684606e-05,0.331842571497,0.0,0.0,0.0
2014-04-09 09:19:00,0.374041407101,0,0.0359545338084,0.00129272858612,0.00129272858612,0.338086873293,0.0,0.0,0.0
2014-04-09 09:24:00,0.305516149592,0,0.0396178702598,0.00156957528088,0.00156957528088,0.345134019852,0.0,0.0,0.0
2014-04-09 09:29:00,0.327227122268,0,0.0012428396135,1.54466681579e-06,1.54466681579e-06,0.328469961882,0.0,0.0,0.0
2014-04-09 09:34:00,0.345237360965,0,0.00917144275831,8.41156070237e-05,8.41156070237e-05,0.336065918207,0.0,0.0,0.0
2014-04-09 09:39:00,0.320319085508,0,0.0163290806721,0.000266638846369,0.000266638846369,0.33664816618,0.0,0.0,0.0
2014-04-09 09:44:00,0.331400727811,0,0.000236952719532,5.6149218608e-08,5.6149218608e-08,0.331637680531,0.0,0.0,0.0
2014-04-09 09:49:00,0.361150517075,0,0.0255365808889,0.000652116257697,0.000652116257697,0.335613936186,0.0,0.0,0.0
2014-04-09 09:54:00,0.314911901972,0,0.0264674126894,0.000700523960404,0.000700523960404,0.341379314661,0.0,0.0,0.0
2014-04-09 09:59:00,0.330598902116,0,0.00465296565556,2.16501939576e-05,2.16501939576e-05,0.335251867771,0.0,0.0,0.0
2014-04-09 10:04:00,0.345237360965,0,0.00968302942442,9.3761314929e-05,9.3761314929e-05,0.335554331541,0.0,0.0,0.0
2014-04-09 10:09:00,0.375254425461,0,0.034065815861,0.00116047961637,0.00116047961637,0.3411886096,0.0,0.0,0.0
2014-04-09 10:14:00,0.316124920331,0,0.0353954987894,0.00125284167007,0.00125284167007,0.351520419121,0.0,0.0,0.0
2014-04-09 10:19:00,0.349657682107,0,0.0181300317507,0.000328698137309,0.000328698137309,0.331527650356,0.0,0.0,0.0
2014-04-09 10:24:00,0.304364810132,0,0.0371873579991,0.00138290028553,0.00138290028553,0.341552168131,0.0,0.0,0.0
2014-04-09 10:29:00,0.327885030531,0,0.00336143491351,1.12992365757e-05,1.12992365757e-05,0.331246465445,0.0,0.0,0.0
2014-04-09 10:34:00,0.323773103888,0,0.0111556769063,0.0001244488667,0.0001244488667,0.334928780794,0.0,0.0,0.0
2014-04-09 10:39:00,0.325109480047,0,0.00778299746548,6.05750210525e-05,6.05750210525e-05,0.332892477512,0.0,0.0,0.0
2014-04-09 10:44:00,0.351610847262,0,0.0181422312537,0.000329140282702,0.000329140282702,0.333468616009,0.0,0.0,0.0
2014-04-09 10:49:00,0.305906782623,0,0.032747139458,0.00107237580232,0.00107237580232,0.338653922081,0.0,0.0,0.0
2014-04-09 10:54:00,0.381093361294,0,0.0565859459998,0.00320196826942,0.00320196826942,0.324507415295,0.0,0.0,0.0
2014-04-09 10:59:00,0.293571002693,0,0.0557140634345,0.00310405762866,0.00310405762866,0.349285066128,0.0,0.0,0.0
2014-04-09 11:04:00,0.326774810337,0,0.00928643801149,8.62378437887e-05,8.62378437887e-05,0.317488372326,0.0,0.0,0.0
2014-04-09 11:09:00,0.374760994264,0,0.0424410193646,0.0018012393266,0.0018012393266,0.332319974899,0.0,0.0,0.0
2014-04-09 11:14:00,0.329920434219,0,0.00486779882231,2.36954001593e-05,2.36954001593e-05,0.334788233042,0.0,0.0,0.0
2014-04-09 11:19:00,0.322087213964,0,0.0102607751182,0.000105283208541,0.000105283208541,0.332347989082,0.0,0.0,0.0
2014-04-09 11:24:00,0.375007709862,0,0.0501301795261,0.00251303589903,0.00251303589903,0.324877530336,0.0,0.0,0.0
2014-04-09 11:29:00,0.278726947511,0,0.0632939813485,0.00400612968951,0.00400612968951,0.34202092886,0.0,0.0,0.0
2014-04-09 11:34:00,0.346532617858,0,0.0254063654453,0.00064548314549,0.00064548314549,0.321126252413,0.0,0.0,0.0
2014-04-09 11:39:00,0.318530397418,0,0.0172429215883,0.000297317892546,0.000297317892546,0.335773319006,0.0,0.0,0.0
2014-04-09 11:44:00,0.336643434281,0,0.0141324467609,0.000199725865969,0.000199725865969,0.32251098752,0.0,0.0,0.0
2014-04-09 11:49:00,0.330845617714,0,0.00754514986013,5.69291878492e-05,5.69291878492e-05,0.338390767574,0.0,0.0,0.0
2014-04-09 11:54:00,0.367297847406,0,0.0421039952202,0.00177274725866,0.00177274725866,0.325193852186,0.0,0.0,0.0
2014-04-09 11:59:00,0.304776002796,0,0.0339782637044,0.00115452171303,0.00115452171303,0.3387542665,0.0,0.0,0.0
2014-04-09 12:04:00,0.331811920475,0,0.004212424826,1.77446436282e-05,1.77446436282e-05,0.327599495649,0.0,0.0,0.0
2014-04-09 12:09:00,0.369209893296,0,0.039898343632,0.00159187719692,0.00159187719692,0.329311549664,0.0,0.0,0.0
2014-04-09 12:14:00,0.307202039516,0,0.033984126294,0.00115492078476,0.00115492078476,0.34118616581,0.0,0.0,0.0
2014-04-09 12:19:00,0.367996874936,0,0.0410805677248,0.0016876127338,0.0016876127338,0.326916307211,0.0,0.0,0.0
2014-04-09 12:24:00,0.312012993688,0,0.0315765506081,0.000997078139335,0.000997078139335,0.343589544296,0.0,0.0,0.0
2014-04-09 12:29:00,0.349184810543,0,0.0233232075214,0.000543972011656,0.000543972011656,0.325861603022,0.0,0.0,0.0
2014-04-09 12:34:00,0.304303131232,0,0.0419111632015,0.00175654492341,0.00175654492341,0.346214294434,0.0,0.0,0.0
2014-04-09 12:39:00,0.325602911244,0,0.0058108193976,3.37657111231e-05,3.37657111231e-05,0.319792091846,0.0,0.0,0.0
2014-04-09 12:44:00,0.328913012192,0,0.00968014295378,9.37053409871e-05,9.37053409871e-05,0.338593155146,0.0,0.0,0.0
2014-04-09 12:49:00,0.329632599354,0,0.000791330338162,6.26220696631e-07,6.26220696631e-07,0.328841269016,0.0,0.0,0.0
2014-04-09 12:54:00,0.338514360904,0,0.00358033490092,1.28187757582e-05,1.28187757582e-05,0.334934026003,0.0,0.0,0.0
2014-04-09 12:59:00,0.375480581426,0,0.0437153469561,0.00191103247926,0.00191103247926,0.33176523447,0.0,0.0,0.0
2014-04-09 13:04:00,0.252657332593,0,0.092613360709,0.00857723597437,0.00857723597437,0.345270693302,0.0,0.0,0.0
2014-04-09 13:09:00,0.3332510948,0,0.0223782718005,0.000500786758494,0.000500786758494,0.310872823,0.0,0.0,0.0
2014-04-09 13:14:00,0.314439030408,0,0.0174952726376,0.000306084635668,0.000306084635668,0.331934303045,0.0,0.0,0.0
2014-04-09 13:19:00,0.358827278521,0,0.0409509395626,0.00167698063888,0.00167698063888,0.317876338959,0.0,0.0,0.0
2014-04-09 13:24:00,0.335286498489,0,0.00285357194952,8.14287523099e-06,8.14287523099e-06,0.338140070438,0.0,0.0,0.0
2014-04-09 13:29:00,0.331359608545,0,0.00687701858449,4.72932006232e-05,4.72932006232e-05,0.32448258996,0.0,0.0,0.0
2014-04-09 13:34:00,0.312074672588,0,0.0157336181321,0.000247547082836,0.000247547082836,0.32780829072,0.0,0.0,0.0
2014-04-09 13:39:00,0.305022718395,0,0.0192227940908,0.000369515881175,0.000369515881175,0.324245512486,0.0,0.0,0.0
2014-04-09 13:44:00,0.34328419581,0,0.0273785056168,0.000749582250137,0.000749582250137,0.315905690193,0.0,0.0,0.0
2014-04-09 13:49:00,0.285162112708,0,0.0453248405506,0.00205434043892,0.00205434043892,0.330486953259,0.0,0.0,0.0
2014-04-09 13:54:00,0.334895865458,0,0.0249183042223,0.000620922539383,0.000620922539383,0.309977561235,0.0,0.0,0.0
2014-04-09 13:59:00,0.310923333128,0,0.012430225651,0.000154510387802,0.000154510387802,0.323353558779,0.0,0.0,0.0
2014-04-09 14:04:00,0.336293920516,0,0.0271879281993,0.000739182636607,0.000739182636607,0.309105992317,0.0,0.0,0.0
2014-04-09 14:09:00,0.312012993688,0,0.0161997145466,0.000262430548901,0.000262430548901,0.328212708235,0.0,0.0,0.0
2014-04-09 14:14:00,0.32698040667,0,0.0174080378093,0.000303039967548,0.000303039967548,0.30957236886,0.0,0.0,0.0
2014-04-09 14:19:00,0.298752030264,0,0.024838367571,0.00061694404576,0.00061694404576,0.323590397835,0.0,0.0,0.0
2014-04-09 14:24:00,0.343160838011,0,0.0358208717135,0.00128313479945,0.00128313479945,0.307339966297,0.0,0.0,0.0
2014-04-09 14:29:00,0.317091223093,0,0.00636780610511,4.05489117838e-05,4.05489117838e-05,0.323459029198,0.0,0.0,0.0
2014-04-09 14:34:00,0.353296737186,0,0.0415520472448,0.00172657181975,0.00172657181975,0.311744689941,0.0,0.0,0.0
2014-04-09 14:39:00,0.280166121836,0,0.047429588918,0.00224956613965,0.00224956613965,0.327595710754,0.0,0.0,0.0
2014-04-09 14:44:00,0.329406443389,0,0.026263001712,0.000689745065756,0.000689745065756,0.303143441677,0.0,0.0,0.0
2014-04-09 14:49:00,0.339295626966,0,0.0194006575027,0.000376385462005,0.000376385462005,0.319894969463,0.0,0.0,0.0
2014-04-09 14:54:00,0.362445773967,0,0.0429858886086,0.00184778647963,0.00184778647963,0.319459885359,0.0,0.0,0.0
2014-04-09 14:59:00,0.327885030531,0,0.00580698368632,3.37210476573e-05,3.37210476573e-05,0.333692014217,0.0,0.0,0.0
2014-04-09 15:04:00,0.343880425173,0,0.0200010640206,0.000400042161345,0.000400042161345,0.323879361153,0.0,0.0,0.0
2014-04-09 15:09:00,0.325294516746,0,0.00493449741243,2.43491886067e-05,2.43491886067e-05,0.330229014158,0.0,0.0,0.0
2014-04-09 15:14:00,0.32800838833,0,0.00186702127277,3.48578646481e-06,3.48578646481e-06,0.329875409603,0.0,0.0,0.0
2014-04-09 15:19:00,0.356462920701,0,0.0278694877982,0.000776708649937,0.000776708649937,0.328593432903,0.0,0.0,0.0
2014-04-09 15:24:00,0.352083718826,0,0.0120334387323,0.000144803503645,0.000144803503645,0.340050280094,0.0,0.0,0.0
2014-04-09 15:29:00,0.31170459919,0,0.0273878342627,0.000750093080569,0.000750093080569,0.339092433453,0.0,0.0,0.0
2014-04-09 15:34:00,0.341598305886,0,0.00450978059097,2.03380877792e-05,2.03380877792e-05,0.337088525295,0.0,0.0,0.0
2014-04-09 15:39:00,0.306235736754,0,0.0330162583322,0.00109007372521,0.00109007372521,0.339251995087,0.0,0.0,0.0
2014-04-09 15:44:00,0.328666296593,0,0.0122322768053,0.000149628525833,0.000149628525833,0.340898573399,0.0,0.0,0.0
2014-04-09 15:49:00,0.325294516746,0,0.0126089232528,0.000158984752488,0.000158984752488,0.337903439999,0.0,0.0,0.0
2014-04-09 15:54:00,0.344106581139,0,0.0043859743347,1.92368024727e-05,1.92368024727e-05,0.339720606804,0.0,0.0,0.0
2014-04-09 15:59:00,0.349904397706,0,0.00947214124536,8.97212812561e-05,8.97212812561e-05,0.34043225646,0.0,0.0,0.0
2014-04-09 16:04:00,0.345915828862,0,0.000408018909078,1.66483260955e-07,1.66483260955e-07,0.346323847771,0.0,0.0,0.0
2014-04-09 16:09:00,0.362610251033,0,0.0223775211213,0.000500753463712,0.000500753463712,0.340232729912,0.0,0.0,0.0
2014-04-09 16:14:00,0.331811920475,0,0.0224731706864,0.000505042786244,0.000505042786244,0.354285091162,0.0,0.0,0.0
2014-04-09 16:19:00,0.300211764222,0,0.0383910170736,0.00147387071047,0.00147387071047,0.338602781296,0.0,0.0,0.0
2014-04-09 16:24:00,0.336951828779,0,0.000731534542238,5.35132926416e-07,5.35132926416e-07,0.336220294237,0.0,0.0,0.0
2014-04-09 16:29:00,0.324739406649,0,0.0126789409481,0.000160755793331,0.000160755793331,0.337418347597,0.0,0.0,0.0
2014-04-09 16:34:00,0.341043195789,0,0.00241281754308,5.82172833674e-06,5.82172833674e-06,0.338630378246,0.0,0.0,0.0
2014-04-09 16:39:00,0.33094841588,0,0.00586688172335,3.44203435816e-05,3.44203435816e-05,0.336815297604,0.0,0.0,0.0
2014-04-09 16:44:00,0.326178580974,0,0.0103734429135,0.000107608328108,0.000107608328108,0.336552023888,0.0,0.0,0.0
2014-04-09 16:49:00,0.336396718683,0,0.00240513152052,5.7846832533e-06,5.7846832533e-06,0.333991587162,0.0,0.0,0.0
2014-04-09 16:54:00,0.343160838011,0,0.00624841463838,3.90426830563e-05,3.90426830563e-05,0.336912423372,0.0,0.0,0.0
2014-04-09 16:59:00,0.340015214129,0,0.00656567160615,4.31078951806e-05,4.31078951806e-05,0.333449542522,0.0,0.0,0.0
2014-04-09 17:04:00,0.366866095109,0,0.0294729602765,0.000868654635269,0.000868654635269,0.337393134832,0.0,0.0,0.0
2014-04-09 17:09:00,0.312979296449,0,0.026098504063,0.000681131146848,0.000681131146848,0.339077800512,0.0,0.0,0.0
2014-04-09 17:14:00,0.331051214046,0,0.00396557003961,1.57256399689e-05,1.57256399689e-05,0.327085644007,0.0,0.0,0.0
2014-04-09 17:19:00,0.34628590226,0,0.0155365693547,0.0002413852053,0.0002413852053,0.330749332905,0.0,0.0,0.0
2014-04-09 17:24:00,0.342667406813,0,0.00810239316638,6.56486809021e-05,6.56486809021e-05,0.334565013647,0.0,0.0,0.0
2014-04-09 17:29:00,0.372581673143,0,0.0372858767486,0.00139023573138,0.00139023573138,0.335295796394,0.0,0.0,0.0
2014-04-09 17:34:00,0.322498406628,0,0.0237648828232,0.000564769434277,0.000564769434277,0.346263289452,0.0,0.0,0.0
2014-04-09 17:39:00,0.35958798495,0,0.0264876362393,0.000701595505234,0.000701595505234,0.333100348711,0.0,0.0,0.0
2014-04-09 17:44:00,0.31515861757,0,0.0331643997885,0.00109987822361,0.00109987822361,0.348323017359,0.0,0.0,0.0
2014-04-09 17:49:00,0.329406443389,0,0.00170018955887,2.8906551961e-06,2.8906551961e-06,0.331106632948,0.0,0.0,0.0
2014-04-09 17:54:00,0.377413186949,0,0.0374631022625,0.001403483795,0.001403483795,0.339950084686,0.0,0.0,0.0
2014-04-09 17:59:00,0.304919920229,0,0.0415332100166,0.00172500684857,0.00172500684857,0.346453130245,0.0,0.0,0.0
2014-04-09 18:04:00,0.33101009478,0,0.000649967294752,4.22446504444e-07,4.22446504444e-07,0.331660062075,0.0,0.0,0.0
2014-04-09 18:09:00,0.380805526429,0,0.0415213448346,0.00172402174212,0.00172402174212,0.339284181595,0.0,0.0,0.0
2014-04-09 18:14:00,0.298258599067,0,0.052286717868,0.00273390044458,0.00273390044458,0.350545316935,0.0,0.0,0.0
2014-04-09 18:19:00,0.345669113263,0,0.0106672869767,0.000113791167678,0.000113791167678,0.335001826286,0.0,0.0,0.0
2014-04-09 18:24:00,0.347128847221,0,0.00254772005462,6.49083222015e-06,6.49083222015e-06,0.344581127167,0.0,0.0,0.0
2014-04-09 18:29:00,0.330352186517,0,0.00999456708027,9.98913601507e-05,9.98913601507e-05,0.340346753597,0.0,0.0,0.0
2014-04-09 18:34:00,0.356421801435,0,0.0143416255584,0.000205682139494,0.000205682139494,0.342080175877,0.0,0.0,0.0
2014-04-09 18:39:00,0.326898168137,0,0.0134312107066,0.000180397706572,0.000180397706572,0.340329378843,0.0,0.0,0.0
2014-04-09 18:44:00,0.322148892864,0,0.014629718081,0.000214028754272,0.000214028754272,0.336778610945,0.0,0.0,0.0
2014-04-09 18:49:00,0.315816525833,0,0.0235768216686,0.000555866688956,0.000555866688956,0.339393347502,0.0,0.0,0.0
2014-04-09 18:54:00,0.358683361089,0,0.031186892068,0.000972621375695,0.000972621375695,0.327496469021,0.0,0.0,0.0
2014-04-09 18:59:00,0.338267645305,0,0.00473407798428,2.24114101002e-05,2.24114101002e-05,0.343001723289,0.0,0.0,0.0
2014-04-09 19:04:00,0.322395608462,0,0.0152923607454,0.000233855855186,0.000233855855186,0.337687969208,0.0,0.0,0.0
2014-04-09 19:09:00,0.341701104052,0,0.0101382273509,0.000102783378679,0.000102783378679,0.331562876701,0.0,0.0,0.0
2014-04-09 19:14:00,0.3450728839,0,0.0093926375466,8.82218519109e-05,8.82218519109e-05,0.335680246353,0.0,0.0,0.0
2014-04-09 19:19:00,0.304776002796,0,0.0334015589638,0.00111566344276,0.00111566344276,0.33817756176,0.0,0.0,0.0
2014-04-09 19:24:00,0.367277287773,0,0.0430543654481,0.00185367895756,0.00185367895756,0.324222922325,0.0,0.0,0.0
2014-04-09 19:29:00,0.308394498242,0,0.0321664148438,0.00103467865847,0.00103467865847,0.340560913086,0.0,0.0,0.0
2014-04-09 19:34:00,0.326014103908,0,0.00192576887115,3.70857651433e-06,3.70857651433e-06,0.324088335037,0.0,0.0,0.0
2014-04-09 19:39:00,0.328440140628,0,0.00198801264855,3.95223742089e-06,3.95223742089e-06,0.330428153276,0.0,0.0,0.0
2014-04-09 19:44:00,0.347540039886,0,0.0221625159866,0.000491177604999,0.000491177604999,0.325377523899,0.0,0.0,0.0
2014-04-09 19:49:00,0.307345956948,0,0.0282158847782,0.000796136155259,0.000796136155259,0.335561841726,0.0,0.0,0.0
2014-04-09 19:54:00,0.340508645326,0,0.0167065913974,0.000279110012343,0.000279110012343,0.323802053928,0.0,0.0,0.0
2014-04-09 19:59:00,0.339521782931,0,0.0121675007907,0.000148048377014,0.000148048377014,0.327354282141,0.0,0.0,0.0
2014-04-09 20:04:00,0.310327103764,0,0.0196643262797,0.000386685365811,0.000386685365811,0.329991430044,0.0,0.0,0.0
2014-04-09 20:09:00,0.362856966632,0,0.0394944671562,0.0015598119935,0.0015598119935,0.323362499475,0.0,0.0,0.0
2014-04-09 20:14:00,0.293879397192,0,0.0404290184598,0.00163450615946,0.00163450615946,0.334308415651,0.0,0.0,0.0
2014-04-09 20:19:00,0.343633709575,0,0.0268051606664,0.000718516705092,0.000718516705092,0.316828548908,0.0,0.0,0.0
2014-04-09 20:24:00,0.300437920188,0,0.0319327186598,0.00101969810203,0.00101969810203,0.332370638847,0.0,0.0,0.0
2014-04-09 20:29:00,0.320092929542,0,0.00686974638708,4.71932362416e-05,4.71932362416e-05,0.313223183155,0.0,0.0,0.0
2014-04-09 20:34:00,0.360060856514,0,0.032345996075,0.00104626442771,0.00104626442771,0.327714860439,0.0,0.0,0.0
2014-04-09 20:39:00,0.320236846975,0,0.00830884260817,6.90366214258e-05,6.90366214258e-05,0.328545689583,0.0,0.0,0.0
2014-04-09 20:44:00,0.320833076338,0,0.00427270998563,1.82559597306e-05,1.82559597306e-05,0.325105786324,0.0,0.0,0.0
2014-04-09 20:49:00,0.32219001213,0,0.00158301433619,2.50592051998e-06,2.50592051998e-06,0.323773026466,0.0,0.0,0.0
2014-04-09 20:54:00,0.374760994264,0,0.0515826135361,0.00266076507978,0.00266076507978,0.323178380728,0.0,0.0,0.0
2014-04-09 20:59:00,0.303809700035,0,0.033527376629,0.00112408481073,0.00112408481073,0.337337076664,0.0,0.0,0.0
2014-04-09 21:04:00,0.332778223236,0,0.0121721107563,0.000148160092067,0.000148160092067,0.32060611248,0.0,0.0,0.0
2014-04-09 21:09:00,0.335903287485,0,0.00816083009552,6.65991392452e-05,6.65991392452e-05,0.32774245739,0.0,0.0,0.0
2014-04-09 21:14:00,0.328090626863,0,0.00174472841861,3.04403874907e-06,3.04403874907e-06,0.329835355282,0.0,0.0,0.0
2014-04-09 21:19:00,0.340015214129,0,0.0111214632226,0.000123686695588,0.000123686695588,0.328893750906,0.0,0.0,0.0
2014-04-09 21:24:00,0.29706614034,0,0.0350946007507,0.00123163021635,0.00123163021635,0.332160741091,0.0,0.0,0.0
2014-04-09 21:29:00,0.337835893008,0,0.0138226002182,0.000191063867533,0.000191063867533,0.324013292789,0.0,0.0,0.0
2014-04-09 21:34:00,0.314439030408,0,0.0193718354714,0.000375268078642,0.000375268078642,0.333810865879,0.0,0.0,0.0
2014-04-09 21:39:00,0.337959250807,0,0.0143986552946,0.00020732152916,0.00020732152916,0.323560595512,0.0,0.0,0.0
2014-04-09 21:44:00,0.313390489114,0,0.0212476296302,0.000451461586636,0.000451461586636,0.334638118744,0.0,0.0,0.0
2014-04-09 21:49:00,0.344353296737,0,0.0203791045947,0.000415307556977,0.000415307556977,0.323974192142,0.0,0.0,0.0
2014-04-09 21:54:00,0.325952425009,0,0.00646351336864,4.17771916545e-05,4.17771916545e-05,0.332415938377,0.0,0.0,0.0
2014-04-09 21:59:00,0.33267542507,0,0.00456905152191,2.08762503462e-05,2.08762503462e-05,0.328106373549,0.0,0.0,0.0
2014-04-09 22:04:00,0.338576039803,0,0.00977267934126,9.55054347287e-05,9.55054347287e-05,0.328803360462,0.0,0.0,0.0
2014-04-09 22:09:00,0.33043442505,0,0.00120546085255,1.45316789713e-06,1.45316789713e-06,0.331639885902,0.0,0.0,0.0
2014-04-09 22:14:00,0.336108883818,0,0.00550725122245,3.03299184452e-05,3.03299184452e-05,0.330601632595,0.0,0.0,0.0
2014-04-09 22:19:00,0.358601122556,0,0.026188551841,0.000685840263031,0.000685840263031,0.332412570715,0.0,0.0,0.0
2014-04-09 22:24:00,0.328666296593,0,0.00780347288458,6.08941409155e-05,6.08941409155e-05,0.336469769478,0.0,0.0,0.0
2014-04-09 22:29:00,0.296099837579,0,0.0375448803528,0.00140961771831,0.00140961771831,0.333644717932,0.0,0.0,0.0
2014-04-09 22:34:00,0.32455436995,0,0.00140942523505,1.98644056582e-06,1.98644056582e-06,0.325963795185,0.0,0.0,0.0
2014-04-09 22:39:00,0.33267542507,0,0.00221180703033,4.89209969601e-06,4.89209969601e-06,0.33046361804,0.0,0.0,0.0
2014-04-09 22:44:00,0.321182590103,0,0.010015714789,0.000100314769952,0.000100314769952,0.331198304892,0.0,0.0,0.0
2014-04-09 22:49:00,0.334936984724,0,0.0053282463018,2.83901208604e-05,2.83901208604e-05,0.329608738422,0.0,0.0,0.0
2014-04-09 22:54:00,0.363185920763,0,0.0311886156084,0.000972729234491,0.000972729234491,0.331997305155,0.0,0.0,0.0
2014-04-09 22:59:00,0.299965048624,0,0.0397451869722,0.00157967943233,0.00157967943233,0.339710235596,0.0,0.0,0.0
2014-04-09 23:04:00,0.326610333272,0,0.00387123877588,1.49864390551e-05,1.49864390551e-05,0.322739094496,0.0,0.0,0.0
2014-04-09 23:09:00,0.381997985156,0,0.0505450492219,0.00255480082706,0.00255480082706,0.331452935934,0.0,0.0,0.0
2014-04-09 23:14:00,0.326014103908,0,0.0163896059801,0.000268619274721,0.000268619274721,0.342403709888,0.0,0.0,0.0
2014-04-09 23:19:00,0.352967783055,0,0.0193302474827,0.000373657909222,0.000373657909222,0.333637535572,0.0,0.0,0.0
2014-04-09 23:24:00,0.334217397562,0,0.00110909522478,1.23008828723e-06,1.23008828723e-06,0.335326492786,0.0,0.0,0.0
2014-04-09 23:29:00,0.305516149592,0,0.0300599078422,0.000903597800061,0.000903597800061,0.335576057434,0.0,0.0,0.0
2014-04-09 23:34:00,0.326507535106,0,0.00554353343881,3.07307236653e-05,3.07307236653e-05,0.332051068544,0.0,0.0,0.0
2014-04-09 23:39:00,0.324328213985,0,0.00802424544603,6.43885141471e-05,6.43885141471e-05,0.332352459431,0.0,0.0,0.0
2014-04-09 23:44:00,0.324081498386,0,0.00811643600305,6.58763383399e-05,6.58763383399e-05,0.332197934389,0.0,0.0,0.0
2014-04-09 23:49:00,0.323115195625,0,0.0118390065502,0.000140161981108,0.000140161981108,0.334954202175,0.0,0.0,0.0
2014-04-09 23:54:00,0.36028701248,0,0.0328123587588,0.00107665080577,0.00107665080577,0.327474653721,0.0,0.0,0.0
2014-04-09 23:59:00,0.340015214129,0,0.00046746786109,2.18536825969e-07,2.18536825969e-07,0.34048268199,0.0,0.0,0.0
2014-04-10 00:04:00,0.282818314521,0,0.0535509317232,0.00286770192906,0.00286770192906,0.336369246244,0.0,0.0,0.0
2014-04-10 00:09:00,0.339295626966,0,0.0194266153255,0.000377393327653,0.000377393327653,0.319869011641,0.0,0.0,0.0
2014-04-10 00:14:00,0.363905507926,0,0.0323737150466,0.00104805815499,0.00104805815499,0.331531792879,0.0,0.0,0.0
2014-04-10 00:19:00,0.357943214293,0,0.0211113167959,0.000445687386673,0.000445687386673,0.336831897497,0.0,0.0,0.0
2014-04-10 00:24:00,0.302617241308,0,0.0343847082403,0.00118230748922,0.00118230748922,0.337001949549,0.0,0.0,0.0
2014-04-10 00:29:00,0.339377865499,0,0.0160722586568,0.00025831797393,0.00025831797393,0.323305606842,0.0,0.0,0.0
2014-04-10 00:34:00,0.344065461872,0,0.00864175391012,7.46798395994e-05,7.46798395994e-05,0.335423707962,0.0,0.0,0.0
2014-04-10 00:39:00,0.3450728839,0,0.00982888394171,9.66071820585e-05,9.66071820585e-05,0.335243999958,0.0,0.0,0.0
2014-04-10 00:44:00,0.317337938691,0,0.0182476852884,0.000332978321239,0.000332978321239,0.33558562398,0.0,0.0,0.0
2014-04-10 00:49:00,0.372828388742,0,0.0423780625372,0.00179590063635,0.00179590063635,0.330450326204,0.0,0.0,0.0
2014-04-10 00:54:00,0.299965048624,0,0.0459968797441,0.00211571250111,0.00211571250111,0.345961928368,0.0,0.0,0.0
2014-04-10 00:59:00,0.330352186517,0,0.00411513383793,1.69343311427e-05,1.69343311427e-05,0.326237052679,0.0,0.0,0.0
2014-04-10 01:04:00,0.353522893152,0,0.0197064840406,0.000388345652027,0.000388345652027,0.333816409111,0.0,0.0,0.0
2014-04-10 01:09:00,0.342914122412,0,0.00208820707545,4.3606582949e-06,4.3606582949e-06,0.340825915337,0.0,0.0,0.0
2014-04-10 01:14:00,0.326507535106,0,0.0130773817245,0.000171017818502,0.000171017818502,0.33958491683,0.0,0.0,0.0
2014-04-10 01:19:00,0.384896893439,0,0.050752181945,0.00257578515448,0.00257578515448,0.334144711494,0.0,0.0,0.0
2014-04-10 01:24:00,0.291597277905,0,0.0565809895744,0.00320140854456,0.00320140854456,0.348178267479,0.0,0.0,0.0
2014-04-10 01:29:00,0.328481259894,0,0.00490307514672,2.40401750489e-05,2.40401750489e-05,0.333384335041,0.0,0.0,0.0
2014-04-10 01:34:00,0.356421801435,0,0.0191289514175,0.00036591666867,0.00036591666867,0.337292850018,0.0,0.0,0.0
2014-04-10 01:39:00,0.305002158761,0,0.0378082336183,0.00142946292181,0.00142946292181,0.34281039238,0.0,0.0,0.0
2014-04-10 01:44:00,0.332778223236,0,0.00157726593822,2.4877431315e-06,2.4877431315e-06,0.331200957298,0.0,0.0,0.0
2014-04-10 01:49:00,0.349431526142,0,0.0156917388014,0.000246230309131,0.000246230309131,0.33373978734,0.0,0.0,0.0
2014-04-10 01:54:00,0.362692489566,0,0.026439025344,0.000699021329638,0.000699021329638,0.336253464222,0.0,0.0,0.0
2014-04-10 01:59:00,0.297682929337,0,0.0531201180821,0.00282174581662,0.00282174581662,0.350803047419,0.0,0.0,0.0
2014-04-10 02:04:00,0.327473837867,0,0.0058905370378,3.46985580109e-05,3.46985580109e-05,0.321583300829,0.0,0.0,0.0
2014-04-10 02:09:00,0.343633709575,0,0.00661861720173,4.38061179011e-05,4.38061179011e-05,0.337015092373,0.0,0.0,0.0
2014-04-10 02:14:00,0.325315076379,0,0.0105836209972,0.000112012785394,0.000112012785394,0.335898697376,0.0,0.0,0.0
2014-04-10 02:19:00,0.393346902691,0,0.0615521043171,0.00378866191022,0.00378866191022,0.331794798374,0.0,0.0,0.0
2014-04-10 02:24:00,0.310327103764,0,0.0315104514056,0.000992908026092,0.000992908026092,0.34183755517,0.0,0.0,0.0
2014-04-10 02:29:00,0.340261929727,0,0.00800990412293,6.41586666461e-05,6.41586666461e-05,0.332252025604,0.0,0.0,0.0
2014-04-10 02:34:00,0.323855342421,0,0.0133115927848,0.000177198555321,0.000177198555321,0.337166935205,0.0,0.0,0.0
2014-04-10 02:39:00,0.322148892864,0,0.00888317467356,7.89108526078e-05,7.89108526078e-05,0.331032067537,0.0,0.0,0.0
2014-04-10 02:44:00,0.34858858118,0,0.0155523372642,0.000241875342908,0.000241875342908,0.333036243916,0.0,0.0,0.0
2014-04-10 02:49:00,0.346327021526,0,0.00748385469778,5.60078624403e-05,5.60078624403e-05,0.338843166828,0.0,0.0,0.0
2014-04-10 02:54:00,0.321408746068,0,0.0132095839339,0.000174493034137,0.000174493034137,0.334618330002,0.0,0.0,0.0
2014-04-10 02:59:00,0.318777113016,0,0.015402437393,0.000237235042732,0.000237235042732,0.334179550409,0.0,0.0,0.0
2014-04-10 03:04:00,0.345566315097,0,0.0178896910373,0.00032004059176,0.00032004059176,0.32767662406,0.0,0.0,0.0
2014-04-10 03:09:00,0.34091983799,0,0.00331611994772,1.09967459139e-05,1.09967459139e-05,0.337603718042,0.0,0.0,0.0
2014-04-10 03:14:00,0.340734801291,0,0.00567673802248,3.22254491039e-05,3.22254491039e-05,0.335058063269,0.0,0.0,0.0
2014-04-10 03:19:00,0.33976849853,0,0.00346413194139,1.20002141557e-05,1.20002141557e-05,0.336304366589,0.0,0.0,0.0
2014-04-10 03:24:00,0.335430415921,0,0.00175240879553,3.07092795993e-06,3.07092795993e-06,0.333678007126,0.0,0.0,0.0
2014-04-10 03:29:00,0.330578342482,0,0.00596652884789,3.55992924597e-05,3.55992924597e-05,0.33654487133,0.0,0.0,0.0
2014-04-10 03:34:00,0.329447562655,0,0.0046394217405,2.15241889236e-05,2.15241889236e-05,0.334086984396,0.0,0.0,0.0
2014-04-10 03:39:00,0.332305351673,0,0.00231914741004,5.37848973181e-06,5.37848973181e-06,0.334624499083,0.0,0.0,0.0
2014-04-10 03:44:00,0.351364131664,0,0.0187657136665,0.000352152157575,0.000352152157575,0.332598417997,0.0,0.0,0.0
2014-04-10 03:49:00,0.32915972779,0,0.009408542416,8.85205008672e-05,8.85205008672e-05,0.338568270206,0.0,0.0,0.0
2014-04-10 03:54:00,0.312979296449,0,0.0218703591789,0.000478311994812,0.000478311994812,0.334849655628,0.0,0.0,0.0
2014-04-10 03:59:00,0.340734801291,0,0.00926091432444,8.5764688265e-05,8.5764688265e-05,0.331473886967,0.0,0.0,0.0
2014-04-10 04:04:00,0.318057525854,0,0.0173437707619,0.000300805986626,0.000300805986626,0.335401296616,0.0,0.0,0.0
2014-04-10 04:09:00,0.338308764572,0,0.00598107087085,3.57730532414e-05,3.57730532414e-05,0.332327693701,0.0,0.0,0.0
2014-04-10 04:14:00,0.339172269167,0,0.00672629004837,4.52430394944e-05,4.52430394944e-05,0.332445979118,0.0,0.0,0.0
2014-04-10 04:19:00,0.301404222949,0,0.0310706048178,0.000965381565038,0.000965381565038,0.332474827766,0.0,0.0,0.0
2014-04-10 04:24:00,0.31937334238,0,0.00516995491123,2.67284649453e-05,2.67284649453e-05,0.324543297291,0.0,0.0,0.0
2014-04-10 04:29:00,0.335142581056,0,0.00792690951705,6.28359193797e-05,6.28359193797e-05,0.327215671539,0.0,0.0,0.0
2014-04-10 04:34:00,0.370422911655,0,0.0420752585047,0.00177032640204,0.00177032640204,0.328347653151,0.0,0.0,0.0
2014-04-10 04:39:00,0.297867966035,0,0.0411388453449,0.0016924055526,0.0016924055526,0.33900681138,0.0,0.0,0.0
2014-04-10 04:44:00,0.337424700343,0,0.0181912232277,0.000330920418492,0.000330920418492,0.319233477116,0.0,0.0,0.0
2014-04-10 04:49:00,0.306955323917,0,0.0226710574802,0.000513976207003,0.000513976207003,0.329626381397,0.0,0.0,0.0
2014-04-10 04:54:00,0.339151709534,0,0.0188970558413,0.000357098761015,0.000357098761015,0.320254653692,0.0,0.0,0.0
2014-04-10 04:59:00,0.356483480335,0,0.0281573146586,0.000792834849562,0.000792834849562,0.328326165676,0.0,0.0,0.0
2014-04-10 05:04:00,0.332346470939,0,0.00127345501069,1.6216831682e-06,1.6216831682e-06,0.331073015928,0.0,0.0,0.0
2014-04-10 05:09:00,0.35255659039,0,0.0240257423642,0.000577236118261,0.000577236118261,0.328530848026,0.0,0.0,0.0
2014-04-10 05:14:00,0.326014103908,0,0.0063829397966,4.07419502153e-05,4.07419502153e-05,0.332397043705,0.0,0.0,0.0
2014-04-10 05:19:00,0.318386479985,0,0.00816656671814,6.66930500302e-05,6.66930500302e-05,0.326553046703,0.0,0.0,0.0
2014-04-10 05:24:00,0.345915828862,0,0.0136719094891,0.000186920980923,0.000186920980923,0.332243919373,0.0,0.0,0.0
2014-04-10 05:29:00,0.327288801168,0,0.00657195379895,4.31905064033e-05,4.31905064033e-05,0.333860754967,0.0,0.0,0.0
2014-04-10 05:34:00,0.375254425461,0,0.0432896644423,0.0018739948282,0.0018739948282,0.331964761019,0.0,0.0,0.0
2014-04-10 05:39:00,0.314911901972,0,0.0278953611642,0.00077815115219,0.00077815115219,0.342807263136,0.0,0.0,0.0
2014-04-10 05:44:00,0.326507535106,0,0.00428882586397,1.83939973795e-05,1.83939973795e-05,0.33079636097,0.0,0.0,0.0
2014-04-10 05:49:00,0.32225169103,0,0.0148202939765,0.000219641515287,0.000219641515287,0.337071985006,0.0,0.0,0.0
2014-04-10 05:54:00,0.341659984786,0,0.00685637374576,4.70099730592e-05,4.70099730592e-05,0.33480361104,0.0,0.0,0.0
2014-04-10 05:59:00,0.324780525915,0,0.0146970131471,0.000216002255911,0.000216002255911,0.339477539062,0.0,0.0,0.0
2014-04-10 06:04:00,0.340488085693,0,0.00467590445819,2.18639943341e-05,2.18639943341e-05,0.335812181234,0.0,0.0,0.0
2014-04-10 06:09:00,0.348218507782,0,0.0118697953375,0.000140891876072,0.000140891876072,0.336348712444,0.0,0.0,0.0
2014-04-10 06:14:00,0.315878204733,0,0.0266575294438,0.000710623455234,0.000710623455234,0.342535734177,0.0,0.0,0.0
2014-04-10 06:19:00,0.335903287485,0,0.00417119319748,1.73988482857e-05,1.73988482857e-05,0.331732094288,0.0,0.0,0.0
2014-04-10 06:24:00,0.351590287629,0,0.0131675719654,0.000173384643858,0.000173384643858,0.338422715664,0.0,0.0,0.0
2014-04-10 06:29:00,0.317091223093,0,0.0222603117509,0.000495521351695,0.000495521351695,0.339351534843,0.0,0.0,0.0
2014-04-10 06:34:00,0.336150003084,0,0.00012193857789,1.48720715742e-08,1.48720715742e-08,0.336271941662,0.0,0.0,0.0
2014-04-10 06:39:00,0.330598902116,0,0.00179075061345,3.20682829624e-06,3.20682829624e-06,0.332389652729,0.0,0.0,0.0
2014-04-10 06:44:00,0.304858241329,0,0.031328942528,0.000981502933428,0.000981502933428,0.336187183857,0.0,0.0,0.0
2014-04-10 06:49:00,0.32046300294,0,0.00793117163578,6.290350575e-05,6.290350575e-05,0.328394174576,0.0,0.0,0.0
2014-04-10 06:54:00,0.338576039803,0,0.0091093988542,8.29813070595e-05,8.29813070595e-05,0.329466640949,0.0,0.0,0.0
2014-04-10 06:59:00,0.316289397397,0,0.0138111985539,0.000190749269677,0.000190749269677,0.330100595951,0.0,0.0,0.0
2014-04-10 07:04:00,0.321778819466,0,0.00513245115258,2.63419078692e-05,2.63419078692e-05,0.326911270618,0.0,0.0,0.0
2014-04-10 07:09:00,0.387795801723,0,0.0649278717874,0.00421562930569,0.00421562930569,0.322867929935,0.0,0.0,0.0
2014-04-10 07:14:00,0.274861736467,0,0.0668820903995,0.00447321590036,0.00447321590036,0.341743826866,0.0,0.0,0.0
2014-04-10 07:19:00,0.317276259792,0,0.00241126669613,5.81425229029e-06,5.81425229029e-06,0.314864993095,0.0,0.0,0.0
2014-04-10 07:24:00,0.31515861757,0,0.0076532839991,5.85729394516e-05,5.85729394516e-05,0.322811901569,0.0,0.0,0.0
2014-04-10 07:29:00,0.363905507926,0,0.0488064473903,0.00238207052462,0.00238207052462,0.315099060535,0.0,0.0,0.0
2014-04-10 07:34:00,0.362939205165,0,0.0295102262446,0.000870853662491,0.000870853662491,0.33342897892,0.0,0.0,0.0
2014-04-10 07:39:00,0.316741709328,0,0.00857406415919,7.35146531952e-05,7.35146531952e-05,0.325315773487,0.0,0.0,0.0
2014-04-10 07:44:00,0.311540122124,0,0.0119042145285,0.000141710217576,0.000141710217576,0.323444336653,0.0,0.0,0.0
2014-04-10 07:49:00,0.321922736898,0,0.00202779220014,4.11189103033e-06,4.11189103033e-06,0.323950529099,0.0,0.0,0.0
2014-04-10 07:54:00,0.365303562984,0,0.0436021555519,0.00190114905126,0.00190114905126,0.321701407433,0.0,0.0,0.0
2014-04-10 07:59:00,0.299471617426,0,0.0358309738975,0.00128385878634,0.00128385878634,0.335302591324,0.0,0.0,0.0
2014-04-10 08:04:00,0.321922736898,0,0.00257726265521,6.64234676151e-06,6.64234676151e-06,0.319345474243,0.0,0.0,0.0
2014-04-10 08:09:00,0.351919241761,0,0.0266607483373,0.000710795051418,0.000710795051418,0.325258493423,0.0,0.0,0.0
2014-04-10 08:14:00,0.312362507453,0,0.0161545719005,0.000260969740339,0.000260969740339,0.328517079353,0.0,0.0,0.0
2014-04-10 08:19:00,0.376981434651,0,0.0506370042046,0.00256410636939,0.00256410636939,0.326344430447,0.0,0.0,0.0
2014-04-10 08:24:00,0.326260819507,0,0.0132773672816,0.000176288856892,0.000176288856892,0.339538186789,0.0,0.0,0.0
2014-04-10 08:29:00,0.324328213985,0,0.00805941218645,6.49541252642e-05,6.49541252642e-05,0.332387626171,0.0,0.0,0.0
2014-04-10 08:34:00,0.317317379058,0,0.016086178481,0.000258765532635,0.000258765532635,0.333403557539,0.0,0.0,0.0
2014-04-10 08:39:00,0.318386479985,0,0.00911398254685,8.30649441923e-05,8.30649441923e-05,0.327500462532,0.0,0.0,0.0
2014-04-10 08:44:00,0.338925553568,0,0.00803787828278,6.46072730888e-05,6.46072730888e-05,0.330887675285,0.0,0.0,0.0
2014-04-10 08:49:00,0.303028433973,0,0.0339692836462,0.00115391216241,0.00115391216241,0.336997717619,0.0,0.0,0.0
2014-04-10 08:54:00,0.364645654722,0,0.0414147026971,0.00171517801937,0.00171517801937,0.323230952024,0.0,0.0,0.0
2014-04-10 08:59:00,0.324081498386,0,0.0165893256648,0.000275205326034,0.000275205326034,0.340670824051,0.0,0.0,0.0
2014-04-10 09:04:00,0.353276177553,0,0.02557410231,0.000654033967294,0.000654033967294,0.327702075243,0.0,0.0,0.0
2014-04-10 09:09:00,0.328522379161,0,0.0156236340991,0.000244097784162,0.000244097784162,0.34414601326,0.0,0.0,0.0
2014-04-10 09:14:00,0.32225169103,0,0.0112800462977,0.000127239749418,0.000127239749418,0.333531737328,0.0,0.0,0.0
2014-04-10 09:19:00,0.337835893008,0,0.0031666606392,1.00276456578e-05,1.00276456578e-05,0.334669232368,0.0,0.0,0.0
2014-04-10 09:24:00,0.30358354407,0,0.0289657000958,0.000839012442157,0.000839012442157,0.332549244165,0.0,0.0,0.0
2014-04-10 09:29:00,0.322148892864,0,0.00461780668878,2.13241710298e-05,2.13241710298e-05,0.326766699553,0.0,0.0,0.0
2014-04-10 09:34:00,0.328234544296,0,0.00163132856423,2.66120332526e-06,2.66120332526e-06,0.32986587286,0.0,0.0,0.0
2014-04-10 09:39:00,0.330208269084,0,0.00304841729501,9.29286397877e-06,9.29286397877e-06,0.327159851789,0.0,0.0,0.0
2014-04-10 09:44:00,0.328316782829,0,0.00315048802254,9.92560580926e-06,9.92560580926e-06,0.331467270851,0.0,0.0,0.0
2014-04-10 09:49:00,0.358107691359,0,0.0283870452158,0.000805824005511,0.000805824005511,0.329720646143,0.0,0.0,0.0
2014-04-10 09:54:00,0.329056929624,0,0.00882532092303,7.78864850872e-05,7.78864850872e-05,0.337882250547,0.0,0.0,0.0
2014-04-10 09:59:00,0.314911901972,0,0.0144622027666,0.00020915530331,0.00020915530331,0.329374104738,0.0,0.0,0.0
2014-04-10 10:04:00,0.339295626966,0,0.0136699391284,0.000186867197044,0.000186867197044,0.325625687838,0.0,0.0,0.0
2014-04-10 10:09:00,0.379099076872,0,0.0501154719645,0.00251155998558,0.00251155998558,0.328983604908,0.0,0.0,0.0
2014-04-10 10:14:00,0.333024938835,0,0.00652719544035,4.26041515311e-05,4.26041515311e-05,0.339552134275,0.0,0.0,0.0
2014-04-10 10:19:00,0.32979707642,0,0.000710321231516,5.04538263613e-07,5.04538263613e-07,0.330507397652,0.0,0.0,0.0
2014-04-10 10:24:00,0.317214580892,0,0.0154150997417,0.000237625383306,0.000237625383306,0.332629680634,0.0,0.0,0.0
2014-04-10 10:29:00,0.314418470774,0,0.0168014109985,0.000282287597656,0.000282287597656,0.331219881773,0.0,0.0,0.0
2014-04-10 10:34:00,0.304549846831,0,0.027972247419,0.000782446819358,0.000782446819358,0.33252209425,0.0,0.0,0.0
2014-04-10 10:39:00,0.317440736857,0,0.00989310089032,9.78732205112e-05,9.78732205112e-05,0.327333837748,0.0,0.0,0.0
2014-04-10 10:44:00,0.325088920414,0,0.00450724142869,2.03152449103e-05,2.03152449103e-05,0.329596161842,0.0,0.0,0.0
2014-04-10 10:49:00,0.324821645182,0,0.00165519698314,2.73965792985e-06,2.73965792985e-06,0.326476842165,0.0,0.0,0.0
2014-04-10 10:54:00,0.367524003372,0,0.0424672120662,0.00180346367415,0.00180346367415,0.325056791306,0.0,0.0,0.0
2014-04-10 10:59:00,0.288616131088,0,0.0466721551209,0.0021782910917,0.0021782910917,0.335288286209,0.0,0.0,0.0
2014-04-10 11:04:00,0.317564094657,0,0.00109822095052,1.20607751342e-06,1.20607751342e-06,0.318662315607,0.0,0.0,0.0
2014-04-10 11:09:00,0.37716647135,0,0.0526509498238,0.00277212332003,0.00277212332003,0.324515521526,0.0,0.0,0.0
2014-04-10 11:14:00,0.317564094657,0,0.0147327536406,0.000217053864617,0.000217053864617,0.332296848297,0.0,0.0,0.0
2014-04-10 11:19:00,0.325808507576,0,0.000123364105461,1.5215668725e-08,1.5215668725e-08,0.325685143471,0.0,0.0,0.0
2014-04-10 11:24:00,0.330393305783,0,0.00746255255238,5.56898194191e-05,5.56898194191e-05,0.322930753231,0.0,0.0,0.0
2014-04-10 11:29:00,0.314562388207,0,0.01024457023,0.000104951381218,0.000104951381218,0.324806958437,0.0,0.0,0.0
2014-04-10 11:34:00,0.315302535003,0,0.00997813134854,9.95633818093e-05,9.95633818093e-05,0.325280666351,0.0,0.0,0.0
2014-04-10 11:39:00,0.326507535106,0,0.00586235178076,3.43672072631e-05,3.43672072631e-05,0.320645183325,0.0,0.0,0.0
2014-04-10 11:44:00,0.331565204877,0,0.00801200034031,6.41920923954e-05,6.41920923954e-05,0.323553204536,0.0,0.0,0.0
2014-04-10 11:49:00,0.268385452004,0,0.0615500986862,0.00378841604106,0.00378841604106,0.32993555069,0.0,0.0,0.0
2014-04-10 11:54:00,0.359793581283,0,0.0508864300603,0.00258942809887,0.00258942809887,0.308907151222,0.0,0.0,0.0
2014-04-10 11:59:00,0.30179485598,0,0.0262356110536,0.000688307220116,0.000688307220116,0.328030467033,0.0,0.0,0.0
2014-04-10 12:04:00,0.326651452538,0,0.0111761078802,0.000124905418488,0.000124905418488,0.315475344658,0.0,0.0,0.0
2014-04-10 12:09:00,0.362404654701,0,0.0401672226979,0.00161340495106,0.00161340495106,0.322237432003,0.0,0.0,0.0
2014-04-10 12:14:00,0.330352186517,0,0.00660452182697,4.3619718781e-05,4.3619718781e-05,0.32374766469,0.0,0.0,0.0
2014-04-10 12:19:00,0.320236846975,0,0.00356842560454,1.27335561046e-05,1.27335561046e-05,0.323805272579,0.0,0.0,0.0
2014-04-10 12:24:00,0.319496700179,0,0.00230701862644,5.32237618245e-06,5.32237618245e-06,0.321803718805,0.0,0.0,0.0
2014-04-10 12:29:00,0.338822755402,0,0.018179121798,0.000330480368575,0.000330480368575,0.320643633604,0.0,0.0,0.0
2014-04-10 12:34:00,0.303953617467,0,0.0265059176545,0.000702563673258,0.000702563673258,0.330459535122,0.0,0.0,0.0
2014-04-10 12:39:00,0.3216760213,0,0.00594622441334,3.53575196641e-05,3.53575196641e-05,0.315729796886,0.0,0.0,0.0
2014-04-10 12:44:00,0.317091223093,0,0.00488171329925,2.38310913119e-05,2.38310913119e-05,0.321972936392,0.0,0.0,0.0
2014-04-10 12:49:00,0.318962149715,0,0.00232744922655,5.41698682355e-06,5.41698682355e-06,0.321289598942,0.0,0.0,0.0
2014-04-10 12:54:00,0.34846522338,0,0.0239327443326,0.000572776771151,0.000572776771151,0.324532479048,0.0,0.0,0.0
2014-04-10 12:59:00,0.305742305557,0,0.0207799255447,0.000431805790868,0.000431805790868,0.326522231102,0.0,0.0,0.0
2014-04-10 13:04:00,0.351117416065,0,0.028328074854,0.000802479044069,0.000802479044069,0.322789341211,0.0,0.0,0.0
2014-04-10 13:09:00,0.304981599128,0,0.0266888937592,0.000712297565769,0.000712297565769,0.331670492887,0.0,0.0,0.0
2014-04-10 13:14:00,0.326507535106,0,0.00699254525267,4.88957375637e-05,4.88957375637e-05,0.319514989853,0.0,0.0,0.0
2014-04-10 13:19:00,0.323855342421,0,0.00194200679386,3.77139781449e-06,3.77139781449e-06,0.325797349215,0.0,0.0,0.0
2014-04-10 13:24:00,0.351117416065,0,0.0275378960782,0.000758334936108,0.000758334936108,0.323579519987,0.0,0.0,0.0
2014-04-10 13:29:00,0.350541746335,0,0.0188689586689,0.000356037373422,0.000356037373422,0.331672787666,0.0,0.0,0.0
2014-04-10 13:34:00,0.334690269126,0,0.00137078393807,1.87905868643e-06,1.87905868643e-06,0.333319485188,0.0,0.0,0.0
2014-04-10 13:39:00,0.306174057855,0,0.0241161702736,0.000581589119975,0.000581589119975,0.330290228128,0.0,0.0,0.0
2014-04-10 13:44:00,0.32570570941,0,0.00384062294917,1.47504024426e-05,1.47504024426e-05,0.329546332359,0.0,0.0,0.0
2014-04-10 13:49:00,0.315652048767,0,0.0141404209725,0.000199951682589,0.000199951682589,0.32979246974,0.0,0.0,0.0
2014-04-10 13:54:00,0.344600012336,0,0.0139977836943,0.000195938220713,0.000195938220713,0.330602228642,0.0,0.0,0.0
2014-04-10 13:59:00,0.317810810255,0,0.0157187217006,0.000247078423854,0.000247078423854,0.333529531956,0.0,0.0,0.0
2014-04-10 14:04:00,0.335944406752,0,0.00870295620361,7.57415764383e-05,7.57415764383e-05,0.327241450548,0.0,0.0,0.0
2014-04-10 14:09:00,0.352083718826,0,0.0198996723196,0.000395996728912,0.000395996728912,0.332184046507,0.0,0.0,0.0
2014-04-10 14:14:00,0.301404222949,0,0.0363447218107,0.00132093776483,0.00132093776483,0.337748944759,0.0,0.0,0.0
2014-04-10 14:19:00,0.320956434137,0,0.00544372665227,2.96341095236e-05,2.96341095236e-05,0.326400160789,0.0,0.0,0.0
2014-04-10 14:24:00,0.31515861757,0,0.0174977063395,0.000306170142721,0.000306170142721,0.33265632391,0.0,0.0,0.0
2014-04-10 14:29:00,0.330126030552,0,0.0037860108487,1.43337783811e-05,1.43337783811e-05,0.326340019703,0.0,0.0,0.0
2014-04-10 14:34:00,0.3333744526,0,0.00211287737775,4.46420017397e-06,4.46420017397e-06,0.331261575222,0.0,0.0,0.0
2014-04-10 14:39:00,0.346984929789,0,0.0218347082026,0.000476754183182,0.000476754183182,0.325150221586,0.0,0.0,0.0
2014-04-10 14:44:00,0.352659388557,0,0.0190079352999,0.000361301063094,0.000361301063094,0.333651453257,0.0,0.0,0.0
2014-04-10 14:49:00,0.295606406382,0,0.037710873434,0.00142211013008,0.00142211013008,0.333317279816,0.0,0.0,0.0
2014-04-10 14:54:00,0.335348177389,0,0.011979389623,0.000143506054883,0.000143506054883,0.323368787766,0.0,0.0,0.0
2014-04-10 14:59:00,0.340385287526,0,0.0112463827165,0.000126481128973,0.000126481128973,0.32913890481,0.0,0.0,0.0
2014-04-10 15:04:00,0.320750837805,0,0.0122996814229,0.000151282292791,0.000151282292791,0.333050519228,0.0,0.0,0.0
2014-04-10 15:09:00,0.364152223524,0,0.0369066602557,0.00136210152414,0.00136210152414,0.327245563269,0.0,0.0,0.0
2014-04-10 15:14:00,0.348835296778,0,0.0127328707262,0.000162125812494,0.000162125812494,0.336102426052,0.0,0.0,0.0
2014-04-10 15:19:00,0.313904479944,0,0.019448890484,0.00037825878826,0.00037825878826,0.333353370428,0.0,0.0,0.0
2014-04-10 15:24:00,0.310799975328,0,0.0204481888485,0.000418127980083,0.000418127980083,0.331248164177,0.0,0.0,0.0
2014-04-10 15:29:00,0.320709718539,0,0.00631342999806,3.98595657316e-05,3.98595657316e-05,0.327023148537,0.0,0.0,0.0
2014-04-10 15:34:00,0.325294516746,0,0.00722847157358,5.22506888956e-05,5.22506888956e-05,0.332522988319,0.0,0.0,0.0
2014-04-10 15:39:00,0.360389810646,0,0.0293166457059,0.000859465042595,0.000859465042595,0.33107316494,0.0,0.0,0.0
2014-04-10 15:44:00,0.322148892864,0,0.0146083796182,0.000213404855458,0.000213404855458,0.336757272482,0.0,0.0,0.0
2014-04-10 15:49:00,0.303809700035,0,0.0269435965787,0.000725957273971,0.000725957273971,0.330753296614,0.0,0.0,0.0
2014-04-10 15:54:00,0.345319599498,0,0.0188227301727,0.000354295159923,0.000354295159923,0.326496869326,0.0,0.0,0.0
2014-04-10 15:59:00,0.316844507494,0,0.0138161336994,0.000190885941265,0.000190885941265,0.330660641193,0.0,0.0,0.0
2014-04-10 16:04:00,0.345155122433,0,0.0166619445418,0.000277620303677,0.000277620303677,0.328493177891,0.0,0.0,0.0
2014-04-10 16:09:00,0.368819260264,0,0.0343806978712,0.00118203286547,0.00118203286547,0.334438562393,0.0,0.0,0.0
2014-04-10 16:14:00,0.350623984868,0,0.0150346654006,0.000226041476708,0.000226041476708,0.335589319468,0.0,0.0,0.0
2014-04-10 16:19:00,0.308949608339,0,0.0301846079696,0.000911109906156,0.000911109906156,0.339134216309,0.0,0.0,0.0
2014-04-10 16:24:00,0.327473837867,0,0.000896256432584,8.03255545634e-07,8.03255545634e-07,0.328370094299,0.0,0.0,0.0
2014-04-10 16:29:00,0.353050021588,0,0.02049317783,0.00041997039807,0.00041997039807,0.332556843758,0.0,0.0,0.0
2014-04-10 16:34:00,0.301650938547,0,0.0385399787062,0.00148532970343,0.00148532970343,0.340190917253,0.0,0.0,0.0
2014-04-10 16:39:00,0.356668517034,0,0.0291239172622,0.000848203431815,0.000848203431815,0.327544599771,0.0,0.0,0.0
2014-04-10 16:44:00,0.356421801435,0,0.0168069034687,0.000282471912215,0.000282471912215,0.339614897966,0.0,0.0,0.0
2014-04-10 16:49:00,0.324081498386,0,0.0167444169505,0.000280375097645,0.000280375097645,0.340825915337,0.0,0.0,0.0
2014-04-10 16:54:00,0.365838113448,0,0.0273705750913,0.000749148195609,0.000749148195609,0.338467538357,0.0,0.0,0.0
2014-04-10 16:59:00,0.328913012192,0,0.0162143319396,0.000262904854026,0.000262904854026,0.345127344131,0.0,0.0,0.0
2014-04-10 17:04:00,0.329632599354,0,0.00959892153676,9.21390892472e-05,9.21390892472e-05,0.339231520891,0.0,0.0,0.0
2014-04-10 17:09:00,0.344353296737,0,0.00387428043317,1.50099840539e-05,1.50099840539e-05,0.340479016304,0.0,0.0,0.0
2014-04-10 17:14:00,0.396245810975,0,0.0570501720797,0.00325472163968,0.00325472163968,0.339195638895,0.0,0.0,0.0
2014-04-10 17:19:00,0.270667571291,0,0.0867789800324,0.00753058958799,0.00753058958799,0.357446551323,0.0,0.0,0.0
2014-04-10 17:24:00,0.330598902116,0,0.00112713516689,1.27040812004e-06,1.27040812004e-06,0.329471766949,0.0,0.0,0.0
2014-04-10 17:29:00,0.34085815909,0,0.000151333834094,2.29026433374e-08,2.29026433374e-08,0.340706825256,0.0,0.0,0.0
2014-04-10 17:34:00,0.363494315261,0,0.0224641944118,0.000504639639985,0.000504639639985,0.34103012085,0.0,0.0,0.0
2014-04-10 17:39:00,0.359341269352,0,0.00973752699069,9.48193264776e-05,9.48193264776e-05,0.349603742361,0.0,0.0,0.0
2014-04-10 17:44:00,0.326507535106,0,0.0172469352428,0.000297456659609,0.000297456659609,0.343754470348,0.0,0.0,0.0
2014-04-10 17:49:00,0.350623984868,0,0.00904678278643,8.18444605102e-05,8.18444605102e-05,0.341577202082,0.0,0.0,0.0
2014-04-10 17:54:00,0.374760994264,0,0.0260395496571,0.000678057665937,0.000678057665937,0.348721444607,0.0,0.0,0.0
2014-04-10 17:59:00,0.304405929398,0,0.0422657114747,0.0017863905523,0.0017863905523,0.346671640873,0.0,0.0,0.0
2014-04-10 18:04:00,0.354016324349,0,0.0148349607662,0.000220076341066,0.000220076341066,0.339181363583,0.0,0.0,0.0
2014-04-10 18:09:00,0.326260819507,0,0.0196453487154,0.000385940278647,0.000385940278647,0.345906168222,0.0,0.0,0.0
2014-04-10 18:14:00,0.331195131479,0,0.00772435909694,5.96655008849e-05,5.96655008849e-05,0.338919490576,0.0,0.0,0.0
2014-04-10 18:19:00,0.345114003166,0,0.00397826288603,1.58264920174e-05,1.58264920174e-05,0.34113574028,0.0,0.0,0.0
2014-04-10 18:24:00,0.315878204733,0,0.0275300818387,0.000757904956117,0.000757904956117,0.343408286572,0.0,0.0,0.0
2014-04-10 18:29:00,0.334217397562,0,0.00398883403246,1.59107821673e-05,1.59107821673e-05,0.338206231594,0.0,0.0,0.0
2014-04-10 18:34:00,0.342667406813,0,0.000801360623201,6.42169254661e-07,6.42169254661e-07,0.34186604619,0.0,0.0,0.0
2014-04-10 18:39:00,0.35722362713,0,0.0243697436256,0.00059388455702,0.00059388455702,0.332853883505,0.0,0.0,0.0
2014-04-10 18:44:00,0.370566829088,0,0.0263345977092,0.00069351028651,0.00069351028651,0.344232231379,0.0,0.0,0.0
2014-04-10 18:49:00,0.309936470733,0,0.0313196709292,0.000980922253802,0.000980922253802,0.341256141663,0.0,0.0,0.0
2014-04-10 18:54:00,0.382141902588,0,0.0483300830351,0.00233579543419,0.00233579543419,0.333811819553,0.0,0.0,0.0
2014-04-10 18:59:00,0.325438434178,0,0.0202944931441,0.000411866232753,0.000411866232753,0.345732927322,0.0,0.0,0.0
2014-04-10 19:04:00,0.318550957051,0,0.01650084773,0.000272278382909,0.000272278382909,0.335051804781,0.0,0.0,0.0
2014-04-10 19:09:00,0.350623984868,0,0.0159380333968,0.000254021229921,0.000254021229921,0.334685951471,0.0,0.0,0.0
2014-04-10 19:14:00,0.378872920907,0,0.0349523324137,0.00122166622896,0.00122166622896,0.343920588493,0.0,0.0,0.0
2014-04-10 19:19:00,0.3040975349,0,0.042344300265,0.00179303996265,0.00179303996265,0.346441835165,0.0,0.0,0.0
2014-04-10 19:24:00,0.328666296593,0,0.00701386035291,4.91941937071e-05,4.91941937071e-05,0.335680156946,0.0,0.0,0.0
2014-04-10 19:29:00,0.331565204877,0,0.00549354789845,3.01791078527e-05,3.01791078527e-05,0.337058752775,0.0,0.0,0.0
2014-04-10 19:34:00,0.330722259915,0,0.0106606012225,0.000113648151455,0.000113648151455,0.341382861137,0.0,0.0,0.0
2014-04-10 19:39:00,0.349431526142,0,0.0134767705969,0.000181623036042,0.000181623036042,0.335954755545,0.0,0.0,0.0
2014-04-10 19:44:00,0.369929480458,0,0.0324107884415,0.00105046003591,0.00105046003591,0.337518692017,0.0,0.0,0.0
2014-04-10 19:49:00,0.282674397089,0,0.0614995409472,0.00378219294362,0.00378219294362,0.344173938036,0.0,0.0,0.0
2014-04-10 19:54:00,0.360389810646,0,0.0301460145356,0.000908781483304,0.000908781483304,0.33024379611,0.0,0.0,0.0
2014-04-10 19:59:00,0.336869590247,0,0.000203586852718,4.14446788e-08,4.14446788e-08,0.337073177099,0.0,0.0,0.0
2014-04-10 20:04:00,0.3332510948,0,0.0044764220891,2.0038407456e-05,2.0038407456e-05,0.33772751689,0.0,0.0,0.0
2014-04-10 20:09:00,0.350151113304,0,0.0130847609367,0.000171211184352,0.000171211184352,0.337066352367,0.0,0.0,0.0
2014-04-10 20:14:00,0.350870700467,0,0.0140940862776,0.000198643218027,0.000198643218027,0.336776614189,0.0,0.0,0.0
2014-04-10 20:19:00,0.390345196242,0,0.0515630347675,0.00265874550678,0.00265874550678,0.338782161474,0.0,0.0,0.0
2014-04-10 20:24:00,0.294557865088,0,0.0574339671686,0.00329866004176,0.00329866004176,0.351991832256,0.0,0.0,0.0
2014-04-10 20:29:00,0.326014103908,0,0.000283298473511,8.02593831395e-08,8.02593831395e-08,0.326297402382,0.0,0.0,0.0
2014-04-10 20:34:00,0.349781039906,0,0.00638115758966,4.07191255363e-05,4.07191255363e-05,0.343399882317,0.0,0.0,0.0
2014-04-10 20:39:00,0.308168342277,0,0.0291779433048,0.000851351825986,0.000851351825986,0.337346285582,0.0,0.0,0.0
2014-04-10 20:44:00,0.329406443389,0,0.00518318697632,2.68654603133e-05,2.68654603133e-05,0.334589630365,0.0,0.0,0.0
2014-04-10 20:49:00,0.347683957318,0,0.0154071957864,0.000237381958868,0.000237381958868,0.332276761532,0.0,0.0,0.0
2014-04-10 20:54:00,0.343880425173,0,0.00222695894854,4.95930089528e-06,4.95930089528e-06,0.341653466225,0.0,0.0,0.0
2014-04-10 20:59:00,0.320380764407,0,0.0187667139349,0.000352189061232,0.000352189061232,0.339147478342,0.0,0.0,0.0
2014-04-10 21:04:00,0.329015810358,0,0.00366012347995,1.33964240376e-05,1.33964240376e-05,0.332675933838,0.0,0.0,0.0
2014-04-10 21:09:00,0.344600012336,0,0.0120825672483,0.000145988655277,0.000145988655277,0.332517445087,0.0,0.0,0.0
2014-04-10 21:14:00,0.329056929624,0,0.0111068973181,0.000123363410239,0.000123363410239,0.340163826942,0.0,0.0,0.0
2014-04-10 21:19:00,0.344558893069,0,0.0156609102336,0.000245264149271,0.000245264149271,0.328897982836,0.0,0.0,0.0
2014-04-10 21:24:00,0.365077407019,0,0.0307744451927,0.000947066408116,0.000947066408116,0.334302961826,0.0,0.0,0.0
2014-04-10 21:29:00,0.27245625938,0,0.0664263359203,0.00441245827824,0.00441245827824,0.338882595301,0.0,0.0,0.0
2014-04-10 21:34:00,0.336396718683,0,0.0157021529095,0.000246557785431,0.000246557785431,0.320694565773,0.0,0.0,0.0
2014-04-10 21:39:00,0.309072966138,0,0.0221661083303,0.00049133610446,0.00049133610446,0.331239074469,0.0,0.0,0.0
2014-04-10 21:44:00,0.319023828615,0,0.00574346293097,3.29874892486e-05,3.29874892486e-05,0.324767291546,0.0,0.0,0.0
2014-04-10 21:49:00,0.337815333374,0,0.0112486372075,0.00012653208978,0.00012653208978,0.326566696167,0.0,0.0,0.0
2014-04-10 21:54:00,0.310820534962,0,0.0150242595501,0.00022572792659,0.00022572792659,0.325844794512,0.0,0.0,0.0
2014-04-10 21:59:00,0.316597791895,0,0.00637036325025,4.05815590057e-05,4.05815590057e-05,0.322968155146,0.0,0.0,0.0
2014-04-10 22:04:00,0.349904397706,0,0.0294821059499,0.000869193987455,0.000869193987455,0.320422291756,0.0,0.0,0.0
2014-04-10 22:09:00,0.336869590247,0,0.0153383540748,0.000235265324591,0.000235265324591,0.321531236172,0.0,0.0,0.0
2014-04-10 22:14:00,0.36777071897,0,0.0420128280307,0.00176507874858,0.00176507874858,0.32575789094,0.0,0.0,0.0
2014-04-10 22:19:00,0.294640103621,0,0.0363482141075,0.00132119341288,0.00132119341288,0.330988317728,0.0,0.0,0.0
2014-04-10 22:24:00,0.346573737125,0,0.0324962703982,0.00105600780807,0.00105600780807,0.314077466726,0.0,0.0,0.0
2014-04-10 22:29:00,0.304056415634,0,0.0254147254664,0.000645908759907,0.000645908759907,0.3294711411,0.0,0.0,0.0
2014-04-10 22:34:00,0.321429305701,0,0.00148587766164,2.20785182137e-06,2.20785182137e-06,0.31994342804,0.0,0.0,0.0
2014-04-10 22:39:00,0.315652048767,0,0.00780936461603,6.09862727288e-05,6.09862727288e-05,0.323461413383,0.0,0.0,0.0
2014-04-10 22:44:00,0.322395608462,0,0.00173832539464,3.02182479572e-06,3.02182479572e-06,0.320657283068,0.0,0.0,0.0
2014-04-10 22:49:00,0.319023828615,0,0.00219388712531,4.8131882977e-06,4.8131882977e-06,0.32121771574,0.0,0.0,0.0
2014-04-10 22:54:00,0.336643434281,0,0.0130828983734,0.000171162057086,0.000171162057086,0.323560535908,0.0,0.0,0.0
2014-04-10 22:59:00,0.390920865972,0,0.0676678602287,0.00457894103602,0.00457894103602,0.323253005743,0.0,0.0,0.0
2014-04-10 23:04:00,0.287896543926,0,0.0531259177271,0.00282236305065,0.00282236305065,0.341022461653,0.0,0.0,0.0
2014-04-10 23:09:00,0.358354406957,0,0.0406454378412,0.00165205262601,0.00165205262601,0.317708969116,0.0,0.0,0.0
2014-04-10 23:14:00,0.314439030408,0,0.0206023137581,0.000424455414759,0.000424455414759,0.335041344166,0.0,0.0,0.0
2014-04-10 23:19:00,0.316597791895,0,0.00391807915258,1.53513628902e-05,1.53513628902e-05,0.320515871048,0.0,0.0,0.0
2014-04-10 23:24:00,0.317769690989,0,0.0152294490355,0.00023193655943,0.00023193655943,0.332999140024,0.0,0.0,0.0
2014-04-10 23:29:00,0.348218507782,0,0.0272527706774,0.000742713105865,0.000742713105865,0.320965737104,0.0,0.0,0.0
2014-04-10 23:34:00,0.325541232344,0,0.0117703931362,0.000138542251079,0.000138542251079,0.337311625481,0.0,0.0,0.0
2014-04-10 23:39:00,0.312506424885,0,0.0173091416544,0.000299605948385,0.000299605948385,0.32981556654,0.0,0.0,0.0
2014-04-10 23:44:00,0.326260819507,0,0.00143186800446,2.05028709388e-06,2.05028709388e-06,0.327692687511,0.0,0.0,0.0
2014-04-10 23:49:00,0.328193425029,0,0.00328523030899,1.07927307909e-05,1.07927307909e-05,0.331478655338,0.0,0.0,0.0
2014-04-10 23:54:00,0.347190526121,0,0.0149368315867,0.000223109032959,0.000223109032959,0.332253694534,0.0,0.0,0.0
2014-04-10 23:59:00,0.37186208598,0,0.0403190576257,0.00162562623154,0.00162562623154,0.331543028355,0.0,0.0,0.0
2014-04-11 00:04:00,0.287588149427,0,0.0513786672363,0.00263976748101,0.00263976748101,0.338966816664,0.0,0.0,0.0
2014-04-11 00:09:00,0.382964287917,0,0.0592392431898,0.00350928748958,0.00350928748958,0.323725044727,0.0,0.0,0.0
2014-04-11 00:14:00,0.324184296552,0,0.0180756171308,0.000326727866195,0.000326727866195,0.342259913683,0.0,0.0,0.0
2014-04-11 00:19:00,0.317399617591,0,0.0149747167445,0.000224242045078,0.000224242045078,0.332374334335,0.0,0.0,0.0
2014-04-11 00:24:00,0.341228232488,0,0.00383056770295,1.46733573274e-05,1.46733573274e-05,0.337397664785,0.0,0.0,0.0
2014-04-11 00:29:00,0.301568700014,0,0.0347229111802,0.00120568147395,0.00120568147395,0.336291611195,0.0,0.0,0.0
2014-04-11 00:34:00,0.322909599293,0,0.008428031456,7.10318126949e-05,7.10318126949e-05,0.331337630749,0.0,0.0,0.0
2014-04-11 00:39:00,0.360040296881,0,0.0240708487915,0.000579406274483,0.000579406274483,0.33596944809,0.0,0.0,0.0
2014-04-11 00:44:00,0.282448241123,0,0.0516839533957,0.00267123198137,0.00267123198137,0.334132194519,0.0,0.0,0.0
2014-04-11 00:49:00,0.344353296737,0,0.0154768609805,0.00023953296477,0.00023953296477,0.328876435757,0.0,0.0,0.0
2014-04-11 00:54:00,0.317358498324,0,0.013440157424,0.000180637958692,0.000180637958692,0.330798655748,0.0,0.0,0.0
2014-04-11 00:59:00,0.322148892864,0,0.00481387616777,2.3173437512e-05,2.3173437512e-05,0.326962769032,0.0,0.0,0.0
2014-04-11 01:04:00,0.344106581139,0,0.0166456662884,0.000277078332147,0.000277078332147,0.32746091485,0.0,0.0,0.0
2014-04-11 01:09:00,0.332778223236,0,0.00296137519687,8.76969625097e-06,8.76969625097e-06,0.32981684804,0.0,0.0,0.0
2014-04-11 01:14:00,0.340261929727,0,0.0137526030308,0.000189134269021,0.000189134269021,0.326509326696,0.0,0.0,0.0
2014-04-11 01:19:00,0.384876333806,0,0.051977031562,0.00270161242224,0.00270161242224,0.332899302244,0.0,0.0,0.0
2014-04-11 01:24:00,0.27660930529,0,0.0553380213702,0.00306229712442,0.00306229712442,0.33194732666,0.0,0.0,0.0
2014-04-11 01:29:00,0.323361911224,0,0.000135145737556,1.82664763315e-08,1.82664763315e-08,0.323497056961,0.0,0.0,0.0
2014-04-11 01:34:00,0.324081498386,0,0.00343672633012,1.18110056064e-05,1.18110056064e-05,0.327518224716,0.0,0.0,0.0
2014-04-11 01:39:00,0.353050021588,0,0.0283642095912,0.000804528477602,0.000804528477602,0.324685811996,0.0,0.0,0.0
2014-04-11 01:44:00,0.323238553424,0,0.010641662459,0.000113245019747,0.000113245019747,0.333880215883,0.0,0.0,0.0
2014-04-11 01:49:00,0.319188305681,0,0.00759064262641,5.76179918426e-05,5.76179918426e-05,0.326778948307,0.0,0.0,0.0
2014-04-11 01:54:00,0.337506938876,0,0.0132625886813,0.000175896551809,0.000175896551809,0.324244350195,0.0,0.0,0.0
2014-04-11 01:59:00,0.391414297169,0,0.0568889802153,0.00323635456152,0.00323635456152,0.334525316954,0.0,0.0,0.0
2014-04-11 02:04:00,0.316967865293,0,0.0198644792387,0.000394597154809,0.000394597154809,0.336832344532,0.0,0.0,0.0
2014-04-11 02:09:00,0.33976849853,0,0.00538513003786,2.89996314677e-05,2.89996314677e-05,0.334383368492,0.0,0.0,0.0
2014-04-11 02:14:00,0.347642838052,0,0.01147702246,0.00013172205945,0.00013172205945,0.336165815592,0.0,0.0,0.0
2014-04-11 02:19:00,0.29706614034,0,0.0410474954384,0.00168489594944,0.00168489594944,0.338113635778,0.0,0.0,0.0
2014-04-11 02:24:00,0.323629186455,0,0.00498603194564,2.48603755608e-05,2.48603755608e-05,0.328615218401,0.0,0.0,0.0
2014-04-11 02:29:00,0.321922736898,0,0.0134835367051,0.000181805429747,0.000181805429747,0.335406273603,0.0,0.0,0.0
2014-04-11 02:34:00,0.34098151689,0,0.0113675928632,0.00012922208407,0.00012922208407,0.329613924026,0.0,0.0,0.0
2014-04-11 02:39:00,0.310758856062,0,0.031991097208,0.00102343014441,0.00102343014441,0.34274995327,0.0,0.0,0.0
2014-04-11 02:44:00,0.31343160838,0,0.0104871514427,0.000109980086563,0.000109980086563,0.323918759823,0.0,0.0,0.0
2014-04-11 02:49:00,0.322642324061,0,0.0103643261485,0.000107419211417,0.000107419211417,0.333006650209,0.0,0.0,0.0
2014-04-11 02:54:00,0.346779333457,0,0.0173790920817,0.000302033295156,0.000302033295156,0.329400241375,0.0,0.0,0.0
2014-04-11 02:59:00,0.37186208598,0,0.0375677072229,0.00141133239958,0.00141133239958,0.334294378757,0.0,0.0,0.0
2014-04-11 03:04:00,0.301013589918,0,0.0329614867579,0.00108645972796,0.00108645972796,0.333975076675,0.0,0.0,0.0
2014-04-11 03:09:00,0.356421801435,0,0.0324687689415,0.00105422071647,0.00105422071647,0.323953032494,0.0,0.0,0.0
2014-04-11 03:14:00,0.341454388454,0,0.0100439804337,0.000100881508843,0.000100881508843,0.33141040802,0.0,0.0,0.0
2014-04-11 03:19:00,0.329406443389,0,0.00504594728173,2.54616152233e-05,2.54616152233e-05,0.334452390671,0.0,0.0,0.0
2014-04-11 03:24:00,0.328727975493,0,0.00341729819254,1.16778255688e-05,1.16778255688e-05,0.332145273685,0.0,0.0,0.0
2014-04-11 03:29:00,0.321758259833,0,0.00907478779576,8.23515874799e-05,8.23515874799e-05,0.330833047628,0.0,0.0,0.0
2014-04-11 03:34:00,0.32813174613,0,0.00322302095447,1.03879337985e-05,1.03879337985e-05,0.331354767084,0.0,0.0,0.0
2014-04-11 03:39:00,0.32928308559,0,0.00505182432617,2.5520899726e-05,2.5520899726e-05,0.334334909916,0.0,0.0,0.0
2014-04-11 03:44:00,0.341742223319,0,0.0140250681006,0.000196702370886,0.000196702370886,0.327717155218,0.0,0.0,0.0
2014-04-11 03:49:00,0.312095232221,0,0.0233764276777,0.000546457711607,0.000546457711607,0.335471659899,0.0,0.0,0.0
2014-04-11 03:54:00,0.3742881227,0,0.0463357675535,0.00214700237848,0.00214700237848,0.327952355146,0.0,0.0,0.0
2014-04-11 03:59:00,0.294167232057,0,0.0461410169402,0.00212899455801,0.00212899455801,0.340308248997,0.0,0.0,0.0
2014-04-11 04:04:00,0.321326507535,0,0.0014381871556,2.06842059924e-06,2.06842059924e-06,0.322764694691,0.0,0.0,0.0
2014-04-11 04:09:00,0.337835893008,0,0.00683535632745,4.67218924314e-05,4.67218924314e-05,0.33100053668,0.0,0.0,0.0
2014-04-11 04:14:00,0.351837003228,0,0.0218687593905,0.000478242902318,0.000478242902318,0.329968243837,0.0,0.0,0.0
2014-04-11 04:19:00,0.356668517034,0,0.0196446329757,0.000385912193451,0.000385912193451,0.337023884058,0.0,0.0,0.0
2014-04-11 04:24:00,0.329879314953,0,0.00404652828581,1.63744007295e-05,1.63744007295e-05,0.333925843239,0.0,0.0,0.0
2014-04-11 04:29:00,0.351117416065,0,0.0198644835168,0.000394597154809,0.000394597154809,0.331252932549,0.0,0.0,0.0
2014-04-11 04:34:00,0.33446411316,0,0.00699608500376,4.89453486807e-05,4.89453486807e-05,0.341460198164,0.0,0.0,0.0
2014-04-11 04:39:00,0.292707498098,0,0.0418247329942,0.00174930784851,0.00174930784851,0.334532231092,0.0,0.0,0.0
2014-04-11 04:44:00,0.318756553383,0,0.0103730829046,0.000107600906631,0.000107600906631,0.329129636288,0.0,0.0,0.0
2014-04-11 04:49:00,0.344229938938,0,0.0128371142881,0.000164791446878,0.000164791446878,0.33139282465,0.0,0.0,0.0
2014-04-11 04:54:00,0.326384177306,0,0.00823838462533,6.78708238411e-05,6.78708238411e-05,0.334622561932,0.0,0.0,0.0
2014-04-11 04:59:00,0.320709718539,0,0.0111291574704,0.000123858437291,0.000123858437291,0.331838876009,0.0,0.0,0.0
2014-04-11 05:04:00,0.331318489278,0,0.0024519478925,6.01208967055e-06,6.01208967055e-06,0.328866541386,0.0,0.0,0.0
2014-04-11 05:09:00,0.363412076729,0,0.0315233414342,0.000993721419945,0.000993721419945,0.331888735294,0.0,0.0,0.0
2014-04-11 05:14:00,0.330598902116,0,0.010953236213,0.000119973628898,0.000119973628898,0.341552138329,0.0,0.0,0.0
2014-04-11 05:19:00,0.34098151689,0,0.00991973643701,9.84010985121e-05,9.84010985121e-05,0.331061780453,0.0,0.0,0.0
2014-04-11 05:24:00,0.327268241535,0,0.00837770234551,7.01858734828e-05,7.01858734828e-05,0.33564594388,0.0,0.0,0.0
2014-04-11 05:29:00,0.32288903966,0,0.00773095116612,5.97677571932e-05,5.97677571932e-05,0.330619990826,0.0,0.0,0.0
2014-04-11 05:34:00,0.349657682107,0,0.0180488502245,0.000325761095155,0.000325761095155,0.331608831882,0.0,0.0,0.0
2014-04-11 05:39:00,0.305269433993,0,0.0277798931418,0.000771723221987,0.000771723221987,0.333049327135,0.0,0.0,0.0
2014-04-11 05:44:00,0.322231131397,0,0.00575308243242,3.30978145939e-05,3.30978145939e-05,0.327984213829,0.0,0.0,0.0
2014-04-11 05:49:00,0.324472131417,0,0.00520974190436,2.71414319286e-05,2.71414319286e-05,0.329681873322,0.0,0.0,0.0
2014-04-11 05:54:00,0.33976849853,0,0.00961783467729,9.25027561607e-05,9.25027561607e-05,0.330150663853,0.0,0.0,0.0
2014-04-11 05:59:00,0.327227122268,0,0.00611477426583,3.73905459128e-05,3.73905459128e-05,0.333341896534,0.0,0.0,0.0
2014-04-11 06:04:00,0.308394498242,0,0.0204103821385,0.00041658396367,0.00041658396367,0.328804880381,0.0,0.0,0.0
2014-04-11 06:09:00,0.331565204877,0,0.00653744103321,4.27380873589e-05,4.27380873589e-05,0.325027763844,0.0,0.0,0.0
2014-04-11 06:14:00,0.355743333539,0,0.0281451193895,0.000792146893218,0.000792146893218,0.327598214149,0.0,0.0,0.0
2014-04-11 06:19:00,0.338576039803,0,0.0101436586503,0.000102893987787,0.000102893987787,0.328432381153,0.0,0.0,0.0
2014-04-11 06:24:00,0.299985608257,0,0.0274620743623,0.000754164997488,0.000754164997488,0.327447682619,0.0,0.0,0.0
2014-04-11 06:29:00,0.318057525854,0,0.00523434211768,2.73982204817e-05,2.73982204817e-05,0.323291867971,0.0,0.0,0.0
2014-04-11 06:34:00,0.321223709369,0,0.00391623041598,1.53368873725e-05,1.53368873725e-05,0.325139939785,0.0,0.0,0.0
2014-04-11 06:39:00,0.335183700323,0,0.0117206776139,0.000137374503538,0.000137374503538,0.323463022709,0.0,0.0,0.0
2014-04-11 06:44:00,0.332654865437,0,0.00634741967266,4.02897130698e-05,4.02897130698e-05,0.326307445765,0.0,0.0,0.0
2014-04-11 06:49:00,0.303336828471,0,0.0225115125172,0.000506768177729,0.000506768177729,0.325848340988,0.0,0.0,0.0
2014-04-11 06:54:00,0.335471535188,0,0.0150622968493,0.000226872958592,0.000226872958592,0.320409238338,0.0,0.0,0.0
2014-04-11 06:59:00,0.323608626822,0,0.000768889883621,5.91207083289e-07,5.91207083289e-07,0.322839736938,0.0,0.0,0.0
2014-04-11 07:04:00,0.340488085693,0,0.0196744298393,0.00038708280772,0.00038708280772,0.320813655853,0.0,0.0,0.0
2014-04-11 07:09:00,0.316782828594,0,0.0113378798712,0.000128547442728,0.000128547442728,0.328120708466,0.0,0.0,0.0
2014-04-11 07:14:00,0.331565204877,0,0.0112229025544,0.000125953461975,0.000125953461975,0.320342302322,0.0,0.0,0.0
2014-04-11 07:19:00,0.330845617714,0,0.00688942617442,4.74642838526e-05,4.74642838526e-05,0.32395619154,0.0,0.0,0.0
2014-04-11 07:24:00,0.332778223236,0,0.00920758434146,8.47794653964e-05,8.47794653964e-05,0.323570638895,0.0,0.0,0.0
2014-04-11 07:29:00,0.317769690989,0,0.00788830256636,6.22255465714e-05,6.22255465714e-05,0.325657993555,0.0,0.0,0.0
2014-04-11 07:34:00,0.330598902116,0,0.00469918192363,2.2082203941e-05,2.2082203941e-05,0.325899720192,0.0,0.0,0.0
2014-04-11 07:39:00,0.324903883715,0,0.00139390609737,1.94299695977e-06,1.94299695977e-06,0.326297789812,0.0,0.0,0.0
2014-04-11 07:44:00,0.320236846975,0,0.0047793535678,2.28420794883e-05,2.28420794883e-05,0.325016200542,0.0,0.0,0.0
2014-04-11 07:49:00,0.358642241822,0,0.0339484130012,0.00115249527153,0.00115249527153,0.324693828821,0.0,0.0,0.0
2014-04-11 07:54:00,0.289541314583,0,0.0448688163947,0.00201321160421,0.00201321160421,0.334410130978,0.0,0.0,0.0
2014-04-11 07:59:00,0.310799975328,0,0.00996376163483,9.92763307295e-05,9.92763307295e-05,0.320763736963,0.0,0.0,0.0
2014-04-11 08:04:00,0.339645140731,0,0.0155075722569,0.00024048499472,0.00024048499472,0.324137568474,0.0,0.0,0.0
2014-04-11 08:09:00,0.35498262711,0,0.0299515850109,0.000897096702829,0.000897096702829,0.325031042099,0.0,0.0,0.0
2014-04-11 08:14:00,0.321490984601,0,0.0134780591309,0.000181658382644,0.000181658382644,0.334969043732,0.0,0.0,0.0
2014-04-11 08:19:00,0.340015214129,0,0.0139368588162,0.000194235719391,0.000194235719391,0.326078355312,0.0,0.0,0.0
2014-04-11 08:24:00,0.309134645038,0,0.0216771237323,0.000469898252049,0.000469898252049,0.33081176877,0.0,0.0,0.0
2014-04-11 08:29:00,0.306235736754,0,0.0204257904024,0.00041721315938,0.00041721315938,0.326661527157,0.0,0.0,0.0
2014-04-11 08:34:00,0.326096342441,0,0.000658290025403,4.3336351041e-07,4.3336351041e-07,0.325438052416,0.0,0.0,0.0
2014-04-11 08:39:00,0.314439030408,0,0.0118547658932,0.00014053551422,0.00014053551422,0.326293796301,0.0,0.0,0.0
2014-04-11 08:44:00,0.34628590226,0,0.0206279981114,0.000425514590461,0.000425514590461,0.325657904148,0.0,0.0,0.0
2014-04-11 08:49:00,0.305968461523,0,0.0217692274956,0.000473899184726,0.000473899184726,0.327737689018,0.0,0.0,0.0
2014-04-11 08:54:00,0.370361232756,0,0.0501278877239,0.00251280562952,0.00251280562952,0.320233345032,0.0,0.0,0.0
2014-04-11 08:59:00,0.331318489278,0,0.00573489907901,3.28889727825e-05,3.28889727825e-05,0.337053388357,0.0,0.0,0.0
2014-04-11 09:04:00,0.32576738831,0,0.00141043428008,1.98929797079e-06,1.98929797079e-06,0.32717782259,0.0,0.0,0.0
2014-04-11 09:09:00,0.367791278604,0,0.0375357403784,0.0014089307515,0.0014089307515,0.330255538225,0.0,0.0,0.0
2014-04-11 09:14:00,0.346820452723,0,0.0117403357359,0.000137835275382,0.000137835275382,0.335080116987,0.0,0.0,0.0
2014-04-11 09:19:00,0.326630892905,0,0.00862622007502,7.44117132854e-05,7.44117132854e-05,0.33525711298,0.0,0.0,0.0
2014-04-11 09:24:00,0.292481342133,0,0.0414311198632,0.00171653844882,0.00171653844882,0.333912461996,0.0,0.0,0.0
2014-04-11 09:29:00,0.31637163593,0,0.0100211934882,0.000100424047559,0.000100424047559,0.326392829418,0.0,0.0,0.0
2014-04-11 09:34:00,0.339521782931,0,0.00686456495196,4.71224229841e-05,4.71224229841e-05,0.332657217979,0.0,0.0,0.0
2014-04-11 09:39:00,0.334710828759,0,0.000211320616344,4.46596359893e-08,4.46596359893e-08,0.334499508142,0.0,0.0,0.0
2014-04-11 09:44:00,0.304303131232,0,0.0297874592449,0.000887292262632,0.000887292262632,0.334090590477,0.0,0.0,0.0
2014-04-11 09:49:00,0.322148892864,0,0.0090210104146,8.13786900835e-05,8.13786900835e-05,0.331169903278,0.0,0.0,0.0
2014-04-11 09:54:00,0.351837003228,0,0.0217165589301,0.000471609178931,0.000471609178931,0.330120444298,0.0,0.0,0.0
2014-04-11 09:59:00,0.3450728839,0,0.0111504977303,0.000124333848362,0.000124333848362,0.333922386169,0.0,0.0,0.0
2014-04-11 10:04:00,0.347355003187,0,0.012909735271,0.000166661397088,0.000166661397088,0.334445267916,0.0,0.0,0.0
2014-04-11 10:09:00,0.387795801723,0,0.0541680413126,0.0029341771733,0.0029341771733,0.33362776041,0.0,0.0,0.0
2014-04-11 10:14:00,0.272209543782,0,0.0697930268474,0.00487106526271,0.00487106526271,0.342002570629,0.0,0.0,0.0
2014-04-11 10:19:00,0.322642324061,0,0.000518324285008,2.6865768632e-07,2.6865768632e-07,0.323160648346,0.0,0.0,0.0
2014-04-11 10:24:00,0.321429305701,0,0.0117158359004,0.000137260663905,0.000137260663905,0.333145141602,0.0,0.0,0.0
2014-04-11 10:29:00,0.316762268961,0,0.0131264324778,0.000172303247382,0.000172303247382,0.329888701439,0.0,0.0,0.0
2014-04-11 10:34:00,0.319352782746,0,0.0150840809145,0.000227529701078,0.000227529701078,0.334436863661,0.0,0.0,0.0
2014-04-11 10:39:00,0.345216801332,0,0.020251741575,0.000410133419791,0.000410133419791,0.324965059757,0.0,0.0,0.0
2014-04-11 10:44:00,0.315754846934,0,0.0159369248122,0.000253985141171,0.000253985141171,0.331691771746,0.0,0.0,0.0
2014-04-11 10:49:00,0.310244865232,0,0.0177623857926,0.000315502606099,0.000315502606099,0.328007251024,0.0,0.0,0.0
2014-04-11 10:54:00,0.357532021629,0,0.0340034934152,0.00115623779129,0.00115623779129,0.323528528214,0.0,0.0,0.0
2014-04-11 10:59:00,0.290877690742,0,0.0419246645475,0.00175767671317,0.00175767671317,0.332802355289,0.0,0.0,0.0
2014-04-11 11:04:00,0.321840498366,0,0.00505093089496,2.55118684436e-05,2.55118684436e-05,0.316789567471,0.0,0.0,0.0
2014-04-11 11:09:00,0.379942021834,0,0.0593668441648,0.00352442311123,0.00352442311123,0.32057517767,0.0,0.0,0.0
2014-04-11 11:14:00,0.314192314809,0,0.0147188108508,0.000216643093154,0.000216643093154,0.32891112566,0.0,0.0,0.0
2014-04-11 11:19:00,0.336150003084,0,0.0108094936693,0.000116844879813,0.000116844879813,0.325340509415,0.0,0.0,0.0
2014-04-11 11:24:00,0.30115750735,0,0.0216168432931,0.000467288045911,0.000467288045911,0.322774350643,0.0,0.0,0.0
2014-04-11 11:29:00,0.316762268961,0,0.00373619753058,1.39591747939e-05,1.39591747939e-05,0.320498466492,0.0,0.0,0.0
2014-04-11 11:34:00,0.3216760213,0,0.00357686928707,1.27940329548e-05,1.27940329548e-05,0.325252890587,0.0,0.0,0.0
2014-04-11 11:39:00,0.342667406813,0,0.0232374429863,0.000539978500456,0.000539978500456,0.319429963827,0.0,0.0,0.0
2014-04-11 11:44:00,0.318057525854,0,0.00622839858092,3.8792808482e-05,3.8792808482e-05,0.324285924435,0.0,0.0,0.0
2014-04-11 11:49:00,0.339048911367,0,0.0155624640331,0.000242190624704,0.000242190624704,0.323486447334,0.0,0.0,0.0
2014-04-11 11:54:00,0.340652562758,0,0.0192825571507,0.000371816713596,0.000371816713596,0.321370005608,0.0,0.0,0.0
2014-04-11 11:59:00,0.330968975513,0,0.00428804704477,1.83873526112e-05,1.83873526112e-05,0.326680928469,0.0,0.0,0.0
2014-04-11 12:04:00,0.333168856268,0,0.00739967024771,5.47552372154e-05,5.47552372154e-05,0.32576918602,0.0,0.0,0.0
2014-04-11 12:09:00,0.319743415777,0,0.00969562822126,9.40050376812e-05,9.40050376812e-05,0.329439043999,0.0,0.0,0.0
2014-04-11 12:14:00,0.318777113016,0,0.00655299538786,4.29417341365e-05,4.29417341365e-05,0.325330108404,0.0,0.0,0.0
2014-04-11 12:19:00,0.337116305845,0,0.00848028542312,7.1915157605e-05,7.1915157605e-05,0.328636020422,0.0,0.0,0.0
2014-04-11 12:24:00,0.338576039803,0,0.0106439502363,0.000113293863251,0.000113293863251,0.327932089567,0.0,0.0,0.0
2014-04-11 12:29:00,0.330866177347,0,0.00264112207582,6.97547056916e-06,6.97547056916e-06,0.333507299423,0.0,0.0,0.0
2014-04-11 12:34:00,0.338576039803,0,0.0089975805406,8.09566117823e-05,8.09566117823e-05,0.329578459263,0.0,0.0,0.0
2014-04-11 12:39:00,0.352309874792,0,0.0187779586503,0.0003526120272,0.0003526120272,0.333531916142,0.0,0.0,0.0
2014-04-11 12:44:00,0.315981002899,0,0.0212679781001,0.000452326989034,0.000452326989034,0.337248980999,0.0,0.0,0.0
2014-04-11 12:49:00,0.325582351611,0,0.00824109084826,6.79155200487e-05,6.79155200487e-05,0.333823442459,0.0,0.0,0.0
2014-04-11 12:54:00,0.343386993976,0,0.00842939433613,7.10549211362e-05,7.10549211362e-05,0.33495759964,0.0,0.0,0.0
2014-04-11 12:59:00,0.319743415777,0,0.0180421560361,0.000325519067701,0.000325519067701,0.337785571814,0.0,0.0,0.0
2014-04-11 13:04:00,0.32046300294,0,0.0110396730701,0.000121874407341,0.000121874407341,0.33150267601,0.0,0.0,0.0
2014-04-11 13:09:00,0.359320709719,0,0.0254661536349,0.000648524495773,0.000648524495773,0.333854556084,0.0,0.0,0.0
2014-04-11 13:14:00,0.313226012048,0,0.026491733733,0.000701811804902,0.000701811804902,0.339717745781,0.0,0.0,0.0
2014-04-11 13:19:00,0.314439030408,0,0.0210293214333,0.000442232441856,0.000442232441856,0.335468351841,0.0,0.0,0.0
2014-04-11 13:24:00,0.316597791895,0,0.0155466771274,0.000241699250182,0.000241699250182,0.332144469023,0.0,0.0,0.0
2014-04-11 13:29:00,0.320627480006,0,0.0115427084212,0.000133234105306,0.000133234105306,0.332170188427,0.0,0.0,0.0
2014-04-11 13:34:00,0.32288903966,0,0.0083193086147,6.92110552336e-05,6.92110552336e-05,0.331208348274,0.0,0.0,0.0
2014-04-11 13:39:00,0.325294516746,0,0.00186730199693,3.48678804585e-06,3.48678804585e-06,0.327161818743,0.0,0.0,0.0
2014-04-11 13:44:00,0.321922736898,0,0.0026374285069,6.9559637268e-06,6.9559637268e-06,0.324560165405,0.0,0.0,0.0
2014-04-11 13:49:00,0.328666296593,0,0.00321259795817,1.0320804904e-05,1.0320804904e-05,0.325453698635,0.0,0.0,0.0
2014-04-11 13:54:00,0.356915232632,0,0.0340506405569,0.00115944631398,0.00115944631398,0.322864592075,0.0,0.0,0.0
2014-04-11 13:59:00,0.308394498242,0,0.0218416386711,0.0004770574742,0.0004770574742,0.330236136913,0.0,0.0,0.0
2014-04-11 14:04:00,0.34098151689,0,0.0195017493288,0.000380318087991,0.000380318087991,0.321479767561,0.0,0.0,0.0
2014-04-11 14:09:00,0.330352186517,0,0.00379478867459,1.44004261529e-05,1.44004261529e-05,0.326557397842,0.0,0.0,0.0
2014-04-11 14:14:00,0.320236846975,0,0.0021360067813,4.56246198155e-06,4.56246198155e-06,0.322372853756,0.0,0.0,0.0
2014-04-11 14:19:00,0.324081498386,0,0.000302147863702,9.12861253255e-08,9.12861253255e-08,0.32438364625,0.0,0.0,0.0
2014-04-11 14:24:00,0.3216760213,0,0.00160372801822,2.57192618847e-06,2.57192618847e-06,0.320072293282,0.0,0.0,0.0
2014-04-11 14:29:00,0.350809021567,0,0.0284352439391,0.000808562326711,0.000808562326711,0.322373777628,0.0,0.0,0.0
2014-04-11 14:34:00,0.338637718703,0,0.0100563855427,0.000101130710391,0.000101130710391,0.32858133316,0.0,0.0,0.0
2014-04-11 14:39:00,0.296346553177,0,0.0301066259435,0.000906409404706,0.000906409404706,0.326453179121,0.0,0.0,0.0
2014-04-11 14:44:00,0.317481856124,0,0.00414486668897,1.71800074895e-05,1.71800074895e-05,0.321626722813,0.0,0.0,0.0
2014-04-11 14:49:00,0.325417874545,0,0.000985501498243,9.71216536527e-07,9.71216536527e-07,0.324432373047,0.0,0.0,0.0
2014-04-11 14:54:00,0.356175085836,0,0.0317836015759,0.00101019791327,0.00101019791327,0.324391484261,0.0,0.0,0.0
2014-04-11 14:59:00,0.298196920167,0,0.0324425911799,0.00105252221692,0.00105252221692,0.330639511347,0.0,0.0,0.0
2014-04-11 15:04:00,0.324328213985,0,0.00647166376799,4.18824311055e-05,4.18824311055e-05,0.317856550217,0.0,0.0,0.0
2014-04-11 15:09:00,0.365838113448,0,0.0403434962243,0.00162759749219,0.00162759749219,0.325494617224,0.0,0.0,0.0
2014-04-11 15:14:00,0.304056415634,0,0.02828003995,0.000799761211965,0.000799761211965,0.332336455584,0.0,0.0,0.0
2014-04-11 15:19:00,0.331565204877,0,0.00861013295063,7.41343246773e-05,7.41343246773e-05,0.322955071926,0.0,0.0,0.0
2014-04-11 15:24:00,0.336026645285,0,0.00652516542053,4.25776997872e-05,4.25776997872e-05,0.329501479864,0.0,0.0,0.0
2014-04-11 15:29:00,0.322642324061,0,0.00566780796573,3.21240222547e-05,3.21240222547e-05,0.328310132027,0.0,0.0,0.0
2014-04-11 15:34:00,0.319023828615,0,0.0107338022101,0.000115214745165,0.000115214745165,0.329757630825,0.0,0.0,0.0
2014-04-11 15:39:00,0.329632599354,0,0.00666274547641,4.43923199782e-05,4.43923199782e-05,0.322969853878,0.0,0.0,0.0
2014-04-11 15:44:00,0.328440140628,0,0.000790942765206,6.25607640359e-07,6.25607640359e-07,0.329231083393,0.0,0.0,0.0
2014-04-11 15:49:00,0.34628590226,0,0.0163364934899,0.000266881252173,0.000266881252173,0.32994940877,0.0,0.0,0.0
2014-04-11 15:54:00,0.325993544275,0,0.00628244239628,3.94691633119e-05,3.94691633119e-05,0.332275986671,0.0,0.0,0.0
2014-04-11 15:59:00,0.324698287383,0,0.00378577099757,1.43319730341e-05,1.43319730341e-05,0.32848405838,0.0,0.0,0.0
2014-04-11 16:04:00,0.329920434219,0,0.0024402208499,5.95464507569e-06,5.95464507569e-06,0.332360655069,0.0,0.0,0.0
2014-04-11 16:09:00,0.387754682456,0,0.0571690239062,0.00326829683036,0.00326829683036,0.33058565855,0.0,0.0,0.0
2014-04-11 16:14:00,0.30358354407,0,0.041044253534,0.00168463168666,0.00168463168666,0.344627797604,0.0,0.0,0.0
2014-04-11 16:19:00,0.317091223093,0,0.0113203560395,0.000128150379169,0.000128150379169,0.328411579132,0.0,0.0,0.0
2014-04-11 16:24:00,0.343263636177,0,0.0121155780007,0.000146786987898,0.000146786987898,0.331148058176,0.0,0.0,0.0
2014-04-11 16:29:00,0.339213388433,0,0.00320770071953,1.02894246083e-05,1.02894246083e-05,0.336005687714,0.0,0.0,0.0
2014-04-11 16:34:00,0.322313369929,0,0.0167139156464,0.000279355037492,0.000279355037492,0.339027285576,0.0,0.0,0.0
2014-04-11 16:39:00,0.319743415777,0,0.0127004175737,0.000161300384207,0.000161300384207,0.332443833351,0.0,0.0,0.0
2014-04-11 16:44:00,0.334217397562,0,0.00147479592856,2.17502838495e-06,2.17502838495e-06,0.332742601633,0.0,0.0,0.0
2014-04-11 16:49:00,0.310327103764,0,0.0279821544581,0.000783000490628,0.000783000490628,0.338309258223,0.0,0.0,0.0
2014-04-11 16:54:00,0.36777071897,0,0.0398722166205,0.00158979464322,0.00158979464322,0.32789850235,0.0,0.0,0.0
2014-04-11 16:59:00,0.321922736898,0,0.0175598387566,0.000308347516693,0.000308347516693,0.339482575655,0.0,0.0,0.0
2014-04-11 17:04:00,0.312465305619,0,0.0184290751889,0.000339630641975,0.000339630641975,0.330894380808,0.0,0.0,0.0
2014-04-11 17:09:00,0.340261929727,0,0.00819470832405,6.71533489367e-05,6.71533489367e-05,0.332067221403,0.0,0.0,0.0
2014-04-11 17:14:00,0.326507535106,0,0.00225684391893,5.09332903675e-06,5.09332903675e-06,0.328764379025,0.0,0.0,0.0
2014-04-11 17:19:00,0.340097452661,0,0.00823732759659,6.78536380292e-05,6.78536380292e-05,0.331860125065,0.0,0.0,0.0
2014-04-11 17:24:00,0.358354406957,0,0.0262701386259,0.000690120854415,0.000690120854415,0.332084268332,0.0,0.0,0.0
2014-04-11 17:29:00,0.32915972779,0,0.00702933361282,4.94114065077e-05,4.94114065077e-05,0.336189061403,0.0,0.0,0.0
2014-04-11 17:34:00,0.334936984724,0,0.00278426045814,7.75205990067e-06,7.75205990067e-06,0.332152724266,0.0,0.0,0.0
2014-04-11 17:39:00,0.329036369991,0,0.00347916774764,1.21045050037e-05,1.21045050037e-05,0.332515537739,0.0,0.0,0.0
2014-04-11 17:44:00,0.330845617714,0,0.000518268880592,2.68595897523e-07,2.68595897523e-07,0.331363886595,0.0,0.0,0.0
2014-04-11 17:49:00,0.3392545077,0,0.00214258758125,4.59064222014e-06,4.59064222014e-06,0.337111920118,0.0,0.0,0.0
2014-04-11 17:54:00,0.348691379346,0,0.0159541421308,0.000254534475971,0.000254534475971,0.332737237215,0.0,0.0,0.0
2014-04-11 17:59:00,0.333970681963,0,0.00157008952134,2.46513786806e-06,2.46513786806e-06,0.335540771484,0.0,0.0,0.0
2014-04-11 18:04:00,0.31285593865,0,0.0229092145196,0.00052483251784,0.00052483251784,0.33576515317,0.0,0.0,0.0
2014-04-11 18:09:00,0.359793581283,0,0.0271252470368,0.00073577859439,0.00073577859439,0.332668334246,0.0,0.0,0.0
2014-04-11 18:14:00,0.345813030696,0,0.00501095721683,2.51097444561e-05,2.51097444561e-05,0.340802073479,0.0,0.0,0.0
2014-04-11 18:19:00,0.33164744341,0,0.00729702151234,5.32463454874e-05,5.32463454874e-05,0.338944464922,0.0,0.0,0.0
2014-04-11 18:24:00,0.325088920414,0,0.0135281659969,0.00018301133241,0.00018301133241,0.338617086411,0.0,0.0,0.0
2014-04-11 18:29:00,0.359320709719,0,0.0240385627878,0.000577852013521,0.000577852013521,0.335282146931,0.0,0.0,0.0
2014-04-11 18:34:00,0.304549846831,0,0.0392832420441,0.00154317345005,0.00154317345005,0.343833088875,0.0,0.0,0.0
2014-04-11 18:39:00,0.316124920331,0,0.0155349629293,0.000241335204919,0.000241335204919,0.331659883261,0.0,0.0,0.0
2014-04-11 18:44:00,0.330228828718,0,0.00464094347812,2.15382951865e-05,2.15382951865e-05,0.334869772196,0.0,0.0,0.0
2014-04-11 18:49:00,0.330023232386,0,0.0034961965829,1.22234132505e-05,1.22234132505e-05,0.333519428968,0.0,0.0,0.0
2014-04-11 18:54:00,0.366084829047,0,0.0309012681984,0.000954889284912,0.000954889284912,0.335183560848,0.0,0.0,0.0
2014-04-11 18:59:00,0.362178498736,0,0.023887449732,0.000570610514842,0.000570610514842,0.338291049004,0.0,0.0,0.0
2014-04-11 19:04:00,0.327144883735,0,0.0130781604218,0.00017103808932,0.00017103808932,0.340223044157,0.0,0.0,0.0
2014-04-11 19:09:00,0.326363617673,0,0.0116351301526,0.000135376132675,0.000135376132675,0.337998747826,0.0,0.0,0.0
2014-04-11 19:14:00,0.3508912601,0,0.0174159087663,0.000303313951008,0.000303313951008,0.333475351334,0.0,0.0,0.0
2014-04-11 19:19:00,0.298505314665,0,0.0407772576043,0.00166278542019,0.00166278542019,0.339282572269,0.0,0.0,0.0
2014-04-11 19:24:00,0.324451571784,0,0.00511031738764,2.61154054897e-05,2.61154054897e-05,0.329561889172,0.0,0.0,0.0
2014-04-11 19:29:00,0.361500030839,0,0.0294186831355,0.000865458569024,0.000865458569024,0.332081347704,0.0,0.0,0.0
2014-04-11 19:34:00,0.326733691071,0,0.0108970278755,0.000118745490909,0.000118745490909,0.337630718946,0.0,0.0,0.0
2014-04-11 19:39:00,0.334217397562,0,0.00125891149942,1.58485363499e-06,1.58485363499e-06,0.335476309061,0.0,0.0,0.0
2014-04-11 19:44:00,0.331092333313,0,0.00184884119437,3.41823397321e-06,3.41823397321e-06,0.332941174507,0.0,0.0,0.0
2014-04-11 19:49:00,0.341228232488,0,0.00600431929558,3.60520207323e-05,3.60520207323e-05,0.335223913193,0.0,0.0,0.0
2014-04-11 19:54:00,0.335348177389,0,0.00264130191484,6.97641507941e-06,6.97641507941e-06,0.337989479303,0.0,0.0,0.0
2014-04-11 19:59:00,0.324842204815,0,0.0067592956961,4.56879461126e-05,4.56879461126e-05,0.331601500511,0.0,0.0,0.0
2014-04-11 20:04:00,0.35376960875,0,0.0239473962925,0.000573477416765,0.000573477416765,0.329822212458,0.0,0.0,0.0
2014-04-11 20:09:00,0.34098151689,0,0.00336161618631,1.13004389277e-05,1.13004389277e-05,0.337619900703,0.0,0.0,0.0
2014-04-11 20:14:00,0.305413351426,0,0.0269298692849,0.000725217105355,0.000725217105355,0.332343220711,0.0,0.0,0.0
2014-04-11 20:19:00,0.326014103908,0,0.00288527963654,8.32485238789e-06,8.32485238789e-06,0.328899383545,0.0,0.0,0.0
2014-04-11 20:24:00,0.32513003968,0,0.00572872735253,3.28182504745e-05,3.28182504745e-05,0.330858767033,0.0,0.0,0.0
2014-04-11 20:29:00,0.363926067559,0,0.0315930094401,0.000998117378913,0.000998117378913,0.332333058119,0.0,0.0,0.0
2014-04-11 20:34:00,0.327946709431,0,0.0112552177544,0.000126679631649,0.000126679631649,0.339201927185,0.0,0.0,0.0
2014-04-11 20:39:00,0.328440140628,0,0.00212090120408,4.49826802651e-06,4.49826802651e-06,0.330561041832,0.0,0.0,0.0
2014-04-11 20:44:00,0.328769094759,0,0.00377928513872,1.42830485856e-05,1.42830485856e-05,0.332548379898,0.0,0.0,0.0
2014-04-11 20:49:00,0.327350480067,0,0.00257237483292,6.61717740513e-06,6.61717740513e-06,0.3299228549,0.0,0.0,0.0
2014-04-11 20:54:00,0.347971792183,0,0.0179169725993,0.000321018073009,0.000321018073009,0.330054819584,0.0,0.0,0.0
2014-04-11 20:59:00,0.405888278953,0,0.0720181064525,0.00518660899252,0.00518660899252,0.333870172501,0.0,0.0,0.0
2014-04-11 21:04:00,0.280885708999,0,0.0645899050719,0.00417185761034,0.00417185761034,0.345475614071,0.0,0.0,0.0
2014-04-11 21:09:00,0.370669627254,0,0.0427289844201,0.00182576663792,0.00182576663792,0.327940642834,0.0,0.0,0.0
2014-04-11 21:14:00,0.327576636033,0,0.0180432212784,0.000325557775795,0.000325557775795,0.345619857311,0.0,0.0,0.0
2014-04-11 21:19:00,0.327987828697,0,0.00725331023795,5.26106377947e-05,5.26106377947e-05,0.335241138935,0.0,0.0,0.0
2014-04-11 21:24:00,0.326507535106,0,0.0155022476856,0.000240319583099,0.000240319583099,0.342009782791,0.0,0.0,0.0
2014-04-11 21:29:00,0.353173379387,0,0.0176365716114,0.000311048497679,0.000311048497679,0.335536807775,0.0,0.0,0.0
2014-04-11 21:34:00,0.309134645038,0,0.0325773231456,0.00106128281914,0.00106128281914,0.341711968184,0.0,0.0,0.0
2014-04-11 21:39:00,0.332284792039,0,0.00359793129214,1.29452082547e-05,1.29452082547e-05,0.335882723331,0.0,0.0,0.0
2014-04-11 21:44:00,0.355208783075,0,0.0207925128193,0.000432328641182,0.000432328641182,0.334416270256,0.0,0.0,0.0
2014-04-11 21:49:00,0.317564094657,0,0.0284385436834,0.000808750453871,0.000808750453871,0.34600263834,0.0,0.0,0.0
2014-04-11 21:54:00,0.3332510948,0,0.00154467822886,2.38604911829e-06,2.38604911829e-06,0.334795773029,0.0,0.0,0.0
2014-04-11 21:59:00,0.371389214416,0,0.0360304159125,0.00129819056019,0.00129819056019,0.335358798504,0.0,0.0,0.0
2014-04-11 22:04:00,0.336396718683,0,0.00427461200785,1.82722633326e-05,1.82722633326e-05,0.34067133069,0.0,0.0,0.0
2014-04-11 22:09:00,0.369456608894,0,0.0271715122487,0.000738291651942,0.000738291651942,0.342285096645,0.0,0.0,0.0
2014-04-11 22:14:00,0.352330434425,0,0.0120826841428,0.000145991536556,0.000145991536556,0.340247750282,0.0,0.0,0.0
2014-04-11 22:19:00,0.355332140875,0,0.00936758990262,8.77516504261e-05,8.77516504261e-05,0.345964550972,0.0,0.0,0.0
2014-04-11 22:24:00,0.339398425132,0,0.00606443354481,3.67774919141e-05,3.67774919141e-05,0.345462858677,0.0,0.0,0.0
2014-04-11 22:29:00,0.311663479924,0,0.0333387242562,0.00111147062853,0.00111147062853,0.34500220418,0.0,0.0,0.0
2014-04-11 22:34:00,0.37959250807,0,0.0400165617386,0.0016013252316,0.0016013252316,0.339575946331,0.0,0.0,0.0
2014-04-11 22:39:00,0.303377947737,0,0.0542629147275,0.00294446293265,0.00294446293265,0.357640862465,0.0,0.0,0.0
2014-04-11 22:44:00,0.327782232365,0,0.00830249110762,6.89311709721e-05,6.89311709721e-05,0.336084723473,0.0,0.0,0.0
2014-04-11 22:49:00,0.331811920475,0,0.0164575123078,0.000270849239314,0.000270849239314,0.348269432783,0.0,0.0,0.0
2014-04-11 22:54:00,0.345566315097,0,0.00755725566777,5.71119235246e-05,5.71119235246e-05,0.338009059429,0.0,0.0,0.0
2014-04-11 22:59:00,0.337938691174,0,0.0111947109354,0.000125321443193,0.000125321443193,0.349133402109,0.0,0.0,0.0
2014-04-11 23:04:00,0.339686259997,0,0.00164191461825,2.69593124358e-06,2.69593124358e-06,0.338044345379,0.0,0.0,0.0
2014-04-11 23:09:00,0.327042085569,0,0.0158677869627,0.000251787074376,0.000251787074376,0.342909872532,0.0,0.0,0.0
2014-04-11 23:14:00,0.3157342873,0,0.0221385457132,0.000490114791319,0.000490114791319,0.337872833014,0.0,0.0,0.0
2014-04-11 23:19:00,0.332778223236,0,0.000413767615859,1.71210118083e-07,1.71210118083e-07,0.333191990852,0.0,0.0,0.0
2014-04-11 23:24:00,0.339295626966,0,0.00735888013031,5.41530971532e-05,5.41530971532e-05,0.331936746836,0.0,0.0,0.0
2014-04-11 23:29:00,0.353584572051,0,0.019342168544,0.000374118943,0.000374118943,0.334242403507,0.0,0.0,0.0
2014-04-11 23:34:00,0.334443553527,0,0.0010325156051,1.06605921246e-06,1.06605921246e-06,0.333411037922,0.0,0.0,0.0
2014-04-11 23:39:00,0.337013507679,0,0.00708704669765,5.02263028466e-05,5.02263028466e-05,0.329926460981,0.0,0.0,0.0
2014-04-11 23:44:00,0.331277370012,0,0.00237453027972,5.63839194001e-06,5.63839194001e-06,0.333651900291,0.0,0.0,0.0
2014-04-11 23:49:00,0.33049610395,0,0.00118062037941,1.39386122555e-06,1.39386122555e-06,0.32931548357,0.0,0.0,0.0
2014-04-11 23:54:00,0.367380085939,0,0.0364613864363,0.00132943247445,0.00132943247445,0.330918699503,0.0,0.0,0.0
2014-04-11 23:59:00,0.300273443122,0,0.0359998992492,0.00129599240609,0.00129599240609,0.336273342371,0.0,0.0,0.0
2014-04-12 00:04:00,0.341618865519,0,0.017513960391,0.000306738802465,0.000306738802465,0.324104905128,0.0,0.0,0.0
2014-04-12 00:09:00,0.356915232632,0,0.0258363456465,0.000667516898829,0.000667516898829,0.331078886986,0.0,0.0,0.0
2014-04-12 00:14:00,0.298628672464,0,0.0360345696372,0.00129849126097,0.00129849126097,0.334663242102,0.0,0.0,0.0
2014-04-12 00:19:00,0.344846727934,0,0.0164690638452,0.000271229975624,0.000271229975624,0.328377664089,0.0,0.0,0.0
2014-04-12 00:24:00,0.319023828615,0,0.0150048326362,0.000225145326112,0.000225145326112,0.334028661251,0.0,0.0,0.0
2014-04-12 00:29:00,0.360533728078,0,0.0334646243605,0.00111988012213,0.00111988012213,0.327069103718,0.0,0.0,0.0
2014-04-12 00:34:00,0.345771911429,0,0.00456047325008,2.07978919207e-05,2.07978919207e-05,0.341211438179,0.0,0.0,0.0
2014-04-12 00:39:00,0.328090626863,0,0.00208164367321,4.33319428339e-06,4.33319428339e-06,0.330172270536,0.0,0.0,0.0
2014-04-12 00:44:00,0.340488085693,0,0.00557816976848,3.11158728437e-05,3.11158728437e-05,0.334909915924,0.0,0.0,0.0
2014-04-12 00:49:00,0.321429305701,0,0.0134123033,0.000179889699211,0.000179889699211,0.334841609001,0.0,0.0,0.0
2014-04-12 00:54:00,0.37307510434,0,0.0421970850073,0.00178059341852,0.00178059341852,0.330878019333,0.0,0.0,0.0
2014-04-12 00:59:00,0.321182590103,0,0.0214425510412,0.000459783477709,0.000459783477709,0.342625141144,0.0,0.0,0.0
2014-04-12 01:04:00,0.308312259709,0,0.0256444289332,0.00065763638122,0.00065763638122,0.333956688643,0.0,0.0,0.0
2014-04-12 01:09:00,0.348218507782,0,0.0136255395563,0.000185655138921,0.000185655138921,0.334592968225,0.0,0.0,0.0
2014-04-12 01:14:00,0.323217993791,0,0.015258157437,0.000232811551541,0.000232811551541,0.338476151228,0.0,0.0,0.0
2014-04-12 01:19:00,0.335471535188,0,0.000436430710702,1.9046696309e-07,1.9046696309e-07,0.335907965899,0.0,0.0,0.0
2014-04-12 01:24:00,0.31515861757,0,0.02218033664,0.000491967890412,0.000491967890412,0.33733895421,0.0,0.0,0.0
2014-04-12 01:29:00,0.322745122227,0,0.00909846254891,8.27821568237e-05,8.27821568237e-05,0.331843584776,0.0,0.0,0.0
2014-04-12 01:34:00,0.378626205308,0,0.0445149320198,0.00198157853447,0.00198157853447,0.334111273289,0.0,0.0,0.0
2014-04-12 01:39:00,0.28427804848,0,0.0556109116434,0.00309257488698,0.00309257488698,0.339888960123,0.0,0.0,0.0
2014-04-12 01:44:00,0.330002672752,0,0.00465089805978,2.16307853407e-05,2.16307853407e-05,0.325351774693,0.0,0.0,0.0
2014-04-12 01:49:00,0.32915972779,0,0.00512520363082,2.6267622161e-05,2.6267622161e-05,0.334284931421,0.0,0.0,0.0
2014-04-12 01:54:00,0.362692489566,0,0.0353394889251,0.00124887842685,0.00124887842685,0.327353000641,0.0,0.0,0.0
2014-04-12 01:59:00,0.337013507679,0,0.00106524904064,1.13476653496e-06,1.13476653496e-06,0.335948258638,0.0,0.0,0.0
2014-04-12 02:04:00,0.312012993688,0,0.0169366961769,0.000286851456622,0.000286851456622,0.328949689865,0.0,0.0,0.0
2014-04-12 02:09:00,0.345566315097,0,0.0168537921134,0.000284049892798,0.000284049892798,0.328712522984,0.0,0.0,0.0
2014-04-12 02:14:00,0.328440140628,0,0.00519799099061,2.70192231255e-05,2.70192231255e-05,0.333638131618,0.0,0.0,0.0
2014-04-12 02:19:00,0.347766195851,0,0.0201656273181,0.00040665231063,0.00040665231063,0.327600568533,0.0,0.0,0.0
2014-04-12 02:24:00,0.310018709266,0,0.023653873837,0.000559505308047,0.000559505308047,0.333672583103,0.0,0.0,0.0
2014-04-12 02:29:00,0.375480581426,0,0.0492856394289,0.00242907530628,0.00242907530628,0.326194941998,0.0,0.0,0.0
2014-04-12 02:34:00,0.322292810296,0,0.0174686852939,0.000305155146634,0.000305155146634,0.33976149559,0.0,0.0,0.0
2014-04-12 02:39:00,0.355455498674,0,0.0273806559825,0.000749699713197,0.000749699713197,0.328074842691,0.0,0.0,0.0
2014-04-12 02:44:00,0.346532617858,0,0.00665069108312,4.42316268163e-05,4.42316268163e-05,0.339881926775,0.0,0.0,0.0
2014-04-12 02:49:00,0.329961553486,0,0.00615011128615,3.78236873075e-05,3.78236873075e-05,0.336111664772,0.0,0.0,0.0
2014-04-12 02:54:00,0.347005489422,0,0.00569743211387,3.24606990034e-05,3.24606990034e-05,0.341308057308,0.0,0.0,0.0
2014-04-12 02:59:00,0.357388104196,0,0.018676663633,0.000348817935446,0.000348817935446,0.338711440563,0.0,0.0,0.0
2014-04-12 03:04:00,0.343839305907,0,0.00122653272677,1.50441110236e-06,1.50441110236e-06,0.34261277318,0.0,0.0,0.0
2014-04-12 03:09:00,0.335779929686,0,0.0105542892928,0.000111392910185,0.000111392910185,0.346334218979,0.0,0.0,0.0
2014-04-12 03:14:00,0.327124324102,0,0.0170826945118,0.000291818345431,0.000291818345431,0.344207018614,0.0,0.0,0.0
2014-04-12 03:19:00,0.326486975472,0,0.0169077808448,0.000285873073153,0.000285873073153,0.343394756317,0.0,0.0,0.0
2014-04-12 03:24:00,0.321593782767,0,0.0211212123789,0.000446105259471,0.000446105259471,0.342714995146,0.0,0.0,0.0
2014-04-12 03:29:00,0.343880425173,0,0.00294605918544,8.67920425662e-06,8.67920425662e-06,0.340934365988,0.0,0.0,0.0
2014-04-12 03:34:00,0.310100947799,0,0.0361449370962,0.00130645686295,0.00130645686295,0.346245884895,0.0,0.0,0.0
2014-04-12 03:39:00,0.326199140607,0,0.0111077165017,0.000123381294543,0.000123381294543,0.337306857109,0.0,0.0,0.0
2014-04-12 03:44:00,0.338802195769,0,0.00311601875352,9.70952805801e-06,9.70952805801e-06,0.335686177015,0.0,0.0,0.0
2014-04-12 03:49:00,0.310327103764,0,0.0275587528639,0.000759484362788,0.000759484362788,0.337885856628,0.0,0.0,0.0
2014-04-12 03:54:00,0.364028865725,0,0.0322109109464,0.00103754317388,0.00103754317388,0.331817954779,0.0,0.0,0.0
2014-04-12 03:59:00,0.318057525854,0,0.0197442882255,0.000389836466638,0.000389836466638,0.337801814079,0.0,0.0,0.0
2014-04-12 04:04:00,0.306914204651,0,0.0193392989104,0.000374008261133,0.000374008261133,0.326253503561,0.0,0.0,0.0
2014-04-12 04:09:00,0.345813030696,0,0.0168051070925,0.000282411812805,0.000282411812805,0.329007923603,0.0,0.0,0.0
2014-04-12 04:14:00,0.335553773721,0,0.0096924985246,9.39443634707e-05,9.39443634707e-05,0.325861275196,0.0,0.0,0.0
2014-04-12 04:19:00,0.336684553548,0,0.006932883187,4.80648850498e-05,4.80648850498e-05,0.329751670361,0.0,0.0,0.0
2014-04-12 04:24:00,0.336561195748,0,0.011188738244,0.000125188031234,0.000125188031234,0.325372457504,0.0,0.0,0.0
2014-04-12 04:29:00,0.332778223236,0,0.00727642365306,5.29462267878e-05,5.29462267878e-05,0.325501799583,0.0,0.0,0.0
2014-04-12 04:34:00,0.30518719546,0,0.0213337243394,0.000455127796158,0.000455127796158,0.3265209198,0.0,0.0,0.0
2014-04-12 04:39:00,0.325047801147,0,0.00321299851966,1.0323294191e-05,1.0323294191e-05,0.321834802628,0.0,0.0,0.0
2014-04-12 04:44:00,0.346532617858,0,0.0238519955188,0.000568917486817,0.000568917486817,0.322680622339,0.0,0.0,0.0
2014-04-12 04:49:00,0.309134645038,0,0.0189321808288,0.000358427962055,0.000358427962055,0.328066825867,0.0,0.0,0.0
2014-04-12 04:54:00,0.345093443533,0,0.0254953052006,0.000650009838864,0.000650009838864,0.319598138332,0.0,0.0,0.0
2014-04-12 04:59:00,0.351364131664,0,0.0264634747253,0.000700315693393,0.000700315693393,0.324900656939,0.0,0.0,0.0
2014-04-12 05:04:00,0.283969653981,0,0.0441102253025,0.00194571318571,0.00194571318571,0.328079879284,0.0,0.0,0.0
2014-04-12 05:09:00,0.337691975575,0,0.018131388169,0.00032874676981,0.00032874676981,0.319560587406,0.0,0.0,0.0
2014-04-12 05:14:00,0.323588067189,0,0.00178883086143,3.19989408126e-06,3.19989408126e-06,0.32537689805,0.0,0.0,0.0
2014-04-12 05:19:00,0.319866773577,0,0.00380268981931,1.44604282468e-05,1.44604282468e-05,0.323669463396,0.0,0.0,0.0
2014-04-12 05:24:00,0.316597791895,0,0.00766846300649,5.88053626416e-05,5.88053626416e-05,0.324266254902,0.0,0.0,0.0
2014-04-12 05:29:00,0.369723884126,0,0.0513617971146,0.00263803452253,0.00263803452253,0.318362087011,0.0,0.0,0.0
2014-04-12 05:34:00,0.296572709143,0,0.0355407356623,0.00126314349473,0.00126314349473,0.332113444805,0.0,0.0,0.0
2014-04-12 05:39:00,0.31637163593,0,0.00407378242783,1.6595593479e-05,1.6595593479e-05,0.320445418358,0.0,0.0,0.0
2014-04-12 05:44:00,0.326363617673,0,0.00429751922145,1.84687178262e-05,1.84687178262e-05,0.322066098452,0.0,0.0,0.0
2014-04-12 05:49:00,0.322025535064,0,0.00183779243875,3.37747223966e-06,3.37747223966e-06,0.323863327503,0.0,0.0,0.0
2014-04-12 05:54:00,0.334381874627,0,0.00841670853544,7.08410443622e-05,7.08410443622e-05,0.325965166092,0.0,0.0,0.0
2014-04-12 05:59:00,0.316597791895,0,0.0068971789031,4.75711094623e-05,4.75711094623e-05,0.323494970798,0.0,0.0,0.0
2014-04-12 06:04:00,0.349657682107,0,0.0278037761907,0.000773050123826,0.000773050123826,0.321853905916,0.0,0.0,0.0
2014-04-12 06:09:00,0.326959847036,0,0.00423416632083,1.79281523742e-05,1.79281523742e-05,0.331194013357,0.0,0.0,0.0
2014-04-12 06:14:00,0.337609737042,0,0.0148335684575,0.000220034780796,0.000220034780796,0.322776168585,0.0,0.0,0.0
2014-04-12 06:19:00,0.299122103662,0,0.0323081825074,0.00104381924029,0.00104381924029,0.331430286169,0.0,0.0,0.0
2014-04-12 06:24:00,0.32288903966,0,0.00077591314319,6.02026204888e-07,6.02026204888e-07,0.322113126516,0.0,0.0,0.0
2014-04-12 06:29:00,0.33976849853,0,0.0117030435701,0.000136961243697,0.000136961243697,0.32806545496,0.0,0.0,0.0
2014-04-12 06:34:00,0.32698040667,0,0.000593935819698,3.52753431798e-07,3.52753431798e-07,0.327574342489,0.0,0.0,0.0
2014-04-12 06:39:00,0.361726186805,0,0.0326700430441,0.00106733222492,0.00106733222492,0.329056143761,0.0,0.0,0.0
2014-04-12 06:44:00,0.307572112914,0,0.0251268581196,0.00063135829987,0.00063135829987,0.332698971033,0.0,0.0,0.0
2014-04-12 06:49:00,0.319743415777,0,0.00666032129071,4.43597600679e-05,4.43597600679e-05,0.326403737068,0.0,0.0,0.0
2014-04-12 06:54:00,0.352083718826,0,0.0227133393785,0.000515895488206,0.000515895488206,0.329370379448,0.0,0.0,0.0
2014-04-12 06:59:00,0.322395608462,0,0.0112915777788,0.000127499413793,0.000127499413793,0.333687186241,0.0,0.0,0.0
2014-04-12 07:04:00,0.305947901889,0,0.0250299552235,0.000626498775091,0.000626498775091,0.330977857113,0.0,0.0,0.0
2014-04-12 07:09:00,0.347581159152,0,0.0188600530997,0.000355701195076,0.000355701195076,0.328721106052,0.0,0.0,0.0
2014-04-12 07:14:00,0.332922140669,0,0.00159285457053,2.53715438703e-06,2.53715438703e-06,0.331329286098,0.0,0.0,0.0
2014-04-12 07:19:00,0.337363021444,0,0.00497766024909,2.47772313742e-05,2.47772313742e-05,0.332385361195,0.0,0.0,0.0
2014-04-12 07:24:00,0.304549846831,0,0.0270111821266,0.000729604158551,0.000729604158551,0.331561028957,0.0,0.0,0.0
2014-04-12 07:29:00,0.324821645182,0,0.00358841403179,1.28766732814e-05,1.28766732814e-05,0.328410059214,0.0,0.0,0.0
2014-04-12 07:34:00,0.332778223236,0,0.000372119625505,1.38467186162e-07,1.38467186162e-07,0.332406103611,0.0,0.0,0.0
2014-04-12 07:39:00,0.329406443389,0,0.000511142762295,2.61263721768e-07,2.61263721768e-07,0.328895300627,0.0,0.0,0.0
2014-04-12 07:44:00,0.347498920619,0,0.0174582273362,0.00030478980625,0.00030478980625,0.330040693283,0.0,0.0,0.0
2014-04-12 07:49:00,0.324348773618,0,0.0096563437985,9.32448965614e-05,9.32448965614e-05,0.334005117416,0.0,0.0,0.0
2014-04-12 07:54:00,0.337548058143,0,0.00967372547625,9.35807547648e-05,9.35807547648e-05,0.327874332666,0.0,0.0,0.0
2014-04-12 07:59:00,0.3098542322,0,0.0211181114827,0.000445974350441,0.000445974350441,0.330972343683,0.0,0.0,0.0
2014-04-12 08:04:00,0.322642324061,0,0.00343194833324,1.17782537927e-05,1.17782537927e-05,0.326074272394,0.0,0.0,0.0
2014-04-12 08:09:00,0.347149406855,0,0.0174472977561,0.000304408022203,0.000304408022203,0.329702109098,0.0,0.0,0.0
2014-04-12 08:14:00,0.33516314069,0,0.00298490563555,8.90969477041e-06,8.90969477041e-06,0.332178235054,0.0,0.0,0.0
2014-04-12 08:19:00,0.301486461482,0,0.0295044788509,0.000870514195412,0.000870514195412,0.330990940332,0.0,0.0,0.0
2014-04-12 08:24:00,0.323793663521,0,4.67438890847e-05,2.18369677896e-09,2.18369677896e-09,0.323746919632,0.0,0.0,0.0
2014-04-12 08:29:00,0.332531507638,0,0.00544103565495,2.96049147437e-05,2.96049147437e-05,0.327090471983,0.0,0.0,0.0
2014-04-12 08:34:00,0.33567713152,0,0.00776980768269,6.03696862527e-05,6.03696862527e-05,0.327907323837,0.0,0.0,0.0
2014-04-12 08:39:00,0.315446452435,0,0.013862951461,0.000192181047169,0.000192181047169,0.329309403896,0.0,0.0,0.0
2014-04-12 08:44:00,0.305516149592,0,0.0168065170532,0.000282458873698,0.000282458873698,0.322322666645,0.0,0.0,0.0
2014-04-12 08:49:00,0.326178580974,0,0.00357556388236,1.27846542455e-05,1.27846542455e-05,0.322603017092,0.0,0.0,0.0
2014-04-12 08:54:00,0.340734801291,0,0.0164491152751,0.000270573655143,0.000270573655143,0.324285686016,0.0,0.0,0.0
2014-04-12 08:59:00,0.314911901972,0,0.0101943015844,0.000103923783172,0.000103923783172,0.325106203556,0.0,0.0,0.0
2014-04-12 09:04:00,0.319763975411,0,0.0009788701246,9.58161535891e-07,9.58161535891e-07,0.320742845535,0.0,0.0,0.0
2014-04-12 09:09:00,0.346841012356,0,0.0260036338544,0.00067618873436,0.00067618873436,0.320837378502,0.0,0.0,0.0
2014-04-12 09:14:00,0.304200333066,0,0.020659047656,0.000426796730608,0.000426796730608,0.324859380722,0.0,0.0,0.0
2014-04-12 09:19:00,0.300191204589,0,0.0187390636987,0.00035115290666,0.00035115290666,0.318930268288,0.0,0.0,0.0
2014-04-12 09:24:00,0.351117416065,0,0.0338692206555,0.00114712317009,0.00114712317009,0.31724819541,0.0,0.0,0.0
2014-04-12 09:29:00,0.299471617426,0,0.0246740870815,0.000608810631093,0.000608810631093,0.324145704508,0.0,0.0,0.0
2014-04-12 09:34:00,0.319023828615,0,0.00132397900934,1.75289176241e-06,1.75289176241e-06,0.317699849606,0.0,0.0,0.0
2014-04-12 09:39:00,0.344106581139,0,0.0281532668342,0.000792606617324,0.000792606617324,0.315953314304,0.0,0.0,0.0
2014-04-12 09:44:00,0.299718333025,0,0.0207095615673,0.000428886472946,0.000428886472946,0.320427894592,0.0,0.0,0.0
2014-04-12 09:49:00,0.329632599354,0,0.0114222359664,0.000130467713461,0.000130467713461,0.318210363388,0.0,0.0,0.0
2014-04-12 09:54:00,0.327391599334,0,0.00727603308021,5.29405879206e-05,5.29405879206e-05,0.320115566254,0.0,0.0,0.0
2014-04-12 09:59:00,0.31700898456,0,0.00051157427436,2.61720913386e-07,2.61720913386e-07,0.317520558834,0.0,0.0,0.0
2014-04-12 10:04:00,0.321922736898,0,0.000764715209912,5.84808276471e-07,5.84808276471e-07,0.321158021688,0.0,0.0,0.0
2014-04-12 10:09:00,0.375480581426,0,0.0590960871218,0.00349234882742,0.00349234882742,0.316384494305,0.0,0.0,0.0
2014-04-12 10:14:00,0.280536195234,0,0.0491605792485,0.00241676159203,0.00241676159203,0.329696774483,0.0,0.0,0.0
2014-04-12 10:19:00,0.320236846975,0,0.00454799847917,2.06844233617e-05,2.06844233617e-05,0.315688848495,0.0,0.0,0.0
2014-04-12 10:24:00,0.331092333313,0,0.0104838962515,0.000109911969048,0.000109911969048,0.320608437061,0.0,0.0,0.0
2014-04-12 10:29:00,0.322148892864,0,0.000595834270953,3.55022734766e-07,3.55022734766e-07,0.322744727135,0.0,0.0,0.0
2014-04-12 10:34:00,0.340261929727,0,0.0135746533638,0.00018427138275,0.00018427138275,0.326687276363,0.0,0.0,0.0
2014-04-12 10:39:00,0.32288903966,0,0.00025882349011,6.69946089715e-08,6.69946089715e-08,0.32314786315,0.0,0.0,0.0
2014-04-12 10:44:00,0.344723370135,0,0.0201176071766,0.000404718273785,0.000404718273785,0.324605762959,0.0,0.0,0.0
2014-04-12 10:49:00,0.303501305537,0,0.0293178880649,0.000859538442455,0.000859538442455,0.332819193602,0.0,0.0,0.0
2014-04-12 10:54:00,0.336643434281,0,0.0160516269157,0.000257654523011,0.000257654523011,0.320591807365,0.0,0.0,0.0
2014-04-12 10:59:00,0.319270544213,0,0.0122954319294,0.000151177475345,0.000151177475345,0.331565976143,0.0,0.0,0.0
2014-04-12 11:04:00,0.358354406957,0,0.0319217318342,0.00101899774745,0.00101899774745,0.326432675123,0.0,0.0,0.0
2014-04-12 11:09:00,0.3098542322,0,0.025520897976,0.00065131590236,0.00065131590236,0.335375130177,0.0,0.0,0.0
2014-04-12 11:14:00,0.343633709575,0,0.0175153595456,0.000306787871523,0.000306787871523,0.326118350029,0.0,0.0,0.0
2014-04-12 11:19:00,0.30115750735,0,0.0343091159562,0.00117711559869,0.00117711559869,0.335466623306,0.0,0.0,0.0
2014-04-12 11:24:00,0.319620057978,0,0.00712452825116,5.07586919412e-05,5.07586919412e-05,0.326744586229,0.0,0.0,0.0
2014-04-12 11:29:00,0.318283681819,0,0.0140582275895,0.000197633897187,0.000197633897187,0.332341909409,0.0,0.0,0.0
2014-04-12 11:34:00,0.319270544213,0,0.00730038388328,5.32955018571e-05,5.32955018571e-05,0.326570928097,0.0,0.0,0.0
2014-04-12 11:39:00,0.330845617714,0,0.00242497867609,5.88055308981e-06,5.88055308981e-06,0.328420639038,0.0,0.0,0.0
2014-04-12 11:44:00,0.302452764243,0,0.0255930211844,0.000655002309941,0.000655002309941,0.328045785427,0.0,0.0,0.0
2014-04-12 11:49:00,0.355188223442,0,0.0328057137337,0.00107621471398,0.00107621471398,0.322382509708,0.0,0.0,0.0
2014-04-12 11:54:00,0.288760048521,0,0.0425347264884,0.00180920399725,0.00180920399725,0.331294775009,0.0,0.0,0.0
2014-04-12 11:59:00,0.312670901951,0,0.0041613424451,1.73166517925e-05,1.73166517925e-05,0.316832244396,0.0,0.0,0.0
2014-04-12 12:04:00,0.317255700158,0,0.00492564387398,2.42619134951e-05,2.42619134951e-05,0.322181344032,0.0,0.0,0.0
2014-04-12 12:09:00,0.331565204877,0,0.013891402501,0.000192970968783,0.000192970968783,0.317673802376,0.0,0.0,0.0
2014-04-12 12:14:00,0.3450728839,0,0.0235972290593,0.000556829734705,0.000556829734705,0.32147565484,0.0,0.0,0.0
2014-04-12 12:19:00,0.279199819075,0,0.0404215948709,0.00163390615489,0.00163390615489,0.319621413946,0.0,0.0,0.0
2014-04-12 12:24:00,0.315652048767,0,0.00309190768087,9.55985524342e-06,9.55985524342e-06,0.312560141087,0.0,0.0,0.0
2014-04-12 12:29:00,0.326260819507,0,0.0110376024965,0.00012182835053,0.00012182835053,0.31522321701,0.0,0.0,0.0
2014-04-12 12:34:00,0.357573140895,0,0.0437185061334,0.00191130873282,0.00191130873282,0.313854634762,0.0,0.0,0.0
2014-04-12 12:39:00,0.289335718251,0,0.0313531254763,0.000983017846011,0.000983017846011,0.320688843727,0.0,0.0,0.0
2014-04-12 12:44:00,0.34034416826,0,0.0291109159731,0.000847444985993,0.000847444985993,0.311233252287,0.0,0.0,0.0
2014-04-12 12:49:00,0.300191204589,0,0.0169637691564,0.000287769827992,0.000287769827992,0.317154973745,0.0,0.0,0.0
2014-04-12 12:54:00,0.347745636218,0,0.0354268939426,0.00125506415498,0.00125506415498,0.312318742275,0.0,0.0,0.0
2014-04-12 12:59:00,0.30115750735,0,0.0184941857556,0.000342035025824,0.000342035025824,0.319651693106,0.0,0.0,0.0
2014-04-12 13:04:00,0.317564094657,0,0.00491800367221,2.41868128796e-05,2.41868128796e-05,0.312646090984,0.0,0.0,0.0
2014-04-12 13:09:00,0.344785049035,0,0.0273804510371,0.000749688304495,0.000749688304495,0.317404597998,0.0,0.0,0.0
2014-04-12 13:14:00,0.349513764674,0,0.029381211097,0.000863255816512,0.000863255816512,0.320132553577,0.0,0.0,0.0
2014-04-12 13:19:00,0.311108369827,0,0.0114199924475,0.000130415981403,0.000130415981403,0.322528362274,0.0,0.0,0.0
2014-04-12 13:24:00,0.297950204568,0,0.0244204140134,0.000596356461756,0.000596356461756,0.322370618582,0.0,0.0,0.0
2014-04-12 13:29:00,0.323115195625,0,0.00475489675292,2.26090833166e-05,2.26090833166e-05,0.318360298872,0.0,0.0,0.0
2014-04-12 13:34:00,0.306708608318,0,0.0171195822467,0.000293080229312,0.000293080229312,0.323828190565,0.0,0.0,0.0
2014-04-12 13:39:00,0.326733691071,0,0.0089073902115,7.93413782958e-05,7.93413782958e-05,0.317826300859,0.0,0.0,0.0
2014-04-12 13:44:00,0.320648039639,0,0.00172478431466,2.97486462841e-06,2.97486462841e-06,0.322372823954,0.0,0.0,0.0
2014-04-12 13:49:00,0.333497810399,0,0.0112131715174,0.000125735488837,0.000125735488837,0.322284638882,0.0,0.0,0.0
2014-04-12 13:54:00,0.309134645038,0,0.0183585457274,0.000337036675774,0.000337036675774,0.327493190765,0.0,0.0,0.0
2014-04-12 13:59:00,0.307983305578,0,0.00998595702212,9.97192692012e-05,9.97192692012e-05,0.3179692626,0.0,0.0,0.0
2014-04-12 14:04:00,0.314212874442,0,0.00880505058171,7.75286680437e-05,7.75286680437e-05,0.323017925024,0.0,0.0,0.0
2014-04-12 14:09:00,0.367750159337,0,0.0473254535934,0.00223969947547,0.00223969947547,0.320424705744,0.0,0.0,0.0
2014-04-12 14:14:00,0.273895433705,0,0.0574261931962,0.00329776667058,0.00329776667058,0.331321626902,0.0,0.0,0.0
2014-04-12 14:19:00,0.335348177389,0,0.0236369852575,0.000558707630262,0.000558707630262,0.311711192131,0.0,0.0,0.0
2014-04-12 14:24:00,0.291062727441,0,0.0338649005994,0.00114683248103,0.00114683248103,0.32492762804,0.0,0.0,0.0
2014-04-12 14:29:00,0.310573819363,0,0.00256061247593,6.55675194139e-06,6.55675194139e-06,0.313134431839,0.0,0.0,0.0
2014-04-12 14:34:00,0.342420691215,0,0.0192996799577,0.000372477865312,0.000372477865312,0.323121011257,0.0,0.0,0.0
2014-04-12 14:39:00,0.327699993832,0,0.0110760676694,0.000122679164633,0.000122679164633,0.316623926163,0.0,0.0,0.0
2014-04-12 14:44:00,0.30473488353,0,0.0164032004051,0.000269064912573,0.000269064912573,0.321138083935,0.0,0.0,0.0
2014-04-12 14:49:00,0.360122535414,0,0.0429676510756,0.00184621871449,0.00184621871449,0.317154884338,0.0,0.0,0.0
2014-04-12 14:54:00,0.286683525566,0,0.0363075177633,0.00131823553238,0.00131823553238,0.322991043329,0.0,0.0,0.0
2014-04-12 14:59:00,0.316680030428,0,0.00124757131228,1.55646785061e-06,1.55646785061e-06,0.315432459116,0.0,0.0,0.0
2014-04-12 15:04:00,0.332058636074,0,0.0150605417536,0.000226819989621,0.000226819989621,0.31699809432,0.0,0.0,0.0
2014-04-12 15:09:00,0.343160838011,0,0.0259356499938,0.000672657915857,0.000672657915857,0.317225188017,0.0,0.0,0.0
2014-04-12 15:14:00,0.331565204877,0,0.00802040459522,6.43268285785e-05,6.43268285785e-05,0.323544800282,0.0,0.0,0.0
2014-04-12 15:19:00,0.304303131232,0,0.016773232093,0.000281341024674,0.000281341024674,0.321076363325,0.0,0.0,0.0
2014-04-12 15:24:00,0.335574333354,0,0.0190432116231,0.000362643739209,0.000362643739209,0.316531121731,0.0,0.0,0.0
2014-04-12 15:29:00,0.293118690763,0,0.0376520998144,0.00141768099274,0.00141768099274,0.330770790577,0.0,0.0,0.0
2014-04-12 15:34:00,0.322313369929,0,0.00772479337423,5.96724094066e-05,5.96724094066e-05,0.314588576555,0.0,0.0,0.0
2014-04-12 15:39:00,0.346306461893,0,0.0223521478993,0.0004996189964,0.0004996189964,0.323954313993,0.0,0.0,0.0
2014-04-12 15:44:00,0.298998745862,0,0.0232346330248,0.000539848289918,0.000539848289918,0.322233378887,0.0,0.0,0.0
2014-04-12 15:49:00,0.353358416086,0,0.0314745588356,0.000990647939034,0.000990647939034,0.32188385725,0.0,0.0,0.0
2014-04-12 15:54:00,0.295606406382,0,0.028802005598,0.000829555618111,0.000829555618111,0.32440841198,0.0,0.0,0.0
2014-04-12 15:59:00,0.309360801003,0,0.0113669347545,0.000129207182908,0.000129207182908,0.320727735758,0.0,0.0,0.0
2014-04-12 16:04:00,0.31637163593,0,0.0052027242022,2.70681975962e-05,2.70681975962e-05,0.321574360132,0.0,0.0,0.0
2014-04-12 16:09:00,0.325006681881,0,0.00337602516159,1.13976248031e-05,1.13976248031e-05,0.321630656719,0.0,0.0,0.0
2014-04-12 16:14:00,0.313226012048,0,0.00792461866456,6.27995468676e-05,6.27995468676e-05,0.321150630713,0.0,0.0,0.0
2014-04-12 16:19:00,0.31515861757,0,0.00605128996148,3.66182539437e-05,3.66182539437e-05,0.321209907532,0.0,0.0,0.0
2014-04-12 16:24:00,0.342153415983,0,0.0259633520297,0.000674096401781,0.000674096401781,0.316190063953,0.0,0.0,0.0
2014-04-12 16:29:00,0.32576738831,0,0.000220367942496,4.85578119935e-08,4.85578119935e-08,0.325987756252,0.0,0.0,0.0
2014-04-12 16:34:00,0.297970764202,0,0.0213044361654,0.000453878688859,0.000453878688859,0.319275200367,0.0,0.0,0.0
2014-04-12 16:39:00,0.308641213841,0,0.00860826306889,7.41019975976e-05,7.41019975976e-05,0.31724947691,0.0,0.0,0.0
2014-04-12 16:44:00,0.311786837723,0,0.00431823000713,1.86471734196e-05,1.86471734196e-05,0.31610506773,0.0,0.0,0.0
2014-04-12 16:49:00,0.312506424885,0,0.0066712026781,4.45047808171e-05,4.45047808171e-05,0.319177627563,0.0,0.0,0.0
2014-04-12 16:54:00,0.333271654434,0,0.0188361128039,0.000354799063643,0.000354799063643,0.31443554163,0.0,0.0,0.0
2014-04-12 16:59:00,0.315405333169,0,0.00304800855363,9.29032103159e-06,9.29032103159e-06,0.318453341722,0.0,0.0,0.0
2014-04-12 17:04:00,0.35786097576,0,0.0428880982578,0.00183938955888,0.00183938955888,0.314972877502,0.0,0.0,0.0
2014-04-12 17:09:00,0.320236846975,0,0.0029283313243,8.57503800944e-06,8.57503800944e-06,0.323165178299,0.0,0.0,0.0
2014-04-12 17:14:00,0.286436809967,0,0.0301477473275,0.000908887479454,0.000908887479454,0.316584557295,0.0,0.0,0.0
2014-04-12 17:19:00,0.312506424885,0,0.00391505410136,1.53275504999e-05,1.53275504999e-05,0.316421478987,0.0,0.0,0.0
2014-04-12 17:24:00,0.314685746006,0,0.00161229176112,2.59952958004e-06,2.59952958004e-06,0.316298037767,0.0,0.0,0.0
2014-04-12 17:29:00,0.312259709287,0,0.00462158973207,2.13591411011e-05,2.13591411011e-05,0.316881299019,0.0,0.0,0.0
2014-04-12 17:34:00,0.33746581961,0,0.0229942171699,0.000528734177351,0.000528734177351,0.31447160244,0.0,0.0,0.0
2014-04-12 17:39:00,0.3098542322,0,0.00694940196622,4.82940886286e-05,4.82940886286e-05,0.316803634167,0.0,0.0,0.0
2014-04-12 17:44:00,0.302720039474,0,0.0125301784401,0.000157005357323,0.000157005357323,0.315250217915,0.0,0.0,0.0
2014-04-12 17:49:00,0.335923847119,0,0.0196813608801,0.000387356092688,0.000387356092688,0.316242486238,0.0,0.0,0.0
2014-04-12 17:54:00,0.311211167993,0,0.00615179616053,3.78445874958e-05,3.78445874958e-05,0.317362964153,0.0,0.0,0.0
2014-04-12 17:59:00,0.312259709287,0,0.00539376790514,2.909279101e-05,2.909279101e-05,0.317653477192,0.0,0.0,0.0
2014-04-12 18:04:00,0.3450728839,0,0.0291552429753,0.000850028882269,0.000850028882269,0.315917640924,0.0,0.0,0.0
2014-04-12 18:09:00,0.321922736898,0,0.00398169709773,1.58540096891e-05,1.58540096891e-05,0.317941039801,0.0,0.0,0.0
2014-04-12 18:14:00,0.319496700179,0,0.00143010319401,2.04516959457e-06,2.04516959457e-06,0.318066596985,0.0,0.0,0.0
2014-04-12 18:19:00,0.317708012089,0,0.000820991024306,6.74031753078e-07,6.74031753078e-07,0.316887021065,0.0,0.0,0.0
2014-04-12 18:24:00,0.327473837867,0,0.00830953194136,6.90485103405e-05,6.90485103405e-05,0.319164305925,0.0,0.0,0.0
2014-04-12 18:29:00,0.30767491108,0,0.0167665814779,0.000281118147541,0.000281118147541,0.324441492558,0.0,0.0,0.0
2014-04-12 18:34:00,0.363412076729,0,0.0445553605725,0.00198518065736,0.00198518065736,0.318856716156,0.0,0.0,0.0
2014-04-12 18:39:00,0.370669627254,0,0.0422198415445,0.00178251555189,0.00178251555189,0.328449785709,0.0,0.0,0.0
2014-04-12 18:44:00,0.318057525854,0,0.0170244686798,0.000289832154522,0.000289832154522,0.335081994534,0.0,0.0,0.0
2014-04-12 18:49:00,0.347498920619,0,0.019403663337,0.000376502255676,0.000376502255676,0.328095257282,0.0,0.0,0.0
2014-04-12 18:54:00,0.312259709287,0,0.0217268710851,0.000472057174193,0.000472057174193,0.333986580372,0.0,0.0,0.0
2014-04-12 18:59:00,0.337363021444,0,0.00614039785704,3.7704645365e-05,3.7704645365e-05,0.331222623587,0.0,0.0,0.0
2014-04-12 19:04:00,0.324574929583,0,0.01527540673,0.000233338418184,0.000233338418184,0.339850336313,0.0,0.0,0.0
2014-04-12 19:09:00,0.356380682169,0,0.0215917040688,0.00046620122157,0.00046620122157,0.3347889781,0.0,0.0,0.0
2014-04-12 19:14:00,0.342420691215,0,0.00371617678516,1.38099248943e-05,1.38099248943e-05,0.346136868,0.0,0.0,0.0
2014-04-12 19:19:00,0.29649047061,0,0.045939077892,0.00211039977148,0.00211039977148,0.342429548502,0.0,0.0,0.0
2014-04-12 19:24:00,0.316494993729,0,0.0211543516686,0.000447506259661,0.000447506259661,0.337649345398,0.0,0.0,0.0
2014-04-12 19:29:00,0.319455580912,0,0.0208136866466,0.000433209002949,0.000433209002949,0.340269267559,0.0,0.0,0.0
2014-04-12 19:34:00,0.324821645182,0,0.0129308162516,0.000167205856997,0.000167205856997,0.337752461433,0.0,0.0,0.0
2014-04-12 19:39:00,0.339521782931,0,0.0026966505614,7.27199221728e-06,7.27199221728e-06,0.33682513237,0.0,0.0,0.0
2014-04-12 19:44:00,0.354735911511,0,0.0195570892324,0.000382479716791,0.000382479716791,0.335178822279,0.0,0.0,0.0
2014-04-12 19:49:00,0.285244351241,0,0.0534793082746,0.00286003691144,0.00286003691144,0.338723659515,0.0,0.0,0.0
2014-04-12 19:54:00,0.342914122412,0,0.0161394656394,0.000260482745944,0.000260482745944,0.326774656773,0.0,0.0,0.0
2014-04-12 19:59:00,0.32282736076,0,0.0101780079497,0.000103591679363,0.000103591679363,0.33300536871,0.0,0.0,0.0
2014-04-12 20:04:00,0.327083204836,0,0.00131651297214,1.7332185962e-06,1.7332185962e-06,0.328399717808,0.0,0.0,0.0
2014-04-12 20:09:00,0.37301342544,0,0.0430462246844,0.00185297848657,0.00185297848657,0.329967200756,0.0,0.0,0.0
2014-04-12 20:14:00,0.356874113366,0,0.0258366814105,0.000667533837259,0.000667533837259,0.331037431955,0.0,0.0,0.0
2014-04-12 20:19:00,0.290302021012,0,0.0441648535875,0.00195053545758,0.00195053545758,0.334466874599,0.0,0.0,0.0
2014-04-12 20:24:00,0.323361911224,0,0.00192620570841,3.71029841517e-06,3.71029841517e-06,0.325288116932,0.0,0.0,0.0
2014-04-12 20:29:00,0.349184810543,0,0.0241109127044,0.00058133614948,0.00058133614948,0.325073897839,0.0,0.0,0.0
2014-04-12 20:34:00,0.296572709143,0,0.036112463415,0.00130410958081,0.00130410958081,0.332685172558,0.0,0.0,0.0
2014-04-12 20:39:00,0.32813174613,0,0.00420404561009,1.76739085873e-05,1.76739085873e-05,0.32392770052,0.0,0.0,0.0
2014-04-12 20:44:00,0.34846522338,0,0.0252534938539,0.000637739489321,0.000637739489321,0.323211729527,0.0,0.0,0.0
2014-04-12 20:49:00,0.320709718539,0,0.00938634745946,8.81037631189e-05,8.81037631189e-05,0.330096065998,0.0,0.0,0.0
2014-04-12 20:54:00,0.328666296593,0,0.000723955027183,5.24115193912e-07,5.24115193912e-07,0.327942341566,0.0,0.0,0.0
2014-04-12 20:59:00,0.320709718539,0,0.00313319437375,9.8169894045e-06,9.8169894045e-06,0.323842912912,0.0,0.0,0.0
2014-04-12 21:04:00,0.319743415777,0,0.0061524599149,3.78526528948e-05,3.78526528948e-05,0.325895875692,0.0,0.0,0.0
2014-04-12 21:09:00,0.376734719053,0,0.0523512516168,0.00274065509439,0.00274065509439,0.324383467436,0.0,0.0,0.0
2014-04-12 21:14:00,0.313226012048,0,0.0162920677097,0.000265431386651,0.000265431386651,0.329518079758,0.0,0.0,0.0
2014-04-12 21:19:00,0.300191204589,0,0.0237494301386,0.000564035959542,0.000564035959542,0.323940634727,0.0,0.0,0.0
2014-04-12 21:24:00,0.337856452641,0,0.0128515769809,0.000165162753547,0.000165162753547,0.32500487566,0.0,0.0,0.0
2014-04-12 21:29:00,0.307777709246,0,0.0160214836598,0.000256688159425,0.000256688159425,0.323799192905,0.0,0.0,0.0
2014-04-12 21:34:00,0.323608626822,0,0.00177369525089,3.14595922646e-06,3.14595922646e-06,0.325382322073,0.0,0.0,0.0
2014-04-12 21:39:00,0.330126030552,0,0.00715561042947,5.12025726493e-05,5.12025726493e-05,0.322970420122,0.0,0.0,0.0
2014-04-12 21:44:00,0.345813030696,0,0.0222433454748,0.000494766631164,0.000494766631164,0.323569685221,0.0,0.0,0.0
2014-04-12 21:49:00,0.299245461461,0,0.0311393294364,0.00096965872217,0.00096965872217,0.330384790897,0.0,0.0,0.0
2014-04-12 21:54:00,0.330907296614,0,0.0101088697473,0.000102189020254,0.000102189020254,0.320798426867,0.0,0.0,0.0
2014-04-12 21:59:00,0.322601204795,0,0.00141032965793,1.98904558601e-06,1.98904558601e-06,0.324011534452,0.0,0.0,0.0
2014-04-12 22:04:00,0.326240259874,0,0.0020087842821,4.03526018999e-06,4.03526018999e-06,0.324231475592,0.0,0.0,0.0
2014-04-12 22:09:00,0.32698040667,0,0.00301804604905,9.1086340035e-06,9.1086340035e-06,0.32396236062,0.0,0.0,0.0
2014-04-12 22:14:00,0.324389892884,0,0.00227363712412,5.16947966389e-06,5.16947966389e-06,0.32211625576,0.0,0.0,0.0
2014-04-12 22:19:00,0.343078599478,0,0.0195053081761,0.000380457582651,0.000380457582651,0.323573291302,0.0,0.0,0.0
2014-04-12 22:24:00,0.301918213779,0,0.0256199784931,0.000656383577734,0.000656383577734,0.327538192272,0.0,0.0,0.0
2014-04-12 22:29:00,0.324328213985,0,0.00162914400786,2.65410994871e-06,2.65410994871e-06,0.322699069977,0.0,0.0,0.0
2014-04-12 22:34:00,0.32288903966,0,0.00249659047124,6.23301230007e-06,6.23301230007e-06,0.325385630131,0.0,0.0,0.0
2014-04-12 22:39:00,0.314315672608,0,0.00648588350198,4.20666328864e-05,4.20666328864e-05,0.32080155611,0.0,0.0,0.0
2014-04-12 22:44:00,0.3274327186,0,0.00452556880858,2.04808020499e-05,2.04808020499e-05,0.322907149792,0.0,0.0,0.0
2014-04-12 22:49:00,0.362219618002,0,0.0397740763818,0.00158197828569,0.00158197828569,0.32244554162,0.0,0.0,0.0
2014-04-12 22:54:00,0.323320791957,0,0.00469203210146,2.20150341192e-05,2.20150341192e-05,0.328012824059,0.0,0.0,0.0
2014-04-12 22:59:00,0.302617241308,0,0.0216338144091,0.000468021462439,0.000468021462439,0.324251055717,0.0,0.0,0.0
2014-04-12 23:04:00,0.33164744341,0,0.00990160071437,9.80419426924e-05,9.80419426924e-05,0.321745842695,0.0,0.0,0.0
2014-04-12 23:09:00,0.337609737042,0,0.0117796350754,0.000138759831316,0.000138759831316,0.325830101967,0.0,0.0,0.0
2014-04-12 23:14:00,0.322395608462,0,0.0059301995859,3.51670969394e-05,3.51670969394e-05,0.328325808048,0.0,0.0,0.0
2014-04-12 23:19:00,0.327473837867,0,0.0025991685533,6.75573528497e-06,6.75573528497e-06,0.324874669313,0.0,0.0,0.0
2014-04-12 23:24:00,0.372108801579,0,0.0446314656491,0.00199196650647,0.00199196650647,0.32747733593,0.0,0.0,0.0
2014-04-12 23:29:00,0.317337938691,0,0.0179246281137,0.000321292609442,0.000321292609442,0.335262566805,0.0,0.0,0.0
2014-04-12 23:34:00,0.368243590534,0,0.0402450119859,0.00161966215819,0.00161966215819,0.327998578548,0.0,0.0,0.0
2014-04-12 23:39:00,0.298752030264,0,0.0397800599233,0.00158245244529,0.00158245244529,0.338532090187,0.0,0.0,0.0
2014-04-12 23:44:00,0.330598902116,0,4.14138939352e-05,1.7160495247e-09,1.7160495247e-09,0.33064031601,0.0,0.0,0.0
2014-04-12 23:49:00,0.323937580954,0,0.0127539178029,0.000162662065122,0.000162662065122,0.336691498756,0.0,0.0,0.0
2014-04-12 23:54:00,0.341269351755,0,0.00975895694313,9.52370901359e-05,9.52370901359e-05,0.331510394812,0.0,0.0,0.0
2014-04-12 23:59:00,0.343880425173,0,0.00458569355624,2.10284924833e-05,2.10284924833e-05,0.339294731617,0.0,0.0,0.0
2014-04-13 00:04:00,0.317337938691,0,0.0202652429094,0.000410680426285,0.000410680426285,0.337603181601,0.0,0.0,0.0
2014-04-13 00:09:00,0.349184810543,0,0.0150213831901,0.000225641968427,0.000225641968427,0.334163427353,0.0,0.0,0.0
2014-04-13 00:14:00,0.319496700179,0,0.0222659915574,0.000495774787851,0.000495774787851,0.341762691736,0.0,0.0,0.0
2014-04-13 00:19:00,0.340755360924,0,0.00584487875616,3.41627528542e-05,3.41627528542e-05,0.334910482168,0.0,0.0,0.0
2014-04-13 00:24:00,0.362692489566,0,0.0221330665962,0.000489872007165,0.000489872007165,0.34055942297,0.0,0.0,0.0
2014-04-13 00:29:00,0.31637163593,0,0.0255686478453,0.000653755036183,0.000653755036183,0.341940283775,0.0,0.0,0.0
2014-04-13 00:34:00,0.300602397253,0,0.0365917474726,0.00133895536419,0.00133895536419,0.337194144726,0.0,0.0,0.0
2014-04-13 00:39:00,0.332120314974,0,0.00200797690748,4.03202830057e-06,4.03202830057e-06,0.330112338066,0.0,0.0,0.0
2014-04-13 00:44:00,0.313082094615,0,0.021561716372,0.000464907439891,0.000464907439891,0.334643810987,0.0,0.0,0.0
2014-04-13 00:49:00,0.324328213985,0,0.00814017648012,6.62624734105e-05,6.62624734105e-05,0.332468390465,0.0,0.0,0.0
2014-04-13 00:54:00,0.363905507926,0,0.0323042756355,0.00104356696829,0.00104356696829,0.33160123229,0.0,0.0,0.0
2014-04-13 00:59:00,0.298752030264,0,0.0339228902951,0.00115076184738,0.00115076184738,0.332674920559,0.0,0.0,0.0
2014-04-13 01:04:00,0.325294516746,0,0.00346116000055,1.19795749924e-05,1.19795749924e-05,0.328755676746,0.0,0.0,0.0
2014-04-13 01:09:00,0.347252205021,0,0.0206443518465,0.000426189886639,0.000426189886639,0.326607853174,0.0,0.0,0.0
2014-04-13 01:14:00,0.369744443759,0,0.0415910719482,0.00172981782816,0.00172981782816,0.328153371811,0.0,0.0,0.0
2014-04-13 01:19:00,0.315508131335,0,0.0177181917928,0.000313934462611,0.000313934462611,0.333226323128,0.0,0.0,0.0
2014-04-13 01:24:00,0.348547461913,0,0.0246272119743,0.000606499437708,0.000606499437708,0.323920249939,0.0,0.0,0.0
2014-04-13 01:29:00,0.296099837579,0,0.0324203114136,0.00105107633863,0.00105107633863,0.328520148993,0.0,0.0,0.0
2014-04-13 01:34:00,0.333991241596,0,0.00798625960162,6.37801495031e-05,6.37801495031e-05,0.326004981995,0.0,0.0,0.0
2014-04-13 01:39:00,0.327144883735,0,0.00116876496544,1.36599453526e-06,1.36599453526e-06,0.328313648701,0.0,0.0,0.0
2014-04-13 01:44:00,0.319023828615,0,0.0088445137847,7.82256174716e-05,7.82256174716e-05,0.3278683424,0.0,0.0,0.0
2014-04-13 01:49:00,0.331565204877,0,0.0034002101601,1.156140479e-05,1.156140479e-05,0.328164994717,0.0,0.0,0.0
2014-04-13 01:54:00,0.32858405806,0,0.0028685162208,8.22831134428e-06,8.22831134428e-06,0.32571554184,0.0,0.0,0.0
2014-04-13 01:59:00,0.37256111351,0,0.0474805399509,0.00225440296344,0.00225440296344,0.325080573559,0.0,0.0,0.0
2014-04-13 02:04:00,0.294167232057,0,0.0418829803267,0.00175418495201,0.00175418495201,0.336050212383,0.0,0.0,0.0
2014-04-13 02:09:00,0.352330434425,0,0.0305183709695,0.000931371701881,0.000931371701881,0.321812063456,0.0,0.0,0.0
2014-04-13 02:14:00,0.321141470836,0,0.0121526227727,0.000147685990669,0.000147685990669,0.333294093609,0.0,0.0,0.0
2014-04-13 02:19:00,0.324780525915,0,0.000409307234082,1.67530657791e-07,1.67530657791e-07,0.324371218681,0.0,0.0,0.0
2014-04-13 02:24:00,0.319393902013,0,0.0111394534617,0.000124087397126,0.000124087397126,0.330533355474,0.0,0.0,0.0
2014-04-13 02:29:00,0.319270544213,0,0.00584749086456,3.41930681316e-05,3.41930681316e-05,0.325118035078,0.0,0.0,0.0
2014-04-13 02:34:00,0.32915972779,0,0.00103403022041,1.06920015241e-06,1.06920015241e-06,0.330193758011,0.0,0.0,0.0
2014-04-13 02:39:00,0.328213984663,0,0.00010788947918,1.16390452831e-08,1.16390452831e-08,0.328321874142,0.0,0.0,0.0
2014-04-13 02:44:00,0.302843397274,0,0.0241729861357,0.000584333494771,0.000584333494771,0.32701638341,0.0,0.0,0.0
2014-04-13 02:49:00,0.321881617632,0,0.00220966783521,4.88261230203e-06,4.88261230203e-06,0.324091285467,0.0,0.0,0.0
2014-04-13 02:54:00,0.361047718909,0,0.0344749430679,0.00118852138985,0.00118852138985,0.326572775841,0.0,0.0,0.0
2014-04-13 02:59:00,0.29303645223,0,0.0348000910919,0.00121104577556,0.00121104577556,0.327836543322,0.0,0.0,0.0
2014-04-13 03:04:00,0.320812516705,0,0.000613891378545,3.76870815444e-07,3.76870815444e-07,0.320198625326,0.0,0.0,0.0
2014-04-13 03:09:00,0.396492526573,0,0.0748824036542,0.00560737634078,0.00560737634078,0.321610122919,0.0,0.0,0.0
2014-04-13 03:14:00,0.325931865376,0,0.00634525378418,4.02621008107e-05,4.02621008107e-05,0.33227711916,0.0,0.0,0.0
2014-04-13 03:19:00,0.318777113016,0,0.00934162849599,8.72660020832e-05,8.72660020832e-05,0.328118741512,0.0,0.0,0.0
2014-04-13 03:24:00,0.331688562676,0,0.00539795522365,2.91378164547e-05,2.91378164547e-05,0.326290607452,0.0,0.0,0.0
2014-04-13 03:29:00,0.336150003084,0,0.0073626762712,5.42088164366e-05,5.42088164366e-05,0.328787326813,0.0,0.0,0.0
2014-04-13 03:34:00,0.351117416065,0,0.0159654456788,0.000254895014223,0.000254895014223,0.335151970387,0.0,0.0,0.0
2014-04-13 03:39:00,0.35146692983,0,0.017948186315,0.000322137173498,0.000322137173498,0.333518743515,0.0,0.0,0.0
2014-04-13 03:44:00,0.282551039289,0,0.052173655201,0.00272208917886,0.00272208917886,0.33472469449,0.0,0.0,0.0
2014-04-13 03:49:00,0.318633195584,0,0.0126000078273,0.000158760114573,0.000158760114573,0.331233203411,0.0,0.0,0.0
2014-04-13 03:54:00,0.337589177409,0,0.00840208224382,7.05949350959e-05,7.05949350959e-05,0.329187095165,0.0,0.0,0.0
2014-04-13 03:59:00,0.331092333313,0,0.00444366980002,1.9746250473e-05,1.9746250473e-05,0.335536003113,0.0,0.0,0.0
2014-04-13 04:04:00,0.359567425317,0,0.0250454164213,0.000627273286227,0.000627273286227,0.334522008896,0.0,0.0,0.0
2014-04-13 04:09:00,0.330352186517,0,0.00675627653194,4.56472625956e-05,4.56472625956e-05,0.337108463049,0.0,0.0,0.0
2014-04-13 04:14:00,0.34737556282,0,0.0129614979358,0.000168000653503,0.000168000653503,0.334414064884,0.0,0.0,0.0
2014-04-13 04:19:00,0.309134645038,0,0.030796544976,0.000948427943513,0.000948427943513,0.339931190014,0.0,0.0,0.0
2014-04-13 04:24:00,0.347005489422,0,0.0183910160792,0.000338229350746,0.000338229350746,0.328614473343,0.0,0.0,0.0
2014-04-13 04:29:00,0.318427599252,0,0.023156159341,0.000536208041012,0.000536208041012,0.341583758593,0.0,0.0,0.0
2014-04-13 04:34:00,0.300191204589,0,0.0330565464086,0.0010927360272,0.0010927360272,0.333247750998,0.0,0.0,0.0
2014-04-13 04:39:00,0.315652048767,0,0.0128172872654,0.000164283017511,0.000164283017511,0.328469336033,0.0,0.0,0.0
2014-04-13 04:44:00,0.3216760213,0,0.00590067557293,3.48180365108e-05,3.48180365108e-05,0.327576696873,0.0,0.0,0.0
2014-04-13 04:49:00,0.33446411316,0,0.00434858624562,1.89101137948e-05,1.89101137948e-05,0.330115526915,0.0,0.0,0.0
2014-04-13 04:54:00,0.32046300294,0,0.0104668724338,0.000109555447125,0.000109555447125,0.330929875374,0.0,0.0,0.0
2014-04-13 04:59:00,0.333024938835,0,0.00889780117411,7.91710408521e-05,7.91710408521e-05,0.324127137661,0.0,0.0,0.0
2014-04-13 05:04:00,0.327350480067,0,0.0024881787178,6.19097045274e-06,6.19097045274e-06,0.32486230135,0.0,0.0,0.0
2014-04-13 05:09:00,0.315405333169,0,0.00846431242669,7.16444847058e-05,7.16444847058e-05,0.323869645596,0.0,0.0,0.0
2014-04-13 05:14:00,0.346532617858,0,0.0249135840446,0.000620686449111,0.000620686449111,0.321619033813,0.0,0.0,0.0
2014-04-13 05:19:00,0.336499516849,0,0.0125542627612,0.000157609392772,0.000157609392772,0.323945254087,0.0,0.0,0.0
2014-04-13 05:24:00,0.333086617735,0,0.0105143268374,0.00011055089999,0.00011055089999,0.322572290897,0.0,0.0,0.0
2014-04-13 05:29:00,0.300931351385,0,0.0220841596512,0.000487709534355,0.000487709534355,0.323015511036,0.0,0.0,0.0
2014-04-13 05:34:00,0.337856452641,0,0.0191278864711,0.000365875632269,0.000365875632269,0.31872856617,0.0,0.0,0.0
2014-04-13 05:39:00,0.301589259648,0,0.0241257159479,0.00058205059031,0.00058205059031,0.325714975595,0.0,0.0,0.0
2014-04-13 05:44:00,0.316597791895,0,0.00325819613027,1.06158577182e-05,1.06158577182e-05,0.319855988026,0.0,0.0,0.0
2014-04-13 05:49:00,0.315405333169,0,0.00575638400758,3.31358896801e-05,3.31358896801e-05,0.321161717176,0.0,0.0,0.0
2014-04-13 05:54:00,0.334217397562,0,0.0154179614693,0.000237713597016,0.000237713597016,0.318799436092,0.0,0.0,0.0
2014-04-13 05:59:00,0.319990131376,0,0.0002837808111,8.0529787283e-08,8.0529787283e-08,0.319706350565,0.0,0.0,0.0
2014-04-13 06:04:00,0.335307058122,0,0.0173044765257,0.000299445033306,0.000299445033306,0.318002581596,0.0,0.0,0.0
2014-04-13 06:09:00,0.349431526142,0,0.0297581071429,0.000885544286575,0.000885544286575,0.319673418999,0.0,0.0,0.0
2014-04-13 06:14:00,0.304570406464,0,0.0204434992997,0.000417936651502,0.000417936651502,0.325013905764,0.0,0.0,0.0
2014-04-13 06:19:00,0.327946709431,0,0.0103334951763,0.000106781393697,0.000106781393697,0.317613214254,0.0,0.0,0.0
2014-04-13 06:24:00,0.340488085693,0,0.0163648819381,0.000267809053184,0.000267809053184,0.324123203754,0.0,0.0,0.0
2014-04-13 06:29:00,0.312136351487,0,0.0118734842326,0.000140979609569,0.000140979609569,0.32400983572,0.0,0.0,0.0
2014-04-13 06:34:00,0.334299636094,0,0.0101643027949,0.000103312806459,0.000103312806459,0.3241353333,0.0,0.0,0.0
2014-04-13 06:39:00,0.30461152573,0,0.0195665440996,0.000382849335438,0.000382849335438,0.32417806983,0.0,0.0,0.0
2014-04-13 06:44:00,0.298752030264,0,0.0243358706132,0.000592234137002,0.000592234137002,0.323087900877,0.0,0.0,0.0
2014-04-13 06:49:00,0.33976849853,0,0.0181643062731,0.000329942035023,0.000329942035023,0.321604192257,0.0,0.0,0.0
2014-04-13 06:54:00,0.30358354407,0,0.0212705318391,0.000452436011983,0.000452436011983,0.324854075909,0.0,0.0,0.0
2014-04-13 06:59:00,0.328913012192,0,0.00722841326913,5.22498266946e-05,5.22498266946e-05,0.321684598923,0.0,0.0,0.0
2014-04-13 07:04:00,0.291021608175,0,0.0343123149269,0.0011773344595,0.0011773344595,0.325333923101,0.0,0.0,0.0
2014-04-13 07:09:00,0.332284792039,0,0.0189053851103,0.000357413082384,0.000357413082384,0.313379406929,0.0,0.0,0.0
2014-04-13 07:14:00,0.324595489216,0,7.7762318279e-05,6.04572480967e-09,6.04572480967e-09,0.324517726898,0.0,0.0,0.0
2014-04-13 07:19:00,0.331606324143,0,0.0143043951461,0.000204615847906,0.000204615847906,0.317301928997,0.0,0.0,0.0
2014-04-13 07:24:00,0.342667406813,0,0.0210377037686,0.000442584714619,0.000442584714619,0.321629703045,0.0,0.0,0.0
2014-04-13 07:29:00,0.330352186517,0,0.00849980051922,7.224662113e-05,7.224662113e-05,0.321852385998,0.0,0.0,0.0
2014-04-13 07:34:00,0.291268323773,0,0.0312938343347,0.000979304430075,0.000979304430075,0.322562158108,0.0,0.0,0.0
2014-04-13 07:39:00,0.317255700158,0,0.000222170876693,4.9362313348e-08,4.9362313348e-08,0.317033529282,0.0,0.0,0.0
2014-04-13 07:44:00,0.328913012192,0,0.00880072419366,7.74525906309e-05,7.74525906309e-05,0.320112287998,0.0,0.0,0.0
2014-04-13 07:49:00,0.347128847221,0,0.0259161680736,0.000671647314448,0.000671647314448,0.321212679148,0.0,0.0,0.0
2014-04-13 07:54:00,0.349657682107,0,0.0259354984026,0.000672650232445,0.000672650232445,0.323722183704,0.0,0.0,0.0
2014-04-13 07:59:00,0.319620057978,0,0.00452943142461,2.05156138691e-05,2.05156138691e-05,0.324149489403,0.0,0.0,0.0
2014-04-13 08:04:00,0.316124920331,0,0.00774555972916,5.99937629886e-05,5.99937629886e-05,0.323870480061,0.0,0.0,0.0
2014-04-13 08:09:00,0.328913012192,0,0.00181923215112,3.30957300321e-06,3.30957300321e-06,0.327093780041,0.0,0.0,0.0
2014-04-13 08:14:00,0.338329324205,0,0.0120591611456,0.000145423153299,0.000145423153299,0.326270163059,0.0,0.0,0.0
2014-04-13 08:19:00,0.285244351241,0,0.0465035978826,0.00216258503497,0.00216258503497,0.331747949123,0.0,0.0,0.0
2014-04-13 08:24:00,0.345319599498,0,0.0238536304127,0.000568995659705,0.000568995659705,0.321465969086,0.0,0.0,0.0
2014-04-13 08:29:00,0.275560763996,0,0.054741534073,0.00299663539045,0.00299663539045,0.330302298069,0.0,0.0,0.0
2014-04-13 08:34:00,0.311992434055,0,0.0060289230045,3.63478829968e-05,3.63478829968e-05,0.318021357059,0.0,0.0,0.0
2014-04-13 08:39:00,0.310327103764,0,0.0156289428168,0.000244263588684,0.000244263588684,0.325956046581,0.0,0.0,0.0
2014-04-13 08:44:00,0.313308250581,0,0.00457342299364,2.09163044929e-05,2.09163044929e-05,0.317881673574,0.0,0.0,0.0
2014-04-13 08:49:00,0.318180883653,0,0.0054870598246,3.01077689073e-05,3.01077689073e-05,0.323667943478,0.0,0.0,0.0
2014-04-13 08:54:00,0.360780443677,0,0.0453643162336,0.00205792160705,0.00205792160705,0.315416127443,0.0,0.0,0.0
2014-04-13 08:59:00,0.346368140792,0,0.0247939594741,0.000614740070887,0.000614740070887,0.321574181318,0.0,0.0,0.0
2014-04-13 09:04:00,0.289829149448,0,0.0326845798859,0.00106828275602,0.00106828275602,0.322513729334,0.0,0.0,0.0
2014-04-13 09:09:00,0.343633709575,0,0.0293582660207,0.000861907901708,0.000861907901708,0.314275443554,0.0,0.0,0.0
2014-04-13 09:14:00,0.326507535106,0,0.00623321188055,3.88529733755e-05,3.88529733755e-05,0.320274323225,0.0,0.0,0.0
2014-04-13 09:19:00,0.31515861757,0,0.00390686385407,1.5263678506e-05,1.5263678506e-05,0.319065481424,0.0,0.0,0.0
2014-04-13 09:24:00,0.332819342503,0,0.0124957262367,0.000156143170898,0.000156143170898,0.320323616266,0.0,0.0,0.0
2014-04-13 09:29:00,0.291515039372,0,0.0295821855791,0.000875104917213,0.000875104917213,0.321097224951,0.0,0.0,0.0
2014-04-13 09:34:00,0.334135159029,0,0.012911572231,0.000166708327015,0.000166708327015,0.321223586798,0.0,0.0,0.0
2014-04-13 09:39:00,0.30646189272,0,0.0161565023703,0.000261032313574,0.000261032313574,0.32261839509,0.0,0.0,0.0
2014-04-13 09:44:00,0.342420691215,0,0.0239978968728,0.00057589932112,0.00057589932112,0.318422794342,0.0,0.0,0.0
2014-04-13 09:49:00,0.288616131088,0,0.0376115636616,0.00141463044565,0.00141463044565,0.32622769475,0.0,0.0,0.0
2014-04-13 09:54:00,0.331894159008,0,0.0162348744165,0.00026357115712,0.00026357115712,0.315659284592,0.0,0.0,0.0
2014-04-13 09:59:00,0.336396718683,0,0.0163738972561,0.000268104689894,0.000268104689894,0.320022821426,0.0,0.0,0.0
2014-04-13 10:04:00,0.296819424741,0,0.0254244445632,0.000646402710117,0.000646402710117,0.322243869305,0.0,0.0,0.0
2014-04-13 10:09:00,0.357634819795,0,0.0416842771064,0.00173757830635,0.00173757830635,0.315950542688,0.0,0.0,0.0
2014-04-13 10:14:00,0.339275067333,0,0.0132449917827,0.000175429668161,0.000175429668161,0.32603007555,0.0,0.0,0.0
2014-04-13 10:19:00,0.298381956866,0,0.0229363715147,0.000526077230461,0.000526077230461,0.321318328381,0.0,0.0,0.0
2014-04-13 10:24:00,0.313678323979,0,0.00886809850284,7.86431701272e-05,7.86431701272e-05,0.322546422482,0.0,0.0,0.0
2014-04-13 10:29:00,0.361561709739,0,0.0440199912561,0.00193776015658,0.00193776015658,0.317541718483,0.0,0.0,0.0
2014-04-13 10:34:00,0.264602479492,0,0.0672946302552,0.00452856672928,0.00452856672928,0.331897109747,0.0,0.0,0.0
2014-04-13 10:39:00,0.310573819363,0,0.0048297315002,2.33263363043e-05,2.33263363043e-05,0.315403550863,0.0,0.0,0.0
2014-04-13 10:44:00,0.313226012048,0,0.00541681284028,2.93418361252e-05,2.93418361252e-05,0.318642824888,0.0,0.0,0.0
2014-04-13 10:49:00,0.322333929563,0,0.00613176586641,3.75985800929e-05,3.75985800929e-05,0.316202163696,0.0,0.0,0.0
2014-04-13 10:54:00,0.317831369888,0,0.00518670414728,2.69019274128e-05,2.69019274128e-05,0.323018074036,0.0,0.0,0.0
2014-04-13 10:59:00,0.33446411316,0,0.0196722251616,0.000386996049201,0.000386996049201,0.314791887999,0.0,0.0,0.0
2014-04-13 11:04:00,0.295421369683,0,0.0260894518981,0.000680659897625,0.000680659897625,0.321510821581,0.0,0.0,0.0
2014-04-13 11:09:00,0.331400727811,0,0.0152197833683,0.000231641635764,0.000231641635764,0.316180944443,0.0,0.0,0.0
2014-04-13 11:14:00,0.359259030819,0,0.0421337103843,0.00177525030449,0.00177525030449,0.317125320435,0.0,0.0,0.0
2014-04-13 11:19:00,0.319496700179,0,0.00309707819294,9.59194858297e-06,9.59194858297e-06,0.322593778372,0.0,0.0,0.0
2014-04-13 11:24:00,0.324328213985,0,0.00408554082602,1.66916433955e-05,1.66916433955e-05,0.320242673159,0.0,0.0,0.0
2014-04-13 11:29:00,0.322128333231,0,0.00437576331667,1.91472390725e-05,1.91472390725e-05,0.317752569914,0.0,0.0,0.0
2014-04-13 11:34:00,0.304776002796,0,0.0158776443883,0.000252099271165,0.000252099271165,0.320653647184,0.0,0.0,0.0
2014-04-13 11:39:00,0.324081498386,0,0.00315131545226,9.93086450762e-06,9.93086450762e-06,0.320930182934,0.0,0.0,0.0
2014-04-13 11:44:00,0.332654865437,0,0.0126866120631,0.000160950075951,0.000160950075951,0.319968253374,0.0,0.0,0.0
2014-04-13 11:49:00,0.321182590103,0,0.00411464633997,1.69304075825e-05,1.69304075825e-05,0.325297236443,0.0,0.0,0.0
2014-04-13 11:54:00,0.330598902116,0,0.00707019508815,4.99874986417e-05,4.99874986417e-05,0.323528707027,0.0,0.0,0.0
2014-04-13 11:59:00,0.323032957092,0,0.000184554085017,3.4064527199e-08,3.4064527199e-08,0.323217511177,0.0,0.0,0.0
2014-04-13 12:04:00,0.385801517301,0,0.0626582735113,0.00392606016248,0.00392606016248,0.32314324379,0.0,0.0,0.0
2014-04-13 12:09:00,0.319023828615,0,0.0189190994609,0.000357932731276,0.000357932731276,0.337942928076,0.0,0.0,0.0
2014-04-13 12:14:00,0.298895947696,0,0.0273139848694,0.000746053352486,0.000746053352486,0.326209932566,0.0,0.0,0.0
2014-04-13 12:19:00,0.311745718456,0,0.0173933949698,0.000302529690089,0.000302529690089,0.329139113426,0.0,0.0,0.0
2014-04-13 12:24:00,0.313719443245,0,0.0119616173075,0.00014308009122,0.00014308009122,0.325681060553,0.0,0.0,0.0
2014-04-13 12:29:00,0.310327103764,0,0.0216966360503,0.000470743631013,0.000470743631013,0.332023739815,0.0,0.0,0.0
2014-04-13 12:34:00,0.337363021444,0,0.0107195842966,0.000114909766125,0.000114909766125,0.326643437147,0.0,0.0,0.0
2014-04-13 12:39:00,0.307921626678,0,0.0215186690181,0.000463053467683,0.000463053467683,0.329440295696,0.0,0.0,0.0
2014-04-13 12:44:00,0.30115750735,0,0.0243491202096,0.000592879776377,0.000592879776377,0.32550662756,0.0,0.0,0.0
2014-04-13 12:49:00,0.330598902116,0,0.00790996492839,6.25673637842e-05,6.25673637842e-05,0.322688937187,0.0,0.0,0.0
2014-04-13 12:54:00,0.318304241452,0,0.00513133331764,2.63305901171e-05,2.63305901171e-05,0.32343557477,0.0,0.0,0.0
2014-04-13 12:59:00,0.317337938691,0,0.00627895340821,3.9425362047e-05,3.9425362047e-05,0.323616892099,0.0,0.0,0.0
2014-04-13 13:04:00,0.311478443225,0,0.00759332648978,5.76587153773e-05,5.76587153773e-05,0.319071769714,0.0,0.0,0.0
2014-04-13 13:09:00,0.358868397788,0,0.0447326675212,0.00200101081282,0.00200101081282,0.314135730267,0.0,0.0,0.0
2014-04-13 13:14:00,0.302822837641,0,0.0209249164564,0.000437852519099,0.000437852519099,0.323747754097,0.0,0.0,0.0
2014-04-13 13:19:00,0.30115750735,0,0.0124767988423,0.000155670582899,0.000155670582899,0.313634306192,0.0,0.0,0.0
2014-04-13 13:24:00,0.339521782931,0,0.0223395400611,0.00049905560445,0.00049905560445,0.31718224287,0.0,0.0,0.0
2014-04-13 13:29:00,0.33976849853,0,0.0203219944139,0.000412983470596,0.000412983470596,0.319446504116,0.0,0.0,0.0
2014-04-13 13:34:00,0.330126030552,0,0.00940380822343,8.84313631104e-05,8.84313631104e-05,0.320722222328,0.0,0.0,0.0
2014-04-13 13:39:00,0.330557782849,0,0.0122538997734,0.00015015831741,0.00015015831741,0.318303883076,0.0,0.0,0.0
2014-04-13 13:44:00,0.30461152573,0,0.0167827389676,0.000281660060864,0.000281660060864,0.321394264698,0.0,0.0,0.0
2014-04-13 13:49:00,0.303809700035,0,0.0145713710557,0.000212324783206,0.000212324783206,0.318381071091,0.0,0.0,0.0
2014-04-13 13:54:00,0.347971792183,0,0.0317480516055,0.00100793910678,0.00100793910678,0.316223740578,0.0,0.0,0.0
2014-04-13 13:59:00,0.298258599067,0,0.0226835644008,0.00051454390632,0.00051454390632,0.320942163467,0.0,0.0,0.0
2014-04-13 14:04:00,0.340488085693,0,0.0211634134704,0.000447889673524,0.000447889673524,0.319324672222,0.0,0.0,0.0
2014-04-13 14:09:00,0.311848516622,0,0.0111727462617,0.000124830155983,0.000124830155983,0.323021262884,0.0,0.0,0.0
2014-04-13 14:14:00,0.323670305722,0,0.00495112728356,2.4513583412e-05,2.4513583412e-05,0.318719178438,0.0,0.0,0.0
2014-04-13 14:19:00,0.342934682045,0,0.0177031895259,0.000313402415486,0.000313402415486,0.325231492519,0.0,0.0,0.0
2014-04-13 14:24:00,0.3742881227,0,0.0509108710748,0.00259191566147,0.00259191566147,0.323377251625,0.0,0.0,0.0
2014-04-13 14:29:00,0.345299039865,0,0.0133360073811,0.000177848967724,0.000177848967724,0.331963032484,0.0,0.0,0.0
2014-04-13 14:34:00,0.316597791895,0,0.0143243348746,0.000205186632229,0.000205186632229,0.33092212677,0.0,0.0,0.0
2014-04-13 14:39:00,0.319496700179,0,0.0072713702805,5.28729542566e-05,5.28729542566e-05,0.326768070459,0.0,0.0,0.0
2014-04-13 14:44:00,0.319743415777,0,0.0115109770849,0.000132502391352,0.000132502391352,0.331254392862,0.0,0.0,0.0
2014-04-13 14:49:00,0.318530397418,0,0.0161908698056,0.000262143847067,0.000262143847067,0.334721267223,0.0,0.0,0.0
2014-04-13 14:54:00,0.3332510948,0,0.000338768941399,1.14760368319e-07,1.14760368319e-07,0.332912325859,0.0,0.0,0.0
2014-04-13 14:59:00,0.318777113016,0,0.0154928874415,0.000240029519773,0.000240029519773,0.334270000458,0.0,0.0,0.0
2014-04-13 15:04:00,0.350870700467,0,0.0170077103258,0.000289262156002,0.000289262156002,0.333862990141,0.0,0.0,0.0
2014-04-13 15:09:00,0.313925039577,0,0.0249689104082,0.000623447063845,0.000623447063845,0.338893949986,0.0,0.0,0.0
2014-04-13 15:14:00,0.309607516602,0,0.0253094624726,0.000640569429379,0.000640569429379,0.334916979074,0.0,0.0,0.0
2014-04-13 15:19:00,0.361191636341,0,0.0277421832257,0.000769628386479,0.000769628386479,0.333449453115,0.0,0.0,0.0
2014-04-13 15:24:00,0.318407039618,0,0.0189326596499,0.00035844600643,0.00035844600643,0.337339699268,0.0,0.0,0.0
2014-04-13 15:29:00,0.316906186394,0,0.0138629948579,0.000192182691535,0.000192182691535,0.330769181252,0.0,0.0,0.0
2014-04-13 15:34:00,0.344147700405,0,0.0130562964438,0.00017046717403,0.00017046717403,0.331091403961,0.0,0.0,0.0
2014-04-13 15:39:00,0.318879911182,0,0.0113365263958,0.000128517029225,0.000128517029225,0.330216437578,0.0,0.0,0.0
2014-04-13 15:44:00,0.313945599211,0,0.0195800584433,0.000383378996048,0.000383378996048,0.333525657654,0.0,0.0,0.0
2014-04-13 15:49:00,0.319188305681,0,0.0078346342398,6.13816300756e-05,6.13816300756e-05,0.32702293992,0.0,0.0,0.0
2014-04-13 15:54:00,0.337609737042,0,0.0102583755292,0.000105234292278,0.000105234292278,0.327351361513,0.0,0.0,0.0
2014-04-13 15:59:00,0.327473837867,0,0.00170443581109,2.90506318379e-06,2.90506318379e-06,0.329178273678,0.0,0.0,0.0
2014-04-13 16:04:00,0.332058636074,0,0.00565203798281,3.19455575664e-05,3.19455575664e-05,0.326406598091,0.0,0.0,0.0
2014-04-13 16:09:00,0.314685746006,0,0.00969280404635,9.39507226576e-05,9.39507226576e-05,0.324378550053,0.0,0.0,0.0
2014-04-13 16:14:00,0.327083204836,0,0.00349268779156,1.21988359751e-05,1.21988359751e-05,0.323590517044,0.0,0.0,0.0
2014-04-13 16:19:00,0.319990131376,0,0.00130182194922,1.69474844824e-06,1.69474844824e-06,0.321291953325,0.0,0.0,0.0
2014-04-13 16:24:00,0.30646189272,0,0.0151356238169,0.000229086872423,0.000229086872423,0.321597516537,0.0,0.0,0.0
2014-04-13 16:29:00,0.374061966735,0,0.0546955414587,0.00299160275608,0.00299160275608,0.319366425276,0.0,0.0,0.0
2014-04-13 16:34:00,0.312691461584,0,0.0142487172868,0.000203026269446,0.000203026269446,0.326940178871,0.0,0.0,0.0
2014-04-13 16:39:00,0.316124920331,0,0.00487491062981,2.37647946051e-05,2.37647946051e-05,0.320999830961,0.0,0.0,0.0
2014-04-13 16:44:00,0.326589773638,0,0.00227172230024,5.16067484568e-06,5.16067484568e-06,0.324318051338,0.0,0.0,0.0
2014-04-13 16:49:00,0.309607516602,0,0.00986172668614,9.72538691713e-05,9.72538691713e-05,0.319469243288,0.0,0.0,0.0
2014-04-13 16:54:00,0.337363021444,0,0.015374289821,0.000236369189224,0.000236369189224,0.321988731623,0.0,0.0,0.0
2014-04-13 16:59:00,0.354489195913,0,0.0325598901209,0.00106014718767,0.00106014718767,0.321929305792,0.0,0.0,0.0
2014-04-13 17:04:00,0.298196920167,0,0.0259971237078,0.000675850897096,0.000675850897096,0.324194043875,0.0,0.0,0.0
2014-04-13 17:09:00,0.320216287341,0,0.000915776524228,8.38626931454e-07,8.38626931454e-07,0.321132063866,0.0,0.0,0.0
2014-04-13 17:14:00,0.328296223195,0,0.00714919856388,5.11109137733e-05,5.11109137733e-05,0.321147024632,0.0,0.0,0.0
2014-04-13 17:19:00,0.334546351693,0,0.0105599107961,0.000111511835712,0.000111511835712,0.323986440897,0.0,0.0,0.0
2014-04-13 17:24:00,0.314624067107,0,0.0130038301559,0.000169099497725,0.000169099497725,0.327627897263,0.0,0.0,0.0
2014-04-13 17:29:00,0.335656571887,0,0.0148009543636,0.000219068591832,0.000219068591832,0.320855617523,0.0,0.0,0.0
2014-04-13 17:34:00,0.328830773659,0,0.00219076377893,4.79946766063e-06,4.79946766063e-06,0.32664000988,0.0,0.0,0.0
2014-04-13 17:39:00,0.297353975205,0,0.0298927503542,0.000893576070666,0.000893576070666,0.327246725559,0.0,0.0,0.0
2014-04-13 17:44:00,0.319167746047,0,0.00138856675204,1.92815332412e-06,1.92815332412e-06,0.320556312799,0.0,0.0,0.0
2014-04-13 17:49:00,0.31873599375,0,0.0063903263738,4.08363594033e-05,4.08363594033e-05,0.325126320124,0.0,0.0,0.0
2014-04-13 17:54:00,0.362692489566,0,0.0390205823795,0.00152260472532,0.00152260472532,0.323671907187,0.0,0.0,0.0
2014-04-13 17:59:00,0.300437920188,0,0.0278731059088,0.00077690964099,0.00077690964099,0.328311026096,0.0,0.0,0.0
2014-04-13 18:04:00,0.320791957071,0,0.0014401945383,2.07416815101e-06,2.07416815101e-06,0.319351762533,0.0,0.0,0.0
2014-04-13 18:09:00,0.346882131623,0,0.0202370255456,0.000409537315136,0.000409537315136,0.326645106077,0.0,0.0,0.0
2014-04-13 18:14:00,0.304056415634,0,0.0219019257265,0.000479694776004,0.000479694776004,0.32595834136,0.0,0.0,0.0
2014-04-13 18:19:00,0.358087131726,0,0.0337884220946,0.00114165688865,0.00114165688865,0.324298709631,0.0,0.0,0.0
2014-04-13 18:24:00,0.286436809967,0,0.0408687453763,0.00167025544215,0.00167025544215,0.327305555344,0.0,0.0,0.0
2014-04-13 18:29:00,0.343160838011,0,0.0234996677664,0.000552234356292,0.000552234356292,0.319661170244,0.0,0.0,0.0
2014-04-13 18:34:00,0.360842122577,0,0.03168670728,0.00100404652767,0.00100404652767,0.329155415297,0.0,0.0,0.0
2014-04-13 18:39:00,0.314315672608,0,0.0135336857118,0.000183160533197,0.000183160533197,0.32784935832,0.0,0.0,0.0
2014-04-13 18:44:00,0.330783938815,0,0.00226456468238,5.1282286222e-06,5.1282286222e-06,0.328519374132,0.0,0.0,0.0
2014-04-13 18:49:00,0.304899360595,0,0.0244202356952,0.000596347730607,0.000596347730607,0.329319596291,0.0,0.0,0.0
2014-04-13 18:54:00,0.338082608606,0,0.0139075488109,0.000193419997231,0.000193419997231,0.324175059795,0.0,0.0,0.0
2014-04-13 18:59:00,0.329694278254,0,0.00343971727891,1.18317038869e-05,1.18317038869e-05,0.333133995533,0.0,0.0,0.0
2014-04-13 19:04:00,0.308394498242,0,0.0171709591019,0.000294842058793,0.000294842058793,0.325565457344,0.0,0.0,0.0
2014-04-13 19:09:00,0.358601122556,0,0.0307258660176,0.00094407889992,0.00094407889992,0.327875256538,0.0,0.0,0.0
2014-04-13 19:14:00,0.297292296305,0,0.0360976117699,0.00130303786136,0.00130303786136,0.333389908075,0.0,0.0,0.0
2014-04-13 19:19:00,0.331565204877,0,0.00808486701854,6.53650131426e-05,6.53650131426e-05,0.323480337858,0.0,0.0,0.0
2014-04-13 19:24:00,0.327699993832,0,0.00145866991758,2.1277317046e-06,2.1277317046e-06,0.32915866375,0.0,0.0,0.0
2014-04-13 19:29:00,0.336150003084,0,0.00878472388625,7.71711565903e-05,7.71711565903e-05,0.327365279198,0.0,0.0,0.0
2014-04-13 19:34:00,0.337835893008,0,0.0060199349846,3.62394384865e-05,3.62394384865e-05,0.331815958023,0.0,0.0,0.0
2014-04-13 19:39:00,0.333024938835,0,0.00518654776949,2.69003812718e-05,2.69003812718e-05,0.327838391066,0.0,0.0,0.0
2014-04-13 19:44:00,0.357984333559,0,0.0302024476971,0.000912187912036,0.000912187912036,0.327781885862,0.0,0.0,0.0
2014-04-13 19:49:00,0.294084993524,0,0.0405547047433,0.00164468388539,0.00164468388539,0.334639698267,0.0,0.0,0.0
2014-04-13 19:54:00,0.3450728839,0,0.0187480335789,0.000351489201421,0.000351489201421,0.326324850321,0.0,0.0,0.0
2014-04-13 19:59:00,0.317954727688,0,0.015831044636,0.00025062225177,0.00025062225177,0.333785772324,0.0,0.0,0.0
2014-04-13 20:04:00,0.313945599211,0,0.0135185640929,0.00018275178445,0.00018275178445,0.327464163303,0.0,0.0,0.0
2014-04-13 20:09:00,0.338761076502,0,0.00702355819185,4.93305778946e-05,4.93305778946e-05,0.331737518311,0.0,0.0,0.0
2014-04-13 20:14:00,0.339295626966,0,0.00981733330871,9.63800048339e-05,9.63800048339e-05,0.329478293657,0.0,0.0,0.0
2014-04-13 20:19:00,0.293920516458,0,0.0401000087591,0.00160801061429,0.00160801061429,0.334020525217,0.0,0.0,0.0
2014-04-13 20:24:00,0.314911901972,0,0.00992777941528,9.85608057817e-05,9.85608057817e-05,0.324839681387,0.0,0.0,0.0
2014-04-13 20:29:00,0.317091223093,0,0.00839722505043,7.05133279553e-05,7.05133279553e-05,0.325488448143,0.0,0.0,0.0
2014-04-13 20:34:00,0.316453874463,0,0.00953662360307,9.09472000785e-05,9.09472000785e-05,0.325990498066,0.0,0.0,0.0
2014-04-13 20:39:00,0.344353296737,0,0.0210041785045,0.000441175157903,0.000441175157903,0.323349118233,0.0,0.0,0.0
2014-04-13 20:44:00,0.311272846892,0,0.0114297397584,0.000130638654809,0.000130638654809,0.322702586651,0.0,0.0,0.0
2014-04-13 20:49:00,0.298772589897,0,0.0220050647508,0.000484222284285,0.000484222284285,0.320777654648,0.0,0.0,0.0
2014-04-13 20:54:00,0.330598902116,0,0.0128201657627,0.000164356359164,0.000164356359164,0.317778736353,0.0,0.0,0.0
2014-04-13 20:59:00,0.332284792039,0,0.0157230931257,0.000247215240961,0.000247215240961,0.316561698914,0.0,0.0,0.0
2014-04-13 21:04:00,0.309463599169,0,0.0103127570509,0.000106353138108,0.000106353138108,0.31977635622,0.0,0.0,0.0
2014-04-13 21:09:00,0.334505232427,0,0.0192493222685,0.000370536319679,0.000370536319679,0.315255910158,0.0,0.0,0.0
2014-04-13 21:14:00,0.329529801188,0,0.0139090211972,0.000193460611627,0.000193460611627,0.315620779991,0.0,0.0,0.0
2014-04-13 21:19:00,0.324328213985,0,0.00680801277846,4.63490359834e-05,4.63490359834e-05,0.317520201206,0.0,0.0,0.0
2014-04-13 21:24:00,0.308394498242,0,0.0090276533234,8.14986415207e-05,8.14986415207e-05,0.317422151566,0.0,0.0,0.0
2014-04-13 21:29:00,0.304056415634,0,0.00948365561546,8.99399092305e-05,8.99399092305e-05,0.313540071249,0.0,0.0,0.0
2014-04-13 21:34:00,0.324574929583,0,0.00781492601651,6.10728820902e-05,6.10728820902e-05,0.316760003567,0.0,0.0,0.0
2014-04-13 21:39:00,0.330002672752,0,0.014926083168,0.000222787741222,0.000222787741222,0.315076589584,0.0,0.0,0.0
2014-04-13 21:44:00,0.337363021444,0,0.0202319491609,0.000409332307754,0.000409332307754,0.317131072283,0.0,0.0,0.0
2014-04-13 21:49:00,0.33101009478,0,0.0114047442855,0.000130068379804,0.000130068379804,0.319605350494,0.0,0.0,0.0
2014-04-13 21:54:00,0.378009416312,0,0.0567796008289,0.00322392210364,0.00322392210364,0.321229815483,0.0,0.0,0.0
2014-04-13 21:59:00,0.265979974917,0,0.0619743471824,0.00384081969969,0.00384081969969,0.3279543221,0.0,0.0,0.0
2014-04-13 22:04:00,0.318982709348,0,0.00565557569292,3.19856626447e-05,3.19856626447e-05,0.313327133656,0.0,0.0,0.0
2014-04-13 22:09:00,0.332058636074,0,0.00847774518,7.18722003512e-05,7.18722003512e-05,0.323580890894,0.0,0.0,0.0
2014-04-13 22:14:00,0.330845617714,0,0.00681003278757,4.63766336907e-05,4.63766336907e-05,0.324035584927,0.0,0.0,0.0
2014-04-13 22:19:00,0.300931351385,0,0.0277537832646,0.000770271755755,0.000770271755755,0.328685134649,0.0,0.0,0.0
2014-04-13 22:24:00,0.337363021444,0,0.0170169640287,0.000289577496005,0.000289577496005,0.320346057415,0.0,0.0,0.0
2014-04-13 22:29:00,0.30767491108,0,0.0194061135672,0.00037659710506,0.00037659710506,0.327081024647,0.0,0.0,0.0
2014-04-13 22:34:00,0.309134645038,0,0.0172748438785,0.000298420665786,0.000298420665786,0.326409488916,0.0,0.0,0.0
2014-04-13 22:39:00,0.332058636074,0,0.00856050622927,7.32823027647e-05,7.32823027647e-05,0.323498129845,0.0,0.0,0.0
2014-04-13 22:44:00,0.309484158803,0,0.0166386615747,0.000276845210465,0.000276845210465,0.326122820377,0.0,0.0,0.0
2014-04-13 22:49:00,0.318263122186,0,0.00489362205581,2.394762123e-05,2.394762123e-05,0.323156744242,0.0,0.0,0.0
2014-04-13 22:54:00,0.356915232632,0,0.0348029405809,0.00121124484576,0.00121124484576,0.322112292051,0.0,0.0,0.0
2014-04-13 22:59:00,0.312506424885,0,0.0120558266825,0.000145342652104,0.000145342652104,0.324562251568,0.0,0.0,0.0
2014-04-13 23:04:00,0.323608626822,0,0.000348369380371,1.21354233329e-07,1.21354233329e-07,0.323956996202,0.0,0.0,0.0
2014-04-13 23:09:00,0.323711424988,0,0.00198641411629,3.9458413994e-06,3.9458413994e-06,0.321725010872,0.0,0.0,0.0
2014-04-13 23:14:00,0.322991837826,0,0.00171066347138,2.92633467325e-06,2.92633467325e-06,0.324702501297,0.0,0.0,0.0
2014-04-13 23:19:00,0.315754846934,0,0.00926940023596,8.59215288074e-05,8.59215288074e-05,0.325024247169,0.0,0.0,0.0
2014-04-13 23:24:00,0.315652048767,0,0.00679888707316,4.62249481643e-05,4.62249481643e-05,0.322450935841,0.0,0.0,0.0
2014-04-13 23:29:00,0.337363021444,0,0.0157147813543,0.000246954761678,0.000246954761678,0.321648240089,0.0,0.0,0.0
2014-04-13 23:34:00,0.307160920249,0,0.0207491752041,0.000430528540164,0.000430528540164,0.327910095453,0.0,0.0,0.0
2014-04-13 23:39:00,0.318078085487,0,0.0017283406902,2.98711097457e-06,2.98711097457e-06,0.316349744797,0.0,0.0,0.0
2014-04-13 23:44:00,0.333497810399,0,0.0113667130823,0.000129202438984,0.000129202438984,0.322131097317,0.0,0.0,0.0
2014-04-13 23:49:00,0.303048993606,0,0.0179984316641,0.00032394338632,0.00032394338632,0.32104742527,0.0,0.0,0.0
2014-04-13 23:54:00,0.345545755464,0,0.0234629975139,0.00055051286472,0.00055051286472,0.32208275795,0.0,0.0,0.0
2014-04-13 23:59:00,0.322272250663,0,0.00107792974592,1.16191199595e-06,1.16191199595e-06,0.321194320917,0.0,0.0,0.0
2014-04-14 00:04:00,0.328255103929,0,0.00625033865681,3.90668974433e-05,3.90668974433e-05,0.322004765272,0.0,0.0,0.0
2014-04-14 00:09:00,0.33446411316,0,0.0118510228835,0.000140446500154,0.000140446500154,0.322613090277,0.0,0.0,0.0
2014-04-14 00:14:00,0.317810810255,0,0.00494264896002,2.44298444159e-05,2.44298444159e-05,0.322753459215,0.0,0.0,0.0
2014-04-14 00:19:00,0.356319003269,0,0.0349385370462,0.00122070184443,0.00122070184443,0.321380466223,0.0,0.0,0.0
2014-04-14 00:24:00,0.317934168054,0,0.010894732998,0.000118695483252,0.000118695483252,0.328828901052,0.0,0.0,0.0
2014-04-14 00:29:00,0.351590287629,0,0.028611165229,0.000818598084152,0.000818598084152,0.3229791224,0.0,0.0,0.0
2014-04-14 00:34:00,0.300807993585,0,0.0326072762663,0.0010632352205,0.0010632352205,0.333415269852,0.0,0.0,0.0
2014-04-14 00:39:00,0.328357902095,0,0.00401839308471,1.61475072673e-05,1.61475072673e-05,0.32433950901,0.0,0.0,0.0
2014-04-14 00:44:00,0.311786837723,0,0.0192681478004,0.00037126179086,0.00037126179086,0.331054985523,0.0,0.0,0.0
2014-04-14 00:49:00,0.324245975452,0,0.0021637816855,4.68189136882e-06,4.68189136882e-06,0.326409757137,0.0,0.0,0.0
2014-04-14 00:54:00,0.351590287629,0,0.020714354459,0.000429084000643,0.000429084000643,0.33087593317,0.0,0.0,0.0
2014-04-14 00:59:00,0.307325397315,0,0.0241462246753,0.000583040353376,0.000583040353376,0.33147162199,0.0,0.0,0.0
2014-04-14 01:04:00,0.320442443307,0,0.00781535584175,6.10798670095e-05,6.10798670095e-05,0.328257799149,0.0,0.0,0.0
2014-04-14 01:09:00,0.356421801435,0,0.025862786161,0.0006688835565,0.0006688835565,0.330559015274,0.0,0.0,0.0
2014-04-14 01:14:00,0.302925635807,0,0.0294424698433,0.000866858405061,0.000866858405061,0.33236810565,0.0,0.0,0.0
2014-04-14 01:19:00,0.330845617714,0,0.00164895600344,2.71907742899e-06,2.71907742899e-06,0.329196661711,0.0,0.0,0.0
2014-04-14 01:24:00,0.306112378955,0,0.0226776300666,0.000514274928719,0.000514274928719,0.328790009022,0.0,0.0,0.0
2014-04-14 01:29:00,0.318057525854,0,0.00665293266334,4.42613636551e-05,4.42613636551e-05,0.324710458517,0.0,0.0,0.0
2014-04-14 01:34:00,0.346923250889,0,0.0197377393002,0.000389578781324,0.000389578781324,0.327185511589,0.0,0.0,0.0
2014-04-14 01:39:00,0.378729003475,0,0.0522423265432,0.0027292619925,0.0027292619925,0.326486676931,0.0,0.0,0.0
2014-04-14 01:44:00,0.332695984704,0,0.000701642173198,4.92293168008e-07,4.92293168008e-07,0.333397626877,0.0,0.0,0.0
2014-04-14 01:49:00,0.296572709143,0,0.0350192844275,0.00122634985019,0.00122634985019,0.33159199357,0.0,0.0,0.0
2014-04-14 01:54:00,0.337630296676,0,0.0130286762398,0.000169746534084,0.000169746534084,0.324601620436,0.0,0.0,0.0
2014-04-14 01:59:00,0.319023828615,0,0.0134034048427,0.000179651557119,0.000179651557119,0.332427233458,0.0,0.0,0.0
2014-04-14 02:04:00,0.332284792039,0,0.00336243090383,1.13058495117e-05,1.13058495117e-05,0.328922361135,0.0,0.0,0.0
2014-04-14 02:09:00,0.321305947902,0,0.00991581141742,9.83230711427e-05,9.83230711427e-05,0.331221759319,0.0,0.0,0.0
2014-04-14 02:14:00,0.35498262711,0,0.0289776749176,0.000839704938699,0.000839704938699,0.326004952192,0.0,0.0,0.0
2014-04-14 02:19:00,0.292707498098,0,0.0425695824377,0.00181216897909,0.00181216897909,0.335277080536,0.0,0.0,0.0
2014-04-14 02:24:00,0.311293406526,0,0.0115437078085,0.000133257490234,0.000133257490234,0.322837114334,0.0,0.0,0.0
2014-04-14 02:29:00,0.328913012192,0,0.00172539646903,2.97702399621e-06,2.97702399621e-06,0.330638408661,0.0,0.0,0.0
2014-04-14 02:34:00,0.324019819486,0,0.0036928057787,1.36368144013e-05,1.36368144013e-05,0.327712625265,0.0,0.0,0.0
2014-04-14 02:39:00,0.341207672855,0,0.0140072899072,0.000196204462554,0.000196204462554,0.327200382948,0.0,0.0,0.0
2014-04-14 02:44:00,0.328666296593,0,0.00501581727656,2.51584533544e-05,2.51584533544e-05,0.323650479317,0.0,0.0,0.0
2014-04-14 02:49:00,0.294886819219,0,0.0289574347977,0.0008385325782,0.0008385325782,0.323844254017,0.0,0.0,0.0
2014-04-14 02:54:00,0.340488085693,0,0.0195626711303,0.000382697733585,0.000382697733585,0.320925414562,0.0,0.0,0.0
2014-04-14 02:59:00,0.320154608442,0,0.00269561891417,7.2663674473e-06,7.2663674473e-06,0.322850227356,0.0,0.0,0.0
2014-04-14 03:04:00,0.331318489278,0,0.0102696334966,0.000105465544038,0.000105465544038,0.321048855782,0.0,0.0,0.0
2014-04-14 03:09:00,0.333497810399,0,0.00986887816144,9.73949936451e-05,9.73949936451e-05,0.323628932238,0.0,0.0,0.0
2014-04-14 03:14:00,0.368963177697,0,0.047964389817,0.00230058305897,0.00230058305897,0.32099878788,0.0,0.0,0.0
2014-04-14 03:19:00,0.310327103764,0,0.0201993077689,0.000408011663239,0.000408011663239,0.330526411533,0.0,0.0,0.0
2014-04-14 03:24:00,0.314685746006,0,0.00909511847087,8.27214316814e-05,8.27214316814e-05,0.323780864477,0.0,0.0,0.0
2014-04-14 03:29:00,0.361253315241,0,0.0384310722656,0.00147694780026,0.00147694780026,0.322822242975,0.0,0.0,0.0
2014-04-14 03:34:00,0.310943892761,0,0.0203968374293,0.000416030612541,0.000416030612541,0.33134073019,0.0,0.0,0.0
2014-04-14 03:39:00,0.331441847077,0,0.0047297155772,2.23702318181e-05,2.23702318181e-05,0.3267121315,0.0,0.0,0.0
2014-04-14 03:44:00,0.356257324369,0,0.0267029751853,0.000713048619218,0.000713048619218,0.329554349184,0.0,0.0,0.0
2014-04-14 03:49:00,0.300684635786,0,0.031449789854,0.000989089603536,0.000989089603536,0.33213442564,0.0,0.0,0.0
2014-04-14 03:54:00,0.352803305989,0,0.0181993407066,0.000331216491759,0.000331216491759,0.334603965282,0.0,0.0,0.0
2014-04-14 03:59:00,0.321182590103,0,0.0124632305151,0.000155332396389,0.000155332396389,0.333645820618,0.0,0.0,0.0
2014-04-14 04:04:00,0.36777071897,0,0.0345363492156,0.00119276030455,0.00119276030455,0.333234369755,0.0,0.0,0.0
2014-04-14 04:09:00,0.323361911224,0,0.0176013332147,0.00030980721931,0.00030980721931,0.340963244438,0.0,0.0,0.0
2014-04-14 04:14:00,0.339110590267,0,0.00489509825695,2.39619166678e-05,2.39619166678e-05,0.33421549201,0.0,0.0,0.0
2014-04-14 04:19:00,0.299718333025,0,0.0397905580807,0.00158328947145,0.00158328947145,0.339508891106,0.0,0.0,0.0
2014-04-14 04:24:00,0.319990131376,0,0.015049663069,0.000226492455113,0.000226492455113,0.335039794445,0.0,0.0,0.0
2014-04-14 04:29:00,0.332531507638,0,0.00128108677585,1.64117273016e-06,1.64117273016e-06,0.333812594414,0.0,0.0,0.0
2014-04-14 04:34:00,0.322518966262,0,0.0144095205624,0.000207634046092,0.000207634046092,0.336928486824,0.0,0.0,0.0
2014-04-14 04:39:00,0.33689014988,0,0.00440292434719,1.93858413695e-05,1.93858413695e-05,0.332487225533,0.0,0.0,0.0
2014-04-14 04:44:00,0.282838874154,0,0.0513892540403,0.00264085480012,0.00264085480012,0.334228128195,0.0,0.0,0.0
2014-04-14 04:49:00,0.314870782705,0,0.00991689362914,9.83449353953e-05,9.83449353953e-05,0.324787676334,0.0,0.0,0.0
2014-04-14 04:54:00,0.344188819671,0,0.0137527985819,0.000189139187569,0.000189139187569,0.33043602109,0.0,0.0,0.0
2014-04-14 04:59:00,0.319270544213,0,0.00471840007858,2.22632334044e-05,2.22632334044e-05,0.323988944292,0.0,0.0,0.0
2014-04-14 05:04:00,0.317029544193,0,0.0078049217876,6.09169364907e-05,6.09169364907e-05,0.324834465981,0.0,0.0,0.0
2014-04-14 05:09:00,0.335307058122,0,0.0178572500014,0.000318881502608,0.000318881502608,0.317449808121,0.0,0.0,0.0
2014-04-14 05:14:00,0.319681736878,0,0.00109275872384,1.19412823096e-06,1.19412823096e-06,0.320774495602,0.0,0.0,0.0
2014-04-14 05:19:00,0.32915972779,0,0.0112539441372,0.000126651459141,0.000126651459141,0.317905783653,0.0,0.0,0.0
2014-04-14 05:24:00,0.368243590534,0,0.0488675391084,0.00238803774118,0.00238803774118,0.319376051426,0.0,0.0,0.0
2014-04-14 05:29:00,0.30467320463,0,0.0182499192065,0.000333059899276,0.000333059899276,0.322923123837,0.0,0.0,0.0
2014-04-14 05:34:00,0.307428195481,0,0.0121107554391,0.000146670747199,0.000146670747199,0.31953895092,0.0,0.0,0.0
2014-04-14 05:39:00,0.323115195625,0,0.00773632108458,5.98507285758e-05,5.98507285758e-05,0.31537887454,0.0,0.0,0.0
2014-04-14 05:44:00,0.326692571805,0,0.00720717565774,5.1943516155e-05,5.1943516155e-05,0.319485396147,0.0,0.0,0.0
2014-04-14 05:49:00,0.321922736898,0,0.000929075017881,8.63203410972e-07,8.63203410972e-07,0.32099366188,0.0,0.0,0.0
2014-04-14 05:54:00,0.335265938856,0,0.0162344618812,0.000263557623839,0.000263557623839,0.319031476974,0.0,0.0,0.0
2014-04-14 05:59:00,0.338062048973,0,0.0190688977851,0.000363622821169,0.000363622821169,0.318993151188,0.0,0.0,0.0
2014-04-14 06:04:00,0.301650938547,0,0.0226538805598,0.000513198203407,0.000513198203407,0.324304819107,0.0,0.0,0.0
2014-04-14 06:09:00,0.337116305845,0,0.0195264268092,0.000381281162845,0.000381281162845,0.317589879036,0.0,0.0,0.0
2014-04-14 06:14:00,0.332469828738,0,0.00616098226456,3.79576085834e-05,3.79576085834e-05,0.326308846474,0.0,0.0,0.0
2014-04-14 06:19:00,0.306338534921,0,0.0185823875972,0.000345304608345,0.000345304608345,0.324920922518,0.0,0.0,0.0
2014-04-14 06:24:00,0.356915232632,0,0.0350838572718,0.00123087724205,0.00123087724205,0.32183137536,0.0,0.0,0.0
2014-04-14 06:29:00,0.308044984477,0,0.017855242354,0.000318810198223,0.000318810198223,0.325900226831,0.0,0.0,0.0
2014-04-14 06:34:00,0.339645140731,0,0.015121453368,0.00022865855135,0.00022865855135,0.324523687363,0.0,0.0,0.0
2014-04-14 06:39:00,0.29585312198,0,0.0340906839527,0.0011621756712,0.0011621756712,0.329943805933,0.0,0.0,0.0
2014-04-14 06:44:00,0.323115195625,0,0.00111999689826,1.25440237753e-06,1.25440237753e-06,0.321995198727,0.0,0.0,0.0
2014-04-14 06:49:00,0.332284792039,0,0.00267980870954,7.18130149835e-06,7.18130149835e-06,0.32960498333,0.0,0.0,0.0
2014-04-14 06:54:00,0.32519171858,0,0.000741052387743,5.4917666148e-07,5.4917666148e-07,0.325932770967,0.0,0.0,0.0
2014-04-14 06:59:00,0.325541232344,0,0.000919605973456,8.45683018724e-07,8.45683018724e-07,0.326460838318,0.0,0.0,0.0
2014-04-14 07:04:00,0.342914122412,0,0.0148477733825,0.00022045672813,0.00022045672813,0.32806634903,0.0,0.0,0.0
2014-04-14 07:09:00,0.341577746253,0,0.0139462429094,0.000194497479242,0.000194497479242,0.327631503344,0.0,0.0,0.0
2014-04-14 07:14:00,0.348382984848,0,0.0176470629878,0.000311418640194,0.000311418640194,0.33073592186,0.0,0.0,0.0
2014-04-14 07:19:00,0.335430415921,0,0.00377053266065,1.42168983075e-05,1.42168983075e-05,0.331659883261,0.0,0.0,0.0
2014-04-14 07:24:00,0.320072369909,0,0.0141892262939,0.000201333779842,0.000201333779842,0.334261596203,0.0,0.0,0.0
2014-04-14 07:29:00,0.331565204877,0,0.00106030343167,1.12425095722e-06,1.12425095722e-06,0.332625508308,0.0,0.0,0.0
2014-04-14 07:34:00,0.308723452374,0,0.026787755207,0.000717583985534,0.000717583985534,0.335511207581,0.0,0.0,0.0
2014-04-14 07:39:00,0.342667406813,0,0.0109816253346,0.000120595963381,0.000120595963381,0.331685781479,0.0,0.0,0.0
2014-04-14 07:44:00,0.305022718395,0,0.0325691681257,0.00106075080112,0.00106075080112,0.33759188652,0.0,0.0,0.0
2014-04-14 07:49:00,0.317091223093,1,0.0118977164311,0.000141555574373,0.000141555574373,0.328988939524,-1.0,0.858908670438,0.858908670438
2014-04-14 07:54:00,0.360533728078,1,0.0276062030348,0.000762101670261,0.000762101670261,0.332927525043,0.0,0.0,0.0
2014-04-14 07:59:00,0.293673800859,1,0.0394114082718,0.00155325816013,0.00155325816013,0.333085209131,0.0,0.0,0.0
2014-04-14 08:04:00,0.322148892864,1,0.0063087010541,3.9799753722e-05,3.9799753722e-05,0.328457593918,0.0,0.0,0.0
2014-04-14 08:09:00,0.361500030839,1,0.032689160192,0.00106858077925,0.00106858077925,0.328810870647,0.0,0.0,0.0
2014-04-14 08:14:00,0.357634819795,1,0.0273845267784,0.000749911938328,0.000749911938328,0.330250293016,0.0,0.0,0.0
2014-04-14 08:19:00,0.294681222887,1,0.0369445665169,0.0013649010798,0.0013649010798,0.331625789404,0.0,0.0,0.0
2014-04-14 08:24:00,0.316844507494,1,0.00748463030814,5.60199041502e-05,5.60199041502e-05,0.324329137802,0.0,0.0,0.0
2014-04-14 08:29:00,0.314377351508,1,0.0112007420207,0.000125456936075,0.000125456936075,0.325578093529,0.0,0.0,0.0
2014-04-14 08:34:00,0.31515861757,1,0.0127209603049,0.000161823132657,0.000161823132657,0.327879577875,0.0,0.0,0.0
2014-04-14 08:39:00,0.369333251095,1,0.0464920538425,0.00216150982305,0.00216150982305,0.322841197252,0.0,0.0,0.0
2014-04-14 08:44:00,0.285963938403,1,0.0427190504787,0.00182491610758,0.00182491610758,0.328682988882,0.0,0.0,0.0
2014-04-14 08:49:00,0.305742305557,1,0.0155818342762,0.000242793932557,0.000242793932557,0.321324139833,0.0,0.0,0.0
2014-04-14 08:54:00,0.335903287485,1,0.0147915786059,0.000218790781219,0.000218790781219,0.321111708879,0.0,0.0,0.0
2014-04-14 08:59:00,0.347005489422,1,0.0284142821562,0.000807371281553,0.000807371281553,0.318591207266,0.0,0.0,0.0
2014-04-14 09:04:00,0.319990131376,1,0.00609624076101,3.71641908714e-05,3.71641908714e-05,0.326086372137,0.0,0.0,0.0
2014-04-14 09:09:00,0.342297333416,1,0.0238625585399,0.000569422263652,0.000569422263652,0.318434774876,0.0,0.0,0.0
2014-04-14 09:14:00,0.353564012418,1,0.0316036526062,0.000998791540042,0.000998791540042,0.321960359812,0.0,0.0,0.0
2014-04-14 09:19:00,0.304776002796,1,0.0218019884511,0.000475326261949,0.000475326261949,0.326577991247,0.0,0.0,0.0
2014-04-14 09:24:00,0.362116819836,1,0.0418049456847,0.00174765300471,0.00174765300471,0.320311874151,0.0,0.0,0.0
2014-04-14 09:29:00,0.280906268632,1,0.049787631953,0.00247880909592,0.00247880909592,0.330693900585,0.0,0.0,0.0
2014-04-14 09:34:00,0.323320791957,1,0.00107316755979,1.15171883408e-06,1.15171883408e-06,0.322247624397,0.0,0.0,0.0
2014-04-14 09:39:00,0.324163736919,1,0.00280406870507,7.86281270848e-06,7.86281270848e-06,0.326967805624,0.0,0.0,0.0
2014-04-14 09:44:00,0.346429819692,1,0.0254827686437,0.000649371766485,0.000649371766485,0.320947051048,0.0,0.0,0.0
2014-04-14 09:49:00,0.304940479862,1,0.0271551729568,0.000737402762752,0.000737402762752,0.332095652819,0.0,0.0,0.0
2014-04-14 09:54:00,0.343428113242,1,0.0186001739705,0.000345966167515,0.000345966167515,0.324827939272,0.0,0.0,0.0
2014-04-14 09:59:00,0.321943296532,1,0.00572399940118,3.27643247147e-05,3.27643247147e-05,0.327667295933,0.0,0.0,0.0
2014-04-14 10:04:00,0.359320709719,1,0.0327678120268,0.00107372889761,0.00107372889761,0.326552897692,0.0,0.0,0.0
2014-04-14 10:09:00,0.333744525998,1,0.00338786849262,1.14776521514e-05,1.14776521514e-05,0.330356657505,0.0,0.0,0.0
2014-04-14 10:14:00,0.32052468184,1,0.0100495028165,0.000100992292573,0.000100992292573,0.330574184656,0.0,0.0,0.0
2014-04-14 10:19:00,0.308394498242,1,0.0238769584763,0.000570109463297,0.000570109463297,0.332271456718,0.0,0.0,0.0
2014-04-14 10:24:00,0.341248792122,1,0.013041746328,0.000170086845174,0.000170086845174,0.328207045794,0.0,0.0,0.0
2014-04-14 10:29:00,0.295010177018,1,0.0363661371448,0.00132249575108,0.00132249575108,0.331376314163,0.0,0.0,0.0
2014-04-14 10:34:00,0.317379057958,1,0.0121189052325,0.000146867881995,0.000146867881995,0.32949796319,0.0,0.0,0.0
2014-04-14 10:39:00,0.339316186599,1,0.0105910870356,0.000112171182991,0.000112171182991,0.328725099564,0.0,0.0,0.0
2014-04-14 10:44:00,0.310573819363,1,0.0189718573452,0.000359931495041,0.000359931495041,0.329545676708,0.0,0.0,0.0
2014-04-14 10:49:00,0.311786837723,1,0.0135692583065,0.000184124975931,0.000184124975931,0.325356096029,0.0,0.0,0.0
2014-04-14 10:54:00,0.3332510948,1,0.00844675896787,7.1347640187e-05,7.1347640187e-05,0.324804335833,0.0,0.0,0.0
2014-04-14 10:59:00,0.338103168239,1,0.0147331883811,0.000217067048652,0.000217067048652,0.323369979858,0.0,0.0,0.0
2014-04-14 11:04:00,0.305063837661,1,0.0221951962572,0.000492626451887,0.000492626451887,0.327259033918,0.0,0.0,0.0
2014-04-14 11:09:00,0.3332510948,1,0.0175980388942,0.000309690774884,0.000309690774884,0.315653055906,0.0,0.0,0.0
2014-04-14 11:14:00,0.342050617817,1,0.0185183643132,0.000342929590261,0.000342929590261,0.323532253504,0.0,0.0,0.0
2014-04-14 11:19:00,0.329920434219,1,0.00830950663767,6.90480082994e-05,6.90480082994e-05,0.321610927582,0.0,0.0,0.0
2014-04-14 11:24:00,0.323115195625,1,0.00312290013544,9.7524789453e-06,9.7524789453e-06,0.32623809576,0.0,0.0,0.0
2014-04-14 11:29:00,0.292707498098,1,0.0272233533613,0.000741110707168,0.000741110707168,0.31993085146,0.0,0.0,0.0
2014-04-14 11:34:00,0.316536112996,1,0.00519271257341,2.69644115178e-05,2.69644115178e-05,0.321728825569,0.0,0.0,0.0
2014-04-14 11:39:00,0.320010691009,1,0.00138187321257,1.90957598534e-06,1.90957598534e-06,0.318628817797,0.0,0.0,0.0
2014-04-14 11:44:00,0.320360204774,1,0.000264534157709,6.99736943943e-08,6.99736943943e-08,0.320624738932,0.0,0.0,0.0
2014-04-14 11:49:00,0.328357902095,1,0.0107494860146,0.000115551512863,0.000115551512863,0.31760841608,0.0,0.0,0.0
2014-04-14 11:54:00,0.396718682539,1,0.0779622213952,0.00607810774818,0.00607810774818,0.318756461143,0.0,0.0,0.0
2014-04-14 11:59:00,0.30997759,1,0.015496135796,0.000240130189923,0.000240130189923,0.325473725796,0.0,0.0,0.0
2014-04-14 12:04:00,0.303706901869,1,0.0192080561313,0.000368948938558,0.000368948938558,0.322914958,0.0,0.0,0.0
2014-04-14 12:09:00,0.338473241637,1,0.0169818511707,0.00028838290018,0.00028838290018,0.321491390467,0.0,0.0,0.0
2014-04-14 12:14:00,0.314870782705,1,0.011143497614,0.000124177720863,0.000124177720863,0.326014280319,0.0,0.0,0.0
2014-04-14 12:19:00,0.360040296881,1,0.0330749052452,0.00109395000618,0.00109395000618,0.326965391636,0.0,0.0,0.0
2014-04-14 12:24:00,0.303419067004,1,0.026764707229,0.000716350274161,0.000716350274161,0.330183774233,0.0,0.0,0.0
2014-04-14 12:29:00,0.3332510948,1,0.0101578891101,0.000103182588646,0.000103182588646,0.32309320569,0.0,0.0,0.0
2014-04-14 12:34:00,0.343160838011,1,0.00912055385385,8.31845027278e-05,8.31845027278e-05,0.334040284157,0.0,0.0,0.0
2014-04-14 12:39:00,0.299656654125,1,0.0301045231761,0.000906281988136,0.000906281988136,0.329761177301,0.0,0.0,0.0
2014-04-14 12:44:00,0.302617241308,1,0.0279893980768,0.000783405790571,0.000783405790571,0.330606639385,0.0,0.0,0.0
2014-04-14 12:49:00,0.34628590226,1,0.0180311429478,0.000325122382492,0.000325122382492,0.328254759312,0.0,0.0,0.0
2014-04-14 12:54:00,0.329879314953,1,0.000445901101895,1.98828900011e-07,1.98828900011e-07,0.330325216055,0.0,0.0,0.0
2014-04-14 12:59:00,0.316597791895,1,0.0141757106929,0.000200950846192,0.000200950846192,0.330773502588,0.0,0.0,0.0
2014-04-14 13:04:00,0.316063241432,1,0.00976262860531,9.53086491791e-05,9.53086491791e-05,0.325825870037,0.0,0.0,0.0
2014-04-14 13:09:00,0.330126030552,1,0.00496469269914,2.46480431088e-05,2.46480431088e-05,0.325161337852,0.0,0.0,0.0
2014-04-14 13:14:00,0.347745636218,1,0.0170433909824,0.000290476862574,0.000290476862574,0.330702245235,0.0,0.0,0.0
2014-04-14 13:19:00,0.31106725056,1,0.0177051154867,0.000313471013214,0.000313471013214,0.328772366047,0.0,0.0,0.0
2014-04-14 13:24:00,0.307818828512,1,0.0173890605679,0.000302379368804,0.000302379368804,0.32520788908,0.0,0.0,0.0
2014-04-14 13:29:00,0.314253993709,1,0.0121294181756,0.000147122977069,0.000147122977069,0.326383411884,0.0,0.0,0.0
2014-04-14 13:34:00,0.327823351631,1,0.00387222648645,1.49940551637e-05,1.49940551637e-05,0.323951125145,0.0,0.0,0.0
2014-04-14 13:39:00,0.32046300294,1,0.00328421471515,1.07860741991e-05,1.07860741991e-05,0.323747217655,0.0,0.0,0.0
2014-04-14 13:44:00,0.318304241452,1,0.00152701064575,2.33176388065e-06,2.33176388065e-06,0.319831252098,0.0,0.0,0.0
2014-04-14 13:49:00,0.315878204733,1,0.00273261246116,7.46712885302e-06,7.46712885302e-06,0.318610817194,0.0,0.0,0.0
2014-04-14 13:54:00,0.367400645572,1,0.0472456508463,0.00223215157166,0.00223215157166,0.320154994726,0.0,0.0,0.0
2014-04-14 13:59:00,0.279796048438,1,0.0443489110113,0.00196682708338,0.00196682708338,0.32414495945,0.0,0.0,0.0
2014-04-14 14:04:00,0.320709718539,1,0.00601576097141,3.61892198271e-05,3.61892198271e-05,0.314693957567,0.0,0.0,0.0
2014-04-14 14:09:00,0.35255659039,1,0.030814890218,0.000949557230342,0.000949557230342,0.321741700172,0.0,0.0,0.0
2014-04-14 14:14:00,0.320236846975,1,9.69024212748e-05,9.39293443025e-09,9.39293443025e-09,0.320139944553,0.0,0.0,0.0
2014-04-14 14:19:00,0.335368737022,1,0.0150229180253,0.000225687632337,0.000225687632337,0.320345818996,0.0,0.0,0.0
2014-04-14 14:24:00,0.312074672588,1,0.00588773547795,3.46655615431e-05,3.46655615431e-05,0.317962408066,0.0,0.0,0.0
2014-04-14 14:29:00,0.320627480006,1,0.00131264255001,1.72303236923e-06,1.72303236923e-06,0.319314837456,0.0,0.0,0.0
2014-04-14 14:34:00,0.314439030408,1,0.0107720773232,0.000116037692351,0.000116037692351,0.325211107731,0.0,0.0,0.0
2014-04-14 14:39:00,0.34028248936,1,0.0225551322113,0.000508734432515,0.000508734432515,0.317727357149,0.0,0.0,0.0
2014-04-14 14:44:00,0.313513846913,1,0.0103044790834,0.000106182327727,0.000106182327727,0.323818325996,0.0,0.0,0.0
2014-04-14 14:49:00,0.300993030284,1,0.0210970888391,0.000445087382104,0.000445087382104,0.322090119123,0.0,0.0,0.0
2014-04-14 14:54:00,0.336602315015,1,0.0168863382996,0.000285147922114,0.000285147922114,0.319715976715,0.0,0.0,0.0
2014-04-14 14:59:00,0.316124920331,1,0.00544359854561,2.96328107652e-05,2.96328107652e-05,0.321568518877,0.0,0.0,0.0
2014-04-14 15:04:00,0.319537819445,1,0.00199216502888,3.96872565034e-06,3.96872565034e-06,0.321529984474,0.0,0.0,0.0
2014-04-14 15:09:00,0.386459425564,1,0.065693602438,0.00431565148756,0.00431565148756,0.320765823126,0.0,0.0,0.0
2014-04-14 15:14:00,0.283784617282,1,0.0462940441594,0.00214313762262,0.00214313762262,0.330078661442,0.0,0.0,0.0
2014-04-14 15:19:00,0.340632003125,1,0.0196769948567,0.000387183681596,0.000387183681596,0.320955008268,0.0,0.0,0.0
2014-04-14 15:24:00,0.343386993976,1,0.016436563106,0.000270161050139,0.000270161050139,0.32695043087,0.0,0.0,0.0
2014-04-14 15:29:00,0.30109582845,1,0.0254733711117,0.000648891902529,0.000648891902529,0.326569199562,0.0,0.0,0.0
2014-04-14 15:34:00,0.321326507535,1,0.00972031215178,9.44847270148e-05,9.44847270148e-05,0.331046819687,0.0,0.0,0.0
2014-04-14 15:39:00,0.324821645182,1,0.00116907970257,1.36676089824e-06,1.36676089824e-06,0.323652565479,0.0,0.0,0.0
2014-04-14 15:44:00,0.339295626966,1,0.0129729820171,0.000168298225617,0.000168298225617,0.326322644949,0.0,0.0,0.0
2014-04-14 15:49:00,0.29585312198,1,0.0366549055733,0.00134358310606,0.00134358310606,0.332508027554,0.0,0.0,0.0
2014-04-14 15:54:00,0.341947819651,1,0.0186808962233,0.000348976027453,0.000348976027453,0.323266923428,0.0,0.0,0.0
2014-04-14 15:59:00,0.328913012192,1,0.0022675603179,5.14187058798e-06,5.14187058798e-06,0.33118057251,0.0,0.0,0.0
2014-04-14 16:04:00,0.327699993832,1,0.000493193881513,2.43244898002e-07,2.43244898002e-07,0.328193187714,0.0,0.0,0.0
2014-04-14 16:09:00,0.314439030408,1,0.0133414547455,0.000177994472324,0.000177994472324,0.327780485153,0.0,0.0,0.0
2014-04-14 16:14:00,0.313719443245,1,0.0107948265837,0.000116528106446,0.000116528106446,0.324514269829,0.0,0.0,0.0
2014-04-14 16:19:00,0.309484158803,1,0.0177864384169,0.000316357560223,0.000316357560223,0.327270597219,0.0,0.0,0.0
2014-04-14 16:24:00,0.331811920475,1,0.00991536743579,9.83147911029e-05,9.83147911029e-05,0.32189655304,0.0,0.0,0.0
2014-04-14 16:29:00,0.293200929295,1,0.031594704259,0.00099822471384,0.00099822471384,0.324795633554,0.0,0.0,0.0
2014-04-14 16:34:00,0.311910195522,1,0.00715531570454,5.11987345817e-05,5.11987345817e-05,0.319065511227,0.0,0.0,0.0
2014-04-14 16:39:00,0.315508131335,1,0.00392722671255,1.54231420311e-05,1.54231420311e-05,0.319435358047,0.0,0.0,0.0
2014-04-14 16:44:00,0.313945599211,1,0.00243153392052,5.91239495407e-06,5.91239495407e-06,0.316377133131,0.0,0.0,0.0
2014-04-14 16:49:00,0.307818828512,1,0.00902623088274,8.14728191472e-05,8.14728191472e-05,0.316845059395,0.0,0.0,0.0
2014-04-14 16:54:00,0.340734801291,1,0.029444209336,0.00086696195649,0.00086696195649,0.311290591955,0.0,0.0,0.0
2014-04-14 16:59:00,0.319496700179,1,0.00567615927387,3.22186824633e-05,3.22186824633e-05,0.313820540905,0.0,0.0,0.0
2014-04-14 17:04:00,0.293447644894,1,0.018407015617,0.000338818266755,0.000338818266755,0.311854660511,0.0,0.0,0.0
2014-04-14 17:09:00,0.325685149777,1,0.0177789393544,0.000316090474371,0.000316090474371,0.307906210423,0.0,0.0,0.0
2014-04-14 17:14:00,0.338802195769,1,0.0293410193734,0.000860894971993,0.000860894971993,0.309461176395,0.0,0.0,0.0
2014-04-14 17:19:00,0.285470507206,1,0.0278500699385,0.000775625929236,0.000775625929236,0.313320577145,0.0,0.0,0.0
2014-04-14 17:24:00,0.347005489422,1,0.037634018017,0.00141631904989,0.00141631904989,0.309371471405,0.0,0.0,0.0
2014-04-14 17:29:00,0.310820534962,1,0.000643148881956,4.13621478401e-07,4.13621478401e-07,0.311463683844,0.0,0.0,0.0
2014-04-14 17:34:00,0.336643434281,1,0.0246140725563,0.000605852226727,0.000605852226727,0.312029361725,0.0,0.0,0.0
2014-04-14 17:39:00,0.29706614034,1,0.0184727726715,0.00034124290687,0.00034124290687,0.315538913012,0.0,0.0,0.0
2014-04-14 17:44:00,0.327473837867,1,0.0166412181997,0.000276930513792,0.000276930513792,0.310832619667,0.0,0.0,0.0
2014-04-14 17:49:00,0.298505314665,1,0.0172587846943,0.000297865946777,0.000297865946777,0.31576409936,0.0,0.0,0.0
2014-04-14 17:54:00,0.329406443389,1,0.0165042014438,0.000272388570011,0.000272388570011,0.312902241945,0.0,0.0,0.0
2014-04-14 17:59:00,0.310100947799,1,0.00446256500303,1.99145306397e-05,1.99145306397e-05,0.314563512802,0.0,0.0,0.0
2014-04-14 18:04:00,0.313287690948,1,0.00349147551244,1.21903021864e-05,1.21903021864e-05,0.31677916646,0.0,0.0,0.0
2014-04-14 18:09:00,0.341947819651,1,0.0270738858588,0.000732995511498,0.000732995511498,0.314873933792,0.0,0.0,0.0
2014-04-14 18:14:00,0.385390324637,1,0.0651368928396,0.00424281321466,0.00424281321466,0.320253431797,0.0,0.0,0.0
2014-04-14 18:19:00,0.288081580625,1,0.0377416370058,0.0014244307531,0.0014244307531,0.32582321763,0.0,0.0,0.0
2014-04-14 18:24:00,0.310100947799,1,0.0121041784865,0.000146511258208,0.000146511258208,0.322205126286,0.0,0.0,0.0
2014-04-14 18:29:00,0.311211167993,1,0.0104933388813,0.000110110144306,0.000110110144306,0.321704506874,0.0,0.0,0.0
2014-04-14 18:34:00,0.321922736898,1,0.00380007670789,1.4440488485e-05,1.4440488485e-05,0.325722813606,0.0,0.0,0.0
2014-04-14 18:39:00,0.313123213882,1,0.0123989406878,0.000153733431944,0.000153733431944,0.32552215457,0.0,0.0,0.0
2014-04-14 18:44:00,0.336396718683,1,0.012870217027,0.000165642617503,0.000165642617503,0.323526501656,0.0,0.0,0.0
2014-04-14 18:49:00,0.333456691133,1,0.00756275259122,5.7195287809e-05,5.7195287809e-05,0.325893938541,0.0,0.0,0.0
2014-04-14 18:54:00,0.307921626678,1,0.0233981822818,0.000547475356143,0.000547475356143,0.33131980896,0.0,0.0,0.0
2014-04-14 18:59:00,0.311786837723,1,0.0112343655567,0.000126211132738,0.000126211132738,0.323021203279,0.0,0.0,0.0
2014-04-14 19:04:00,0.326733691071,1,0.00247951092871,6.1480363911e-06,6.1480363911e-06,0.329213202,0.0,0.0,0.0
2014-04-14 19:09:00,0.314192314809,1,0.0126725833957,0.000160594121553,0.000160594121553,0.326864898205,0.0,0.0,0.0
2014-04-14 19:14:00,0.338082608606,1,0.0108199984092,0.000117072428111,0.000117072428111,0.327262610197,0.0,0.0,0.0
2014-04-14 19:19:00,0.309813112934,1,0.012287138979,0.00015097380674,0.00015097380674,0.322100251913,0.0,0.0,0.0
2014-04-14 19:24:00,0.332531507638,1,0.00794836464207,6.31765651633e-05,6.31765651633e-05,0.324583142996,0.0,0.0,0.0
2014-04-14 19:29:00,0.288862846687,1,0.0347127989984,0.00120497785974,0.00120497785974,0.323575645685,0.0,0.0,0.0
2014-04-14 19:34:00,0.316721149695,1,0.00587638376974,3.45319858752e-05,3.45319858752e-05,0.322597533464,0.0,0.0,0.0
2014-04-14 19:39:00,0.318653755217,1,0.00189761039693,3.60089825335e-06,3.60089825335e-06,0.320551365614,0.0,0.0,0.0
2014-04-14 19:44:00,0.314192314809,1,0.00621358566926,3.86085230275e-05,3.86085230275e-05,0.320405900478,0.0,0.0,0.0
2014-04-14 19:49:00,0.31049158083,1,0.00648779763164,4.20913784183e-05,4.20913784183e-05,0.316979378462,0.0,0.0,0.0
2014-04-14 19:54:00,0.3274327186,1,0.00928097638038,8.61365842866e-05,8.61365842866e-05,0.31815174222,0.0,0.0,0.0
2014-04-14 19:59:00,0.313945599211,1,0.000977523935089,9.5553787105e-07,9.5553787105e-07,0.312968075275,0.0,0.0,0.0
2014-04-14 20:04:00,0.354016324349,1,0.0397945845798,0.00158360973001,0.00158360973001,0.314221739769,0.0,0.0,0.0
2014-04-14 20:09:00,0.309216883571,1,0.00568846186911,3.23585627484e-05,3.23585627484e-05,0.31490534544,0.0,0.0,0.0
2014-04-14 20:14:00,0.289829149448,1,0.0258278701672,0.000667079642881,0.000667079642881,0.315657019615,0.0,0.0,0.0
2014-04-14 20:19:00,0.312259709287,1,0.00109541957388,1.1999321714e-06,1.1999321714e-06,0.311164289713,0.0,0.0,0.0
2014-04-14 20:24:00,0.338082608606,1,0.0243383914489,0.000592357420828,0.000592357420828,0.313744217157,0.0,0.0,0.0
2014-04-14 20:29:00,0.328666296593,1,0.0130124360243,0.000169323568116,0.000169323568116,0.315653860569,0.0,0.0,0.0
2014-04-14 20:34:00,0.313226012048,1,0.00341040128786,1.16308210636e-05,1.16308210636e-05,0.316636413336,0.0,0.0,0.0
2014-04-14 20:39:00,0.314685746006,1,0.00371070104055,1.37691995405e-05,1.37691995405e-05,0.310975044966,0.0,0.0,0.0
2014-04-14 20:44:00,0.310018709266,1,0.00638533536192,4.0772392822e-05,4.0772392822e-05,0.316404044628,0.0,0.0,0.0
2014-04-14 20:49:00,0.344600012336,1,0.0314057076311,0.000986319035292,0.000986319035292,0.313194304705,0.0,0.0,0.0
2014-04-14 20:54:00,0.295380250416,1,0.0239970825095,0.00057585927425,0.00057585927425,0.319377332926,0.0,0.0,0.0
2014-04-14 20:59:00,0.336150003084,1,0.0217316871965,0.000472265674034,0.000472265674034,0.314418315887,0.0,0.0,0.0
2014-04-14 21:04:00,0.286889121898,1,0.0339216729323,0.00115067895968,0.00115067895968,0.32081079483,0.0,0.0,0.0
2014-04-14 21:09:00,0.355208783075,1,0.0449153470249,0.00201738858595,0.00201738858595,0.31029343605,0.0,0.0,0.0
2014-04-14 21:14:00,0.312979296449,1,0.0106526458228,0.000113478556159,0.000113478556159,0.323631942272,0.0,0.0,0.0
2014-04-14 21:19:00,0.3098542322,1,0.00624651419271,3.90188506572e-05,3.90188506572e-05,0.316100746393,0.0,0.0,0.0
2014-04-14 21:24:00,0.329879314953,1,0.00710779553049,5.05207390233e-05,5.05207390233e-05,0.322771519423,0.0,0.0,0.0
2014-04-14 21:29:00,0.303789140402,1,0.0155351741925,0.000241341680521,0.000241341680521,0.319324314594,0.0,0.0,0.0
2014-04-14 21:34:00,0.302123810111,1,0.0172776328934,0.000298516446492,0.000298516446492,0.319401443005,0.0,0.0,0.0
2014-04-14 21:39:00,0.323608626822,1,0.00466941783772,2.18035565922e-05,2.18035565922e-05,0.318939208984,0.0,0.0,0.0
2014-04-14 21:44:00,0.315261415736,1,0.00394187162671,1.55382895173e-05,1.55382895173e-05,0.319203287363,0.0,0.0,0.0
2014-04-14 21:49:00,0.311293406526,1,0.00842549081705,7.09891173756e-05,7.09891173756e-05,0.319718897343,0.0,0.0,0.0
2014-04-14 21:54:00,0.328974691092,1,0.0135228306637,0.000182867021067,0.000182867021067,0.315451860428,0.0,0.0,0.0
2014-04-14 21:59:00,0.311910195522,1,0.00536681873341,2.88028859359e-05,2.88028859359e-05,0.317277014256,0.0,0.0,0.0
2014-04-14 22:04:00,0.314685746006,1,0.00451351804324,2.03719700949e-05,2.03719700949e-05,0.31919926405,0.0,0.0,0.0
2014-04-14 22:09:00,0.328666296593,1,0.00967389046343,9.35842181207e-05,9.35842181207e-05,0.31899240613,0.0,0.0,0.0
2014-04-14 22:14:00,0.337609737042,1,0.0211926389969,0.000449127983302,0.000449127983302,0.316417098045,0.0,0.0,0.0
2014-04-14 22:19:00,0.304529287198,1,0.0167623979069,0.000280978245428,0.000280978245428,0.321291685104,0.0,0.0,0.0
2014-04-14 22:24:00,0.319044388248,1,0.00380150170484,1.44513633131e-05,1.44513633131e-05,0.315242886543,0.0,0.0,0.0
2014-04-14 22:29:00,0.311992434055,1,0.00737825295293,5.44385766261e-05,5.44385766261e-05,0.319370687008,0.0,0.0,0.0
2014-04-14 22:34:00,0.316412755196,1,0.000634959990625,4.0318471406e-07,4.0318471406e-07,0.317047715187,0.0,0.0,0.0
2014-04-14 22:39:00,0.311293406526,1,0.00800104614161,6.40169528197e-05,6.40169528197e-05,0.319294452667,0.0,0.0,0.0
2014-04-14 22:44:00,0.311869076256,1,0.00348008536923,1.21109342217e-05,1.21109342217e-05,0.315349161625,0.0,0.0,0.0
2014-04-14 22:49:00,0.31106725056,1,0.0087852505937,7.71805789554e-05,7.71805789554e-05,0.319852501154,0.0,0.0,0.0
2014-04-14 22:54:00,0.327350480067,1,0.0127802617428,0.000163334771059,0.000163334771059,0.314570218325,0.0,0.0,0.0
2014-04-14 22:59:00,0.329961553486,1,0.0123397263603,0.000152269203681,0.000152269203681,0.317621827126,0.0,0.0,0.0
2014-04-14 23:04:00,0.307489874381,1,0.00921711085457,8.49551797728e-05,8.49551797728e-05,0.316706985235,0.0,0.0,0.0
2014-04-14 23:09:00,0.343880425173,1,0.0275403959336,0.000758472830057,0.000758472830057,0.31634002924,0.0,0.0,0.0
2014-04-14 23:14:00,0.299718333025,1,0.018240021925,0.000332698866259,0.000332698866259,0.31795835495,0.0,0.0,0.0
2014-04-14 23:19:00,0.337157425112,1,0.0215764014185,0.000465541234007,0.000465541234007,0.315581023693,0.0,0.0,0.0
2014-04-14 23:24:00,0.330064351652,1,0.00946470627576,8.95807534107e-05,8.95807534107e-05,0.320599645376,0.0,0.0,0.0
2014-04-14 23:29:00,0.317337938691,1,0.00144465908905,2.08706433114e-06,2.08706433114e-06,0.31878259778,0.0,0.0,0.0
2014-04-14 23:34:00,0.339521782931,1,0.0170543664065,0.000290851836326,0.000290851836326,0.322467416525,0.0,0.0,0.0
2014-04-14 23:39:00,0.30115750735,1,0.0210217505197,0.000441914133262,0.000441914133262,0.32217925787,0.0,0.0,0.0
2014-04-14 23:44:00,0.51551738317,1,0.194815098595,0.0379529111087,0.0379529111087,0.320702284575,0.0,0.0,0.0
2014-04-15 00:04:00,0.544110693065,1,0.192695535747,0.0371315777302,0.0371315777302,0.351415157318,0.0,0.0,0.0
2014-04-15 00:09:00,0.32576738831,1,0.0382001495702,0.00145925069228,0.00145925069228,0.36396753788,0.0,0.0,0.0
2014-04-15 00:14:00,0.306235736754,1,0.0533809004755,0.00284952111542,0.00284952111542,0.35961663723,0.0,0.0,0.0
2014-04-15 00:19:00,0.320092929542,1,0.042126910746,0.00177467765752,0.00177467765752,0.362219840288,0.0,0.0,0.0
2014-04-15 00:24:00,0.331297929645,1,0.0404650911089,0.0016374232946,0.0016374232946,0.371763020754,0.0,0.0,0.0
2014-04-15 00:29:00,0.304549846831,1,0.0783538780781,0.00613933056593,0.00613933056593,0.382903724909,0.0,0.0,0.0
2014-04-15 00:34:00,0.302452764243,1,0.0673345413508,0.00453393952921,0.00453393952921,0.369787305593,0.0,0.0,0.0
2014-04-15 00:39:00,0.3626513703,1,0.0120730476253,0.000145758298459,0.000145758298459,0.374724417925,0.0,0.0,0.0
2014-04-15 00:44:00,0.2923991036,1,0.0875131237922,0.00765854585916,0.00765854585916,0.379912227392,0.0,0.0,0.0
2014-04-15 00:49:00,0.881370916343,1,0.519341393685,0.269715428352,0.269715428352,0.362029522657,0.0,0.0,0.0
2014-04-15 00:54:00,0.998046834844,1,0.641166766065,0.411094784737,0.411094784737,0.356880068779,0.0,0.0,0.0
2014-04-15 00:59:00,0.991796706347,1,0.518193636565,0.268524676561,0.268524676561,0.473603069782,0.0,0.0,0.0
2014-04-15 01:04:00,0.990480889821,1,0.369491567159,0.136524021626,0.136524021626,0.620989322662,0.0,0.0,0.0
2014-04-15 01:09:00,0.986451201711,1,0.219794683728,0.0483097061515,0.0483097061515,0.766656517982,0.0,0.0,0.0
2014-04-15 01:14:00,0.989596825593,1,0.0686023650099,0.00470628682524,0.00470628682524,0.920994460583,0.0,0.0,0.0
2014-04-15 01:19:00,0.987684779704,1,0.0362426704765,0.00131353072356,0.00131353072356,1.02392745018,0.0,0.0,0.0
2014-04-15 01:24:00,0.98721190814,1,0.104779039584,0.0109786521643,0.0109786521643,1.09199094772,0.0,0.0,0.0
2014-04-15 01:29:00,0.984539155821,1,0.195031638284,0.0380373410881,0.0380373410881,1.17957079411,0.0,0.0,0.0
2014-04-15 01:34:00,0.991549990748,1,0.214449741269,0.0459887012839,0.0459887012839,1.20599973202,0.0,0.0,0.0
2014-04-15 01:39:00,0.998745862374,1,0.229033883682,0.0524565204978,0.0524565204978,1.22777974606,0.0,0.0,0.0
2014-04-15 01:44:00,0.996381504554,1,0.245391743165,0.0602171011269,0.0602171011269,1.24177324772,0.0,0.0,0.0
2014-04-15 01:49:00,0.992516293509,1,0.23474095823,0.0551033243537,0.0551033243537,1.22725725174,0.0,0.0,0.0
2014-04-15 01:54:00,0.98721190814,1,0.166362916194,0.0276766289026,0.0276766289026,1.15357482433,0.0,0.0,0.0
2014-04-15 01:59:00,0.993009724707,1,0.113031587511,0.0127761345357,0.0127761345357,1.10604131222,0.0,0.0,0.0
2014-04-15 02:04:00,0.994942330229,1,0.0356025468235,0.00126754294615,0.00126754294615,1.03054487705,0.0,0.0,0.0
2014-04-15 02:09:00,0.997800119246,1,0.0144255832084,0.000208097233553,0.000208097233553,0.983374536037,0.0,0.0,0.0
2014-04-15 02:14:00,0.99469561463,1,0.0543479431214,0.00295369769447,0.00295369769447,0.940347671509,0.0,0.0,0.0
2014-04-15 02:19:00,0.995168486194,1,0.0765972524448,0.00586714223027,0.00586714223027,0.918571233749,0.0,0.0,0.0
2014-04-15 02:24:00,0.989535146693,1,0.0873752174175,0.00763442972675,0.00763442972675,0.902159929276,0.0,0.0,0.0
2014-04-15 02:29:00,0.998067394478,1,0.0885481393164,0.00784077029675,0.00784077029675,0.909519255161,0.0,0.0,0.0
2014-04-15 02:34:00,0.989350109994,1,0.0776650604602,0.00603185687214,0.00603185687214,0.911685049534,0.0,0.0,0.0
2014-04-15 02:39:00,0.996628220153,1,0.0763959837672,0.00583634711802,0.00583634711802,0.920232236385,0.0,0.0,0.0
2014-04-15 02:44:00,0.997820678879,1,0.0844640766872,0.00713417958468,0.00713417958468,0.913356602192,0.0,0.0,0.0
2014-04-15 02:49:00,0.994448899032,1,0.0615245687971,0.00378527282737,0.00378527282737,0.932924330235,0.0,0.0,0.0
2014-04-15 02:54:00,0.991529431115,1,0.0578999779327,0.00335240433924,0.00335240433924,0.933629453182,0.0,0.0,0.0
2014-04-15 02:59:00,0.996854376118,1,0.0678554289744,0.0046043577604,0.0046043577604,0.928998947144,0.0,0.0,0.0
2014-04-15 03:04:00,0.996628220153,1,0.0382617665049,0.00146396318451,0.00146396318451,0.958366453648,0.0,0.0,0.0
2014-04-15 03:09:00,0.989617385226,1,0.0186766010946,0.00034881461761,0.00034881461761,1.00829398632,0.0,0.0,0.0
2014-04-15 03:14:00,0.997101091717,1,0.030315733578,0.000919045123737,0.000919045123737,1.02741682529,0.0,0.0,0.0
2014-04-15 03:19:00,0.997800119246,1,0.0401143952958,0.00160916533787,0.00160916533787,1.03791451454,0.0,0.0,0.0
2014-04-15 03:24:00,0.998314110076,1,0.0470424019934,0.00221299007535,0.00221299007535,1.04535651207,0.0,0.0,0.0
2014-04-15 03:29:00,0.996833816485,1,0.0516373959024,0.00266642216593,0.00266642216593,1.04847121239,0.0,0.0,0.0
2014-04-15 03:34:00,0.991385513682,1,0.0502336679506,0.00252342084423,0.00252342084423,1.04161918163,0.0,0.0,0.0
2014-04-15 03:39:00,0.989864100824,1,0.0390861135615,0.00152772350702,0.00152772350702,1.02895021439,0.0,0.0,0.0
2014-04-15 03:44:00,0.993276999938,1,0.0173779263617,0.000301991851302,0.000301991851302,1.0106549263,0.0,0.0,0.0
2014-04-15 03:49:00,0.99469561463,1,0.000895549005019,8.02027329883e-07,8.02027329883e-07,0.995591163635,0.0,0.0,0.0
2014-04-15 03:54:00,0.995641357758,1,0.0145490239645,0.00021167389059,0.00021167389059,0.981092333794,0.0,0.0,0.0
2014-04-15 03:59:00,0.992269577911,1,0.0211297892831,0.000446467893198,0.000446467893198,0.971139788628,0.0,0.0,0.0
2014-04-15 04:04:00,0.994921770596,1,0.0340536504021,0.0011596493423,0.0011596493423,0.960868120193,0.0,0.0,0.0
2014-04-15 04:09:00,0.995147926561,1,0.0345434377114,0.00119325029664,0.00119325029664,0.96060448885,0.0,0.0,0.0
2014-04-15 04:14:00,0.996628220153,1,0.0340761495349,0.00116118427832,0.00116118427832,0.962552070618,0.0,0.0,0.0
2014-04-15 04:19:00,0.98721190814,1,0.0166480195898,0.000277155719232,0.000277155719232,0.97056388855,0.0,0.0,0.0
2014-04-15 04:24:00,0.99130327515,1,0.0176172953064,0.000310368748615,0.000310368748615,0.973685979843,0.0,0.0,0.0
2014-04-15 04:29:00,0.994448899032,1,0.00894540429211,8.00202760729e-05,8.00202760729e-05,0.98550349474,0.0,0.0,0.0
2014-04-15 04:34:00,0.996854376118,1,0.0011751168177,1.38087307278e-06,1.38087307278e-06,0.9956792593,0.0,0.0,0.0
2014-04-15 04:39:00,0.988424926499,1,0.0171898310385,0.000295491307043,0.000295491307043,1.00561475754,0.0,0.0,0.0
2014-04-15 04:44:00,0.988651082465,1,0.0197325492415,0.000389372929931,0.000389372929931,1.00838363171,0.0,0.0,0.0
2014-04-15 04:49:00,0.996360944921,1,0.0146291979015,0.000214013052755,0.000214013052755,1.01099014282,0.0,0.0,0.0
2014-04-15 04:54:00,0.986492320977,1,0.0280078201668,0.000784437172115,0.000784437172115,1.01450014114,0.0,0.0,0.0
2014-04-15 04:59:00,0.995661917391,1,0.0107136338324,0.000114782014862,0.000114782014862,1.00637555122,0.0,0.0,0.0
2014-04-15 05:04:00,0.995415201793,1,0.0119097322129,0.000141841504956,0.000141841504956,1.00732493401,0.0,0.0,0.0
2014-04-15 05:09:00,0.996134788955,1,0.00335439923891,1.12518018796e-05,1.12518018796e-05,0.999489188194,0.0,0.0,0.0
2014-04-15 05:14:00,0.992763009108,1,0.00315979477087,9.98446921585e-06,9.98446921585e-06,0.995922803879,0.0,0.0,0.0
2014-04-15 05:19:00,0.997347807315,1,0.00875285806966,7.66129523981e-05,7.66129523981e-05,0.988594949245,0.0,0.0,0.0
2014-04-15 05:24:00,0.999259853204,1,0.0113598941168,0.000129046660732,0.000129046660732,0.987899959087,0.0,0.0,0.0
2014-04-15 05:29:00,0.995415201793,1,0.00872640908726,7.61503688409e-05,7.61503688409e-05,0.986688792706,0.0,0.0,0.0
2014-04-15 05:34:00,0.994448899032,1,0.0100259768972,0.000100520235719,0.000100520235719,0.984422922134,0.0,0.0,0.0
2014-04-15 05:39:00,0.996854376118,1,0.0115240328715,0.000132803077577,0.000132803077577,0.985330343246,0.0,0.0,0.0
2014-04-15 05:44:00,0.99130327515,1,0.00249965004276,6.2481999521e-06,6.2481999521e-06,0.988803625107,0.0,0.0,0.0
2014-04-15 05:49:00,0.997861798146,1,0.00988477025245,9.77087693173e-05,9.77087693173e-05,0.987977027893,0.0,0.0,0.0
2014-04-15 05:54:00,0.997101091717,1,0.00272985634589,7.45198894947e-06,7.45198894947e-06,0.994371235371,0.0,0.0,0.0
2014-04-15 05:59:00,0.992763009108,1,0.00512621160665,2.62783141807e-05,2.62783141807e-05,0.997889220715,0.0,0.0,0.0
2014-04-15 06:04:00,0.992763009108,1,0.00635388847509,4.03722333431e-05,4.03722333431e-05,0.999116897583,0.0,0.0,0.0
2014-04-15 06:09:00,0.996402064187,1,0.00394435800826,1.55577981786e-05,1.55577981786e-05,1.0003464222,0.0,0.0,0.0
2014-04-15 06:14:00,0.994202183433,1,0.0080401433034,6.46436892566e-05,6.46436892566e-05,1.00224232674,0.0,0.0,0.0
2014-04-15 06:19:00,0.994448899032,1,0.00687158226871,4.72186256957e-05,4.72186256957e-05,1.0013204813,0.0,0.0,0.0
2014-04-15 06:24:00,0.991385513682,1,0.00819844589703,6.7214416049e-05,6.7214416049e-05,0.999583959579,0.0,0.0,0.0
2014-04-15 06:29:00,0.990830403586,1,0.00615223048194,3.78497206839e-05,3.78497206839e-05,0.996982634068,0.0,0.0,0.0
2014-04-15 06:34:00,0.993009724707,1,0.000545344263215,2.97377056313e-07,2.97377056313e-07,0.99355506897,0.0,0.0,0.0
2014-04-15 06:39:00,0.989864100824,1,0.00157726823226,2.4877431315e-06,2.4877431315e-06,0.991441369057,0.0,0.0,0.0
2014-04-15 06:44:00,0.995456321059,1,0.00789092284298,6.22669322183e-05,6.22669322183e-05,0.987565398216,0.0,0.0,0.0
2014-04-15 06:49:00,0.994942330229,1,0.00409992824748,1.68092246895e-05,1.68092246895e-05,0.990842401981,0.0,0.0,0.0
2014-04-15 06:54:00,0.992824688008,1,0.00503493790838,2.53504549619e-05,2.53504549619e-05,0.987789750099,0.0,0.0,0.0
2014-04-15 06:59:00,0.987458623738,1,0.000267110972541,7.13362169336e-08,7.13362169336e-08,0.987725734711,0.0,0.0,0.0
2014-04-15 07:04:00,0.989350109994,1,0.00425949662886,1.81430605153e-05,1.81430605153e-05,0.985090613365,0.0,0.0,0.0
2014-04-15 07:09:00,0.997594522914,1,0.0108761066997,0.00011828996503,0.00011828996503,0.986718416214,0.0,0.0,0.0
2014-04-15 07:14:00,0.996381504554,1,0.005293889064,2.80254371319e-05,2.80254371319e-05,0.99108761549,0.0,0.0,0.0
2014-04-15 07:19:00,0.996628220153,1,0.00361579186886,1.3073984519e-05,1.3073984519e-05,0.993012428284,0.0,0.0,0.0
2014-04-15 07:24:00,0.997820678879,1,0.00136900298721,1.87415957953e-06,1.87415957953e-06,0.996451675892,0.0,0.0,0.0
2014-04-15 07:29:00,0.996114229322,1,0.00269051873617,7.23875837139e-06,7.23875837139e-06,0.998804748058,0.0,0.0,0.0
2014-04-15 07:34:00,0.992804128374,1,0.00717167213987,5.14331441082e-05,5.14331441082e-05,0.999975800514,0.0,0.0,0.0
2014-04-15 07:39:00,0.995147926561,1,0.00486995483244,2.37162948906e-05,2.37162948906e-05,1.00001788139,0.0,0.0,0.0
2014-04-15 07:44:00,0.996854376118,1,0.00403814383294,1.6306696125e-05,1.6306696125e-05,1.00089251995,0.0,0.0,0.0
2014-04-15 07:49:00,0.993729311869,1,0.007200759008,5.18511988048e-05,5.18511988048e-05,1.00093007088,0.0,0.0,0.0
2014-04-15 07:54:00,0.995661917391,1,0.0024158328146,5.83626297157e-06,5.83626297157e-06,0.998077750206,0.0,0.0,0.0
2014-04-15 07:59:00,0.994921770596,1,0.00253984639734,6.45095542495e-06,6.45095542495e-06,0.997461616993,0.0,0.0,0.0
2014-04-15 08:04:00,0.992763009108,1,0.00355801340261,1.26596460177e-05,1.26596460177e-05,0.996321022511,0.0,0.0,0.0
2014-04-15 08:09:00,0.991344394416,1,0.00281095293126,7.9014680523e-06,7.9014680523e-06,0.994155347347,0.0,0.0,0.0
2014-04-15 08:14:00,0.997594522914,1,0.00635473676564,4.03828380513e-05,4.03828380513e-05,0.991239786148,0.0,0.0,0.0
2014-04-15 08:19:00,0.996854376118,1,0.0040009730265,1.60076942848e-05,1.60076942848e-05,0.992853403091,0.0,0.0,0.0
2014-04-15 08:24:00,0.996607660519,1,0.00466340707466,2.17473716475e-05,2.17473716475e-05,0.991944253445,0.0,0.0,0.0
2014-04-15 08:29:00,0.987458623738,1,0.00455870500101,2.07815864997e-05,2.07815864997e-05,0.992017328739,0.0,0.0,0.0
2014-04-15 08:34:00,0.997101091717,1,0.00932683882498,8.698948659e-05,8.698948659e-05,0.987774252892,0.0,0.0,0.0
2014-04-15 08:39:00,0.992516293509,1,0.000423059479873,1.78991413691e-07,1.78991413691e-07,0.992939352989,0.0,0.0,0.0
2014-04-15 08:44:00,0.986718476942,1,0.004230974981,1.79011585715e-05,1.79011585715e-05,0.990949451923,0.0,0.0,0.0
2014-04-15 08:49:00,0.996628220153,1,0.00747370250195,5.58563006052e-05,5.58563006052e-05,0.989154517651,0.0,0.0,0.0
2014-04-15 08:54:00,0.997080532083,1,0.00254991389254,6.5019221438e-06,6.5019221438e-06,0.994530618191,0.0,0.0,0.0
2014-04-15 08:59:00,0.990378091655,1,0.0047813555383,2.28614553635e-05,2.28614553635e-05,0.995159447193,0.0,0.0,0.0
2014-04-15 09:04:00,0.983963486091,1,0.00960171566793,9.21928804019e-05,9.21928804019e-05,0.993565201759,0.0,0.0,0.0
2014-04-15 09:09:00,0.993215321039,1,0.00347268435807,1.20595468616e-05,1.20595468616e-05,0.989742636681,0.0,0.0,0.0
2014-04-15 09:14:00,0.990583687987,1,0.00303873423132,9.23408697417e-06,9.23408697417e-06,0.993622422218,0.0,0.0,0.0
2014-04-15 09:19:00,0.995888073357,1,0.00574036351027,3.29515569319e-05,3.29515569319e-05,0.990147709846,0.0,0.0,0.0
2014-04-15 09:24:00,0.99827299081,1,0.00491789542334,2.41859343078e-05,2.41859343078e-05,0.993355095387,0.0,0.0,0.0
2014-04-15 09:29:00,0.994222743066,1,0.00105948969512,1.12248210371e-06,1.12248210371e-06,0.995282232761,0.0,0.0,0.0
2014-04-15 09:34:00,0.997594522914,1,0.00320868440511,1.02957355921e-05,1.02957355921e-05,0.994385838509,0.0,0.0,0.0
2014-04-15 09:39:00,0.996854376118,1,0.00108547143196,1.17822378343e-06,1.17822378343e-06,0.995768904686,0.0,0.0,0.0
2014-04-15 09:44:00,0.999280412837,1,0.00219955031531,4.83793473904e-06,4.83793473904e-06,0.997080862522,0.0,0.0,0.0
2014-04-15 09:49:00,0.995620798125,1,0.00405143593342,1.64142220456e-05,1.64142220456e-05,0.999672234058,0.0,0.0,0.0
2014-04-15 09:54:00,0.991282715516,1,0.00639741210434,4.09270614909e-05,4.09270614909e-05,0.997680127621,0.0,0.0,0.0
2014-04-15 09:59:00,0.995661917391,1,9.82314973812e-05,9.64882929111e-09,9.64882929111e-09,0.995563685894,0.0,0.0,0.0
2014-04-15 10:04:00,0.999280412837,1,0.00170018260138,2.89055378744e-06,2.89055378744e-06,0.997580230236,0.0,0.0,0.0
2014-04-15 10:09:00,0.996134788955,1,0.0026665616382,7.11039820089e-06,7.11039820089e-06,0.998801350594,0.0,0.0,0.0
2014-04-15 10:14:00,0.995147926561,1,0.00275047326887,7.56501003707e-06,7.56501003707e-06,0.99789839983,0.0,0.0,0.0
2014-04-15 10:19:00,0.995456321059,1,0.00209780234241,4.40070380137e-06,4.40070380137e-06,0.997554123402,0.0,0.0,0.0
2014-04-15 10:24:00,0.98721190814,1,0.00936827536645,8.776505274e-05,8.776505274e-05,0.996580183506,0.0,0.0,0.0
2014-04-15 10:29:00,0.991282715516,1,0.000651910023954,4.24968391144e-07,4.24968391144e-07,0.990630805492,0.0,0.0,0.0
2014-04-15 10:34:00,0.997820678879,1,0.00667661779053,4.45771765953e-05,4.45771765953e-05,0.991144061089,0.0,0.0,0.0
2014-04-15 10:39:00,0.996381504554,1,0.00332055808942,1.10262171802e-05,1.10262171802e-05,0.993060946465,0.0,0.0,0.0
2014-04-15 10:44:00,0.992043421945,1,0.000608132562418,3.69841785641e-07,3.69841785641e-07,0.991435289383,0.0,0.0,0.0
2014-04-15 10:49:00,1.0,1,0.00995373725891,9.90768821794e-05,9.90768821794e-05,0.990046262741,0.0,0.0,0.0
2014-04-15 10:54:00,0.995641357758,1,0.000166840412749,2.78333835979e-08,2.78333835979e-08,0.995474517345,0.0,0.0,0.0
2014-04-15 10:59:00,0.997594522914,1,0.00313960262181,9.85718270385e-06,9.85718270385e-06,0.994454920292,0.0,0.0,0.0
2014-04-15 11:04:00,0.988651082465,1,0.00774295573569,5.99531413172e-05,5.99531413172e-05,0.9963940382,0.0,0.0,0.0
2014-04-15 11:09:00,0.995168486194,1,0.00180039699514,3.24150460074e-06,3.24150460074e-06,0.993368089199,0.0,0.0,0.0
2014-04-15 11:14:00,0.997347807315,1,0.000667309191948,4.45334137567e-07,4.45334137567e-07,0.996680498123,0.0,0.0,0.0
2014-04-15 11:19:00,0.998314110076,1,0.00234070185408,5.47875652046e-06,5.47875652046e-06,0.995973408222,0.0,0.0,0.0
2014-04-15 11:24:00,0.990583687987,1,0.00705102089437,4.97173168696e-05,4.97173168696e-05,0.997634708881,0.0,0.0,0.0
2014-04-15 11:29:00,0.986471761344,1,0.00876672160834,7.68552199588e-05,7.68552199588e-05,0.995238482952,0.0,0.0,0.0
2014-04-15 11:34:00,0.986965192541,1,0.00521396280877,2.71855442406e-05,2.71855442406e-05,0.99217915535,0.0,0.0,0.0
2014-04-15 11:39:00,0.995888073357,1,0.00570179930511,3.25102992065e-05,3.25102992065e-05,0.990186274052,0.0,0.0,0.0
2014-04-15 11:44:00,0.999280412837,1,0.0068845349993,4.73965519632e-05,4.73965519632e-05,0.992395877838,0.0,0.0,0.0
2014-04-15 11:49:00,0.996854376118,1,0.002707194607,7.32884154786e-06,7.32884154786e-06,0.994147181511,0.0,0.0,0.0
2014-04-15 11:54:00,0.987808137503,1,0.00497886601432,2.47893967753e-05,2.47893967753e-05,0.992787003517,0.0,0.0,0.0
2014-04-15 11:59:00,0.98599888978,1,0.0033569127562,1.12690031528e-05,1.12690031528e-05,0.989355802536,0.0,0.0,0.0
2014-04-15 12:04:00,0.996628220153,1,0.00939589269131,8.82828899194e-05,8.82828899194e-05,0.987232327461,0.0,0.0,0.0
2014-04-15 12:09:00,0.989864100824,1,0.00262285291091,6.87930423737e-06,6.87930423737e-06,0.992486953735,0.0,0.0,0.0
2014-04-15 12:14:00,0.997101091717,1,0.00868418154501,7.54146021791e-05,7.54146021791e-05,0.988416910172,0.0,0.0,0.0
2014-04-15 12:19:00,0.997347807315,1,0.00249383392645,6.21932940703e-06,6.21932940703e-06,0.994853973389,0.0,0.0,0.0
2014-04-15 12:24:00,0.992845247641,1,0.00168334399206,2.83368194687e-06,2.83368194687e-06,0.994528591633,0.0,0.0,0.0
2014-04-15 12:29:00,0.995168486194,1,0.000278809623314,7.77464634893e-08,7.77464634893e-08,0.994889676571,0.0,0.0,0.0
2014-04-15 12:34:00,0.985053146652,1,0.0116662733043,0.000136102506076,0.000136102506076,0.996719419956,0.0,0.0,0.0
2014-04-15 12:39:00,0.996628220153,1,0.00460618264645,2.12169616134e-05,2.12169616134e-05,0.992022037506,0.0,0.0,0.0
2014-04-15 12:44:00,0.998067394478,1,0.00107456801589,1.1546630958e-06,1.1546630958e-06,0.996992826462,0.0,0.0,0.0
2014-04-15 12:49:00,0.99469561463,1,0.00220154637669,4.84685369884e-06,4.84685369884e-06,0.996897161007,0.0,0.0,0.0
2014-04-15 12:54:00,0.999280412837,1,0.00335188691275,1.12350135169e-05,1.12350135169e-05,0.995928525925,0.0,0.0,0.0
2014-04-15 12:59:00,0.994202183433,1,0.00423224096728,1.79117523658e-05,1.79117523658e-05,0.9984344244,0.0,0.0,0.0
2014-04-15 13:04:00,0.992084541212,1,0.00315835248405,9.9750541267e-06,9.9750541267e-06,0.995242893696,0.0,0.0,0.0
2014-04-15 13:09:00,0.998519706408,1,0.00315492121404,9.95360551315e-06,9.95360551315e-06,0.995364785194,0.0,0.0,0.0
2014-04-15 13:14:00,0.988959476963,1,0.00876279114162,7.67862584325e-05,7.67862584325e-05,0.997722268105,0.0,0.0,0.0
2014-04-15 13:19:00,0.99584695409,1,0.00403788398002,1.6304289602e-05,1.6304289602e-05,0.99180907011,0.0,0.0,0.0
2014-04-15 13:24:00,0.995147926561,1,0.000838858834855,7.03712544237e-07,7.03712544237e-07,0.994309067726,0.0,0.0,0.0
2014-04-15 13:29:00,0.991549990748,1,0.000943519498112,8.90270598575e-07,8.90270598575e-07,0.992493510246,0.0,0.0,0.0
2014-04-15 13:34:00,0.993009724707,1,0.000687339395384,4.72464819268e-07,4.72464819268e-07,0.992322385311,0.0,0.0,0.0
2014-04-15 13:39:00,0.993729311869,1,0.00113805000537,1.29511568048e-06,1.29511568048e-06,0.992591261864,0.0,0.0,0.0
2014-04-15 13:44:00,0.99757396328,1,0.0057195340355,3.27131674567e-05,3.27131674567e-05,0.991854429245,0.0,0.0,0.0
2014-04-15 13:49:00,0.996628220153,1,0.00161951310604,2.62283788288e-06,2.62283788288e-06,0.995008707047,0.0,0.0,0.0
2014-04-15 13:54:00,0.995661917391,1,0.00117314166126,1.37625420393e-06,1.37625420393e-06,0.99448877573,0.0,0.0,0.0
2014-04-15 13:59:00,0.99878698164,1,0.00293981605568,8.64254343469e-06,8.64254343469e-06,0.995847165585,0.0,0.0,0.0
2014-04-15 14:04:00,0.990336972388,1,0.00811515459142,6.58560238662e-05,6.58560238662e-05,0.99845212698,0.0,0.0,0.0
2014-04-15 14:09:00,0.998067394478,1,0.00475730059798,2.26317624765e-05,2.26317624765e-05,0.99331009388,0.0,0.0,0.0
2014-04-15 14:14:00,0.990583687987,1,0.00678953531774,4.60981937067e-05,4.60981937067e-05,0.997373223305,0.0,0.0,0.0
2014-04-15 14:19:00,0.990110816423,1,0.00400978141632,1.60783620231e-05,1.60783620231e-05,0.994120597839,0.0,0.0,0.0
2014-04-15 14:24:00,0.992002302679,1,0.00128448578467,1.64988910001e-06,1.64988910001e-06,0.993286788464,0.0,0.0,0.0
2014-04-15 14:29:00,0.994448899032,1,0.00127220034695,1.61849675351e-06,1.61849675351e-06,0.993176698685,0.0,0.0,0.0
2014-04-15 14:34:00,0.989432348527,1,0.00339512654405,1.15269767775e-05,1.15269767775e-05,0.992827475071,0.0,0.0,0.0
2014-04-15 14:39:00,0.997080532083,1,0.00621106959323,3.85770472349e-05,3.85770472349e-05,0.99086946249,0.0,0.0,0.0
2014-04-15 14:44:00,0.993441477004,1,0.000203743163108,4.15053733605e-08,4.15053733605e-08,0.993237733841,0.0,0.0,0.0
2014-04-15 14:49:00,0.991549990748,1,0.000353835200069,1.25183760247e-07,1.25183760247e-07,0.991196155548,0.0,0.0,0.0
2014-04-15 14:54:00,0.989165073295,1,0.00147896442845,2.18735249291e-06,2.18735249291e-06,0.990644037724,0.0,0.0,0.0
2014-04-15 14:59:00,0.995661917391,1,0.00656712359485,4.31270709669e-05,4.31270709669e-05,0.989094793797,0.0,0.0,0.0
2014-04-15 15:04:00,0.993503155904,1,0.00138557215202,1.91980302588e-06,1.91980302588e-06,0.992117583752,0.0,0.0,0.0
2014-04-15 15:09:00,0.989864100824,1,0.00238544761077,5.6903118093e-06,5.6903118093e-06,0.992249548435,0.0,0.0,0.0
2014-04-15 15:14:00,0.989370669627,1,0.000409816002782,1.6797008584e-07,1.6797008584e-07,0.98978048563,0.0,0.0,0.0
2014-04-15 15:19:00,0.991549990748,1,0.000388227080105,1.50703158397e-07,1.50703158397e-07,0.991161763668,0.0,0.0,0.0
2014-04-15 15:24:00,0.992742449475,1,0.000977367592225,9.55304813033e-07,9.55304813033e-07,0.991765081882,0.0,0.0,0.0
2014-04-15 15:29:00,0.996607660519,1,0.00356930421517,1.2739938029e-05,1.2739938029e-05,0.993038356304,0.0,0.0,0.0
2014-04-15 15:34:00,0.991077119184,1,0.003979629206,1.58374023158e-05,1.58374023158e-05,0.99505674839,0.0,0.0,0.0
2014-04-15 15:39:00,0.99296860544,1,0.000879539568008,7.73566227963e-07,7.73566227963e-07,0.993848145008,0.0,0.0,0.0
2014-04-15 15:44:00,0.997820678879,1,0.00389349811203,1.51593003466e-05,1.51593003466e-05,0.993927180767,0.0,0.0,0.0
2014-04-15 15:49:00,0.994962889862,1,0.00129256753923,1.6707793975e-06,1.6707793975e-06,0.996255457401,0.0,0.0,0.0
2014-04-15 15:54:00,0.995168486194,1,0.000126460151268,1.59974575809e-08,1.59974575809e-08,0.995042026043,0.0,0.0,0.0
2014-04-15 15:59:00,0.993955467834,1,0.00305869709017,9.35547450354e-06,9.35547450354e-06,0.997014164925,0.0,0.0,0.0
2014-04-15 16:04:00,0.995189045827,1,0.000497554700408,2.47585433044e-07,2.47585433044e-07,0.994691491127,0.0,0.0,0.0
2014-04-15 16:09:00,0.991796706347,1,0.00485148605894,2.3536667868e-05,2.3536667868e-05,0.996648192406,0.0,0.0,0.0
2014-04-15 16:14:00,0.987458623738,1,0.00607647767557,3.69233057427e-05,3.69233057427e-05,0.993535101414,0.0,0.0,0.0
2014-04-15 16:19:00,0.996381504554,1,0.0054404568855,2.95987520076e-05,2.95987520076e-05,0.990941047668,0.0,0.0,0.0
2014-04-15 16:24:00,0.997594522914,1,0.00316672273518,1.00282113635e-05,1.00282113635e-05,0.994427800179,0.0,0.0,0.0
2014-04-15 16:29:00,0.992043421945,1,0.00289811066649,8.39896620164e-06,8.39896620164e-06,0.994941532612,0.0,0.0,0.0
2014-04-15 16:34:00,0.999753284401,1,0.00774197573136,5.99383747613e-05,5.99383747613e-05,0.99201130867,0.0,0.0,0.0
2014-04-15 16:39:00,0.994448899032,1,0.00237208723926,5.62679224458e-06,5.62679224458e-06,0.996820986271,0.0,0.0,0.0
2014-04-15 16:44:00,0.996381504554,1,0.00196318151395,3.85414705306e-06,3.85414705306e-06,0.99441832304,0.0,0.0,0.0
2014-04-15 16:49:00,0.989144513662,1,0.00701867574929,4.92619437864e-05,4.92619437864e-05,0.996163189411,0.0,0.0,0.0
2014-04-15 16:54:00,0.988651082465,1,0.00281794314719,7.94072275312e-06,7.94072275312e-06,0.991469025612,0.0,0.0,0.0
2014-04-15 16:59:00,0.988671642098,1,0.00297631665759,8.8583519755e-06,8.8583519755e-06,0.991647958755,0.0,0.0,0.0
2014-04-15 17:04:00,0.994921770596,1,0.00546803762824,2.98991435557e-05,2.98991435557e-05,0.989453732967,0.0,0.0,0.0
2014-04-15 17:09:00,0.99469561463,1,0.00366748457576,1.34503643494e-05,1.34503643494e-05,0.991028130054,0.0,0.0,0.0
2014-04-15 17:14:00,0.994921770596,1,0.00232913782507,5.42475845577e-06,5.42475845577e-06,0.992592632771,0.0,0.0,0.0
2014-04-15 17:19:00,0.996134788955,1,0.00225117918364,5.06793685418e-06,5.06793685418e-06,0.993883609772,0.0,0.0,0.0
2014-04-15 17:24:00,0.997347807315,1,0.0023562664063,5.55210635866e-06,5.55210635866e-06,0.994991540909,0.0,0.0,0.0
2014-04-15 17:29:00,0.996381504554,1,0.000195248145267,3.81283484785e-08,3.81283484785e-08,0.996186256409,0.0,0.0,0.0
2014-04-15 17:34:00,0.995661917391,1,0.00103717738095,1.07574328467e-06,1.07574328467e-06,0.996699094772,0.0,0.0,0.0
2014-04-15 17:39:00,0.996854376118,0,0.000500749866709,2.50739162766e-07,2.50739162766e-07,0.996353626251,0.0,0.0,0.0
2014-04-15 17:44:00,0.995209605461,0,0.00277849935961,7.71989834902e-06,7.71989834902e-06,0.99798810482,0.0,0.0,0.0
2014-04-15 17:49:00,0.992269577911,0,0.00404459006565,1.63587283168e-05,1.63587283168e-05,0.996314167976,0.0,0.0,0.0
2014-04-15 17:54:00,0.991570550381,0,0.00386528354959,1.49405568663e-05,1.49405568663e-05,0.995435833931,0.0,0.0,0.0
2014-04-15 17:59:00,0.994921770596,0,0.000547674202027,2.99917758184e-07,2.99917758184e-07,0.994374096394,0.0,0.0,0.0
2014-04-15 18:04:00,0.99469561463,0,0.00174676293706,3.05121852762e-06,3.05121852762e-06,0.996442377567,0.0,0.0,0.0
2014-04-15 18:09:00,0.991077119184,0,0.00380099408561,1.44475116031e-05,1.44475116031e-05,0.99487811327,0.0,0.0,0.0
2014-04-15 18:14:00,0.99878698164,0,0.00642776065865,4.13161615143e-05,4.13161615143e-05,0.992359220982,0.0,0.0,0.0
2014-04-15 18:19:00,0.989843541191,0,0.00576961655795,3.32884046657e-05,3.32884046657e-05,0.995613157749,0.0,0.0,0.0
2014-04-15 18:24:00,0.995435761426,0,0.00500987670235,2.50989942288e-05,2.50989942288e-05,0.990425884724,0.0,0.0,0.0
2014-04-15 18:29:00,0.994448899032,0,0.00245487570858,6.02642057856e-06,6.02642057856e-06,0.991994023323,0.0,0.0,0.0
2014-04-15 18:34:00,0.996628220153,0,0.0048235011813,2.32662096096e-05,2.32662096096e-05,0.991804718971,0.0,0.0,0.0
2014-04-15 18:39:00,0.994448899032,0,0.00036167979336,1.30813134547e-07,1.30813134547e-07,0.994087219238,0.0,0.0,0.0
2014-04-15 18:44:00,0.996381504554,0,0.0028427672569,8.08142067399e-06,8.08142067399e-06,0.993538737297,0.0,0.0,0.0
2014-04-15 18:49:00,0.990583687987,0,0.00443270805868,1.96491655515e-05,1.96491655515e-05,0.995016396046,0.0,0.0,0.0
2014-04-15 18:54:00,0.992783568741,0,0.000933028815934,8.70584358381e-07,8.70584358381e-07,0.993716597557,0.0,0.0,0.0
2014-04-15 18:59:00,0.992269577911,0,0.00224601990955,5.04461604578e-06,5.04461604578e-06,0.99451559782,0.0,0.0,0.0
2014-04-15 19:04:00,0.996134788955,0,0.00213024135939,4.53805023426e-06,4.53805023426e-06,0.994004547596,0.0,0.0,0.0
2014-04-15 19:09:00,0.996340385288,0,0.000570765345815,3.25783048538e-07,3.25783048538e-07,0.995769619942,0.0,0.0,0.0
2014-04-15 19:14:00,0.98599888978,0,0.00995657744431,9.91338529275e-05,9.91338529275e-05,0.995955467224,0.0,0.0,0.0
2014-04-15 19:19:00,0.992763009108,0,0.00254848245463,6.49462890578e-06,6.49462890578e-06,0.990214526653,0.0,0.0,0.0
2014-04-15 19:24:00,0.995888073357,0,0.00230451336684,5.31069417775e-06,5.31069417775e-06,0.99358355999,0.0,0.0,0.0
2014-04-15 19:29:00,0.996854376118,0,0.00397903851722,1.58326583914e-05,1.58326583914e-05,0.992875337601,0.0,0.0,0.0
2014-04-15 19:34:00,0.996134788955,0,0.00157687183729,2.48661513069e-06,2.48661513069e-06,0.994557917118,0.0,0.0,0.0
2014-04-15 19:39:00,0.993955467834,0,6.76979063052e-06,4.61710669697e-11,4.61710669697e-11,0.993948698044,0.0,0.0,0.0
2014-04-15 19:44:00,0.99348259627,0,0.000671976216395,4.51560822512e-07,4.51560822512e-07,0.994154572487,0.0,0.0,0.0
2014-04-15 19:49:00,0.993235880672,0,0.000152533711046,2.32648780241e-08,2.32648780241e-08,0.993388414383,0.0,0.0,0.0
2014-04-15 19:54:00,0.993955467834,0,0.000323747291546,1.048285867e-07,1.048285867e-07,0.993631720543,0.0,0.0,0.0
2014-04-15 19:59:00,0.991549990748,0,0.00294426860929,8.66884693096e-06,8.66884693096e-06,0.994494259357,0.0,0.0,0.0
2014-04-15 20:04:00,0.990110816423,0,0.00347918086853,1.21047123685e-05,1.21047123685e-05,0.993589997292,0.0,0.0,0.0
2014-04-15 20:09:00,0.990336972388,0,0.00073782810292,5.44416593584e-07,5.44416593584e-07,0.991074800491,0.0,0.0,0.0
2014-04-15 20:14:00,0.996381504554,0,0.00485072853009,2.35297284235e-05,2.35297284235e-05,0.991530776024,0.0,0.0,0.0
2014-04-15 20:19:00,0.995168486194,0,0.00108138616521,1.16944124784e-06,1.16944124784e-06,0.994087100029,0.0,0.0,0.0
2014-04-15 20:24:00,0.997101091717,0,0.00324609217429,1.05369636003e-05,1.05369636003e-05,0.993854999542,0.0,0.0,0.0
2014-04-15 20:29:00,0.994202183433,0,0.00152762060595,2.33358446167e-06,2.33358446167e-06,0.995729804039,0.0,0.0,0.0
2014-04-15 20:34:00,0.988897798063,0,0.00561934947776,3.1577063055e-05,3.1577063055e-05,0.994517147541,0.0,0.0,0.0
2014-04-15 20:39:00,0.995168486194,0,0.00364009435613,1.32504392241e-05,1.32504392241e-05,0.991528391838,0.0,0.0,0.0
2014-04-15 20:44:00,0.994448899032,0,0.000474749804499,2.25388504305e-07,2.25388504305e-07,0.993974149227,0.0,0.0,0.0
2014-04-15 20:49:00,0.996381504554,0,0.00291733266751,8.51092681842e-06,8.51092681842e-06,0.993464171886,0.0,0.0,0.0
2014-04-15 20:54:00,0.989350109994,0,0.00614985853471,3.78211225325e-05,3.78211225325e-05,0.995499968529,0.0,0.0,0.0
2014-04-15 20:59:00,0.994901210962,0,0.0032601663457,1.06288734969e-05,1.06288734969e-05,0.991641044617,0.0,0.0,0.0
2014-04-15 21:04:00,0.993729311869,0,0.00110797221906,1.22764345178e-06,1.22764345178e-06,0.994837284088,0.0,0.0,0.0
2014-04-15 21:09:00,0.991796706347,0,0.00235399183821,5.54115695195e-06,5.54115695195e-06,0.994150698185,0.0,0.0,0.0
2014-04-15 21:14:00,0.996854376118,0,0.00398052863334,1.58445182024e-05,1.58445182024e-05,0.992873847485,0.0,0.0,0.0
2014-04-15 21:19:00,0.988753880631,0,0.00721481882449,5.20539761055e-05,5.20539761055e-05,0.995968699455,0.0,0.0,0.0
2014-04-15 21:24:00,0.989864100824,0,0.00145233689681,2.109253046e-06,2.109253046e-06,0.991316437721,0.0,0.0,0.0
2014-04-15 21:29:00,0.994469458665,0,0.0040526338472,1.64238826983e-05,1.64238826983e-05,0.990416824818,0.0,0.0,0.0
2014-04-15 21:34:00,0.993729311869,0,0.00265606109851,7.05456204741e-06,7.05456204741e-06,0.991073250771,0.0,0.0,0.0
2014-04-15 21:39:00,0.995415201793,0,0.00345408023366,1.19307323985e-05,1.19307323985e-05,0.991961121559,0.0,0.0,0.0
2014-04-15 21:44:00,0.994202183433,0,0.000480817504398,2.31198129086e-07,2.31198129086e-07,0.993721365929,0.0,0.0,0.0
2014-04-15 21:49:00,0.997594522914,0,0.00423442073704,1.7930424292e-05,1.7930424292e-05,0.993360102177,0.0,0.0,0.0
2014-04-15 21:54:00,0.991077119184,0,0.00527078502113,2.77811122942e-05,2.77811122942e-05,0.996347904205,0.0,0.0,0.0
2014-04-15 21:59:00,0.992269577911,0,0.00105684764164,1.11693179861e-06,1.11693179861e-06,0.993326425552,0.0,0.0,0.0
2014-04-15 22:04:00,0.99348259627,0,0.000405901082118,1.64761004839e-07,1.64761004839e-07,0.993888497353,0.0,0.0,0.0
2014-04-15 22:09:00,0.993934908201,0,0.000707289884547,5.00229020872e-07,5.00229020872e-07,0.994642198086,0.0,0.0,0.0
2014-04-15 22:14:00,0.993708752236,0,0.000815190234691,6.64571814468e-07,6.64571814468e-07,0.994523942471,0.0,0.0,0.0
2014-04-15 22:19:00,0.993708752236,0,0.00033763782075,1.14014483188e-07,1.14014483188e-07,0.994046390057,0.0,0.0,0.0
2014-04-15 22:24:00,0.998067394478,0,0.00409014580901,1.67291655089e-05,1.67291655089e-05,0.993977248669,0.0,0.0,0.0
2014-04-15 22:29:00,0.985032587019,0,0.0121365499824,0.000147296537762,0.000147296537762,0.997169137001,0.0,0.0,0.0
2014-04-15 22:34:00,0.985032587019,0,0.00449475768503,2.02031042136e-05,2.02031042136e-05,0.989527344704,0.0,0.0,0.0
2014-04-15 22:39:00,0.99878698164,0,0.0100652533154,0.00010130940791,0.00010130940791,0.988721728325,0.0,0.0,0.0
2014-04-15 22:44:00,0.990809843952,0,0.0024376650503,5.94214316152e-06,5.94214316152e-06,0.993247509003,0.0,0.0,0.0
2014-04-15 22:49:00,0.991200476983,0,0.00241091857285,5.8126715885e-06,5.8126715885e-06,0.988789558411,0.0,0.0,0.0
2014-04-15 22:54:00,0.988527724665,0,0.000328412133467,1.0786074256e-07,1.0786074256e-07,0.988856136799,0.0,0.0,0.0
2014-04-15 22:59:00,0.990583687987,0,0.0027012526652,7.2966049629e-06,7.2966049629e-06,0.987882435322,0.0,0.0,0.0
2014-04-15 23:04:00,0.985526018216,0,0.0041808556779,1.74794949999e-05,1.74794949999e-05,0.989706873894,0.0,0.0,0.0
2014-04-15 23:09:00,0.992763009108,0,0.00713178161463,5.08619341417e-05,5.08619341417e-05,0.985631227493,0.0,0.0,0.0
2014-04-15 23:14:00,0.99469561463,0,0.00471807604457,2.22601393034e-05,2.22601393034e-05,0.989977538586,0.0,0.0,0.0
2014-04-15 23:19:00,0.996854376118,0,0.00471479825233,2.22292164835e-05,2.22292164835e-05,0.992139577866,0.0,0.0,0.0
2014-04-15 23:24:00,0.995661917391,0,0.00172061032352,2.96048938253e-06,2.96048938253e-06,0.993941307068,0.0,0.0,0.0
2014-04-15 23:29:00,0.997553403647,0,0.00214373615537,4.59562397737e-06,4.59562397737e-06,0.995409667492,0.0,0.0,0.0
2014-04-15 23:34:00,0.99878698164,0,5.28054813426e-05,2.788866027e-09,2.788866027e-09,0.998734176159,0.0,0.0,0.0
2014-04-15 23:39:00,0.989864100824,0,0.0110569101466,0.000122255034512,0.000122255034512,1.00092101097,0.0,0.0,0.0
2014-04-15 23:44:00,0.995661917391,0,0.00050389462414,2.53912844528e-07,2.53912844528e-07,0.996165812016,0.0,0.0,0.0
2014-04-15 23:49:00,0.996628220153,0,0.00344974272281,1.1900692698e-05,1.1900692698e-05,1.00007796288,0.0,0.0,0.0
2014-04-15 23:54:00,0.987684779704,0,0.0108371443153,0.000117443552881,0.000117443552881,0.998521924019,0.0,0.0,0.0
2014-04-15 23:59:00,0.999280412837,0,0.00606455390113,3.67785760318e-05,3.67785760318e-05,0.993215858936,0.0,0.0,0.0
2014-04-16 00:04:00,0.993523715537,0,0.00401854654042,1.61487059813e-05,1.61487059813e-05,0.997542262077,0.0,0.0,0.0
2014-04-16 00:09:00,0.98190752277,0,0.0123561858217,0.000152674736455,0.000152674736455,0.994263708591,0.0,0.0,0.0
2014-04-16 00:14:00,0.987458623738,0,0.000647879929406,4.19777620664e-07,4.19777620664e-07,0.986810743809,0.0,0.0,0.0
2014-04-16 00:19:00,0.985279302617,0,0.000928182581733,8.61487535531e-07,8.61487535531e-07,0.986207485199,0.0,0.0,0.0
2014-04-16 00:24:00,0.985526018216,0,0.00269805677098,7.27954875401e-06,7.27954875401e-06,0.982827961445,0.0,0.0,0.0
2014-04-16 00:29:00,0.997820678879,0,0.0165297424091,0.000273232260952,0.000273232260952,0.98129093647,0.0,0.0,0.0
2014-04-16 00:34:00,0.996874935751,0,0.0114756895353,0.000131691282149,0.000131691282149,0.985399246216,0.0,0.0,0.0
2014-04-16 00:39:00,0.994448899032,0,0.00517988085842,2.683117782e-05,2.683117782e-05,0.989269018173,0.0,0.0,0.0
2014-04-16 00:44:00,0.988178210901,0,0.00238786394746,5.70197698835e-06,5.70197698835e-06,0.990566074848,0.0,0.0,0.0
2014-04-16 00:49:00,0.993276999938,0,0.00464467858059,2.15731633944e-05,2.15731633944e-05,0.988632321358,0.0,0.0,0.0
2014-04-16 00:54:00,0.995661917391,0,0.0011498958498,1.32225341076e-06,1.32225341076e-06,0.994512021542,0.0,0.0,0.0
2014-04-16 00:59:00,0.993976027468,0,0.00395491649824,1.56411333592e-05,1.56411333592e-05,0.997930943966,0.0,0.0,0.0
2014-04-16 01:04:00,0.994921770596,0,0.0021147460708,4.472263754e-06,4.472263754e-06,0.997036516666,0.0,0.0,0.0
2014-04-16 01:09:00,0.998314110076,0,0.000684353077563,4.68376697427e-07,4.68376697427e-07,0.998998463154,0.0,0.0,0.0
2014-04-16 01:14:00,0.988424926499,0,0.0130505268775,0.000170317012817,0.000170317012817,1.00147545338,0.0,0.0,0.0
2014-04-16 01:19:00,0.979255330085,0,0.0171121840485,0.000292827229714,0.000292827229714,0.996367514133,0.0,0.0,0.0
2014-04-16 01:24:00,0.990110816423,0,0.000440480176545,1.94021154698e-07,1.94021154698e-07,0.989670336246,0.0,0.0,0.0
2014-04-16 01:29:00,0.986245605378,0,0.00587621030306,3.45295338775e-05,3.45295338775e-05,0.992121815681,0.0,0.0,0.0
2014-04-16 01:34:00,0.998540266042,0,0.0123828487443,0.000153335349751,0.000153335349751,0.986157417297,0.0,0.0,0.0
2014-04-16 01:39:00,0.992742449475,0,0.0030659739498,9.40037625696e-06,9.40037625696e-06,0.989676475525,0.0,0.0,0.0
2014-04-16 01:44:00,0.999280412837,0,0.0134729940142,0.000181521041668,0.000181521041668,0.985807418823,0.0,0.0,0.0
2014-04-16 01:49:00,0.99878698164,0,0.00663971477547,4.40858675574e-05,4.40858675574e-05,0.992147266865,0.0,0.0,0.0
2014-04-16 01:54:00,0.996381504554,0,0.00459442855756,2.11089263757e-05,2.11089263757e-05,0.991787075996,0.0,0.0,0.0
2014-04-16 01:59:00,0.992516293509,0,0.00206290246693,4.25562575401e-06,4.25562575401e-06,0.994579195976,0.0,0.0,0.0
2014-04-16 02:04:00,0.994202183433,0,0.00125677710009,1.57945555657e-06,1.57945555657e-06,0.995458960533,0.0,0.0,0.0
2014-04-16 02:09:00,0.9941816238,0,0.00173468317267,3.00909391626e-06,3.00909391626e-06,0.995916306973,0.0,0.0,0.0
2014-04-16 02:14:00,0.992763009108,0,0.00437459703603,1.91373292182e-05,1.91373292182e-05,0.997137606144,0.0,0.0,0.0
2014-04-16 02:19:00,0.989617385226,0,0.00774868552153,6.00417843089e-05,6.00417843089e-05,0.997366070747,0.0,0.0,0.0
2014-04-16 02:24:00,0.988260449434,0,0.00752407166932,5.66116759728e-05,5.66116759728e-05,0.995784521103,0.0,0.0,0.0
2014-04-16 02:29:00,0.993235880672,0,0.000530963600725,2.81916584299e-07,2.81916584299e-07,0.993766844273,0.0,0.0,0.0
2014-04-16 02:34:00,0.996114229322,0,0.000782643914892,6.12570147496e-07,6.12570147496e-07,0.995331585407,0.0,0.0,0.0
2014-04-16 02:39:00,0.994921770596,0,0.000248041652741,6.15114004177e-08,6.15114004177e-08,0.994673728943,0.0,0.0,0.0
2014-04-16 02:44:00,0.995661917391,0,0.00179976529178,3.23914423461e-06,3.23914423461e-06,0.9938621521,0.0,0.0,0.0
2014-04-16 02:49:00,0.997368366948,0,0.00478437685129,2.28905337281e-05,2.28905337281e-05,0.992583990097,0.0,0.0,0.0
2014-04-16 02:54:00,0.989864100824,0,0.00358546792403,1.28555075207e-05,1.28555075207e-05,0.993449568748,0.0,0.0,0.0
2014-04-16 02:59:00,0.992269577911,0,0.00438642733318,1.92407242139e-05,1.92407242139e-05,0.987883150578,0.0,0.0,0.0
2014-04-16 03:04:00,0.998046834844,0,0.00802685775172,6.44301326247e-05,6.44301326247e-05,0.990019977093,0.0,0.0,0.0
2014-04-16 03:09:00,0.992516293509,0,0.00102256299702,1.04566424852e-06,1.04566424852e-06,0.993538856506,0.0,0.0,0.0
2014-04-16 03:14:00,0.987684779704,0,0.00512839025268,2.63003184955e-05,2.63003184955e-05,0.992813169956,0.0,0.0,0.0
2014-04-16 03:19:00,0.997820678879,0,0.00765210740692,5.85546949878e-05,5.85546949878e-05,0.990168571472,0.0,0.0,0.0
2014-04-16 03:24:00,0.995415201793,0,0.00191486774913,3.66668427887e-06,3.66668427887e-06,0.997330069542,0.0,0.0,0.0
2014-04-16 03:29:00,0.991549990748,0,0.00482795419812,2.33093542192e-05,2.33093542192e-05,0.996377944946,0.0,0.0,0.0
2014-04-16 03:34:00,0.994490018298,0,0.000448891709403,2.01495566898e-07,2.01495566898e-07,0.994938910007,0.0,0.0,0.0
2014-04-16 03:39:00,0.99130327515,0,0.00427149720837,1.82457733899e-05,1.82457733899e-05,0.995574772358,0.0,0.0,0.0
2014-04-16 03:44:00,0.99002857789,0,0.00416235343002,1.73253338289e-05,1.73253338289e-05,0.99419093132,0.0,0.0,0.0
2014-04-16 03:49:00,0.996587100886,0,0.00441795911671,1.95183347387e-05,1.95183347387e-05,0.992169141769,0.0,0.0,0.0
2014-04-16 03:54:00,0.996381504554,0,0.00280217649381,7.8522862168e-06,7.8522862168e-06,0.99357932806,0.0,0.0,0.0
2014-04-16 03:59:00,0.99130327515,0,0.0031417507713,9.87066141533e-06,9.87066141533e-06,0.994445025921,0.0,0.0,0.0
2014-04-16 04:04:00,0.992516293509,0,0.000831558688004,6.9146608439e-07,6.9146608439e-07,0.991684734821,0.0,0.0,0.0
2014-04-16 04:09:00,0.995888073357,0,0.0039905499536,1.59243372764e-05,1.59243372764e-05,0.991897523403,0.0,0.0,0.0
2014-04-16 04:14:00,0.993462036637,0,0.000309158774416,9.55856478413e-08,9.55856478413e-08,0.993771195412,0.0,0.0,0.0
2014-04-16 04:19:00,0.994037706367,0,0.000858265868966,7.36588390282e-07,7.36588390282e-07,0.993179440498,0.0,0.0,0.0
2014-04-16 04:24:00,0.99348259627,0,0.000149077765386,2.22222276136e-08,2.22222276136e-08,0.993333518505,0.0,0.0,0.0
2014-04-16 04:29:00,0.993729311869,0,0.000306647374698,9.40439690567e-08,9.40439690567e-08,0.994035959244,0.0,0.0,0.0
2014-04-16 04:34:00,0.990830403586,0,0.0032697498606,1.06911475086e-05,1.06911475086e-05,0.994100153446,0.0,0.0,0.0
2014-04-16 04:39:00,0.989617385226,0,0.00228854243223,5.23732524016e-06,5.23732524016e-06,0.991905927658,0.0,0.0,0.0
2014-04-16 04:44:00,0.992516293509,0,0.00124294994624,1.54488907356e-06,1.54488907356e-06,0.991273343563,0.0,0.0,0.0
2014-04-16 04:49:00,0.991591110015,0,0.00154207727941,2.37804579228e-06,2.37804579228e-06,0.993133187294,0.0,0.0,0.0
2014-04-16 04:54:00,0.992763009108,0,0.00151428226313,2.29297120313e-06,2.29297120313e-06,0.991248726845,0.0,0.0,0.0
2014-04-16 04:59:00,0.992763009108,0,0.00111761335215,1.24900088849e-06,1.24900088849e-06,0.991645395756,0.0,0.0,0.0
2014-04-16 05:04:00,0.990583687987,0,0.00137063864263,1.87873183677e-06,1.87873183677e-06,0.99195432663,0.0,0.0,0.0
2014-04-16 05:09:00,0.995189045827,0,0.00467834369424,2.18871318793e-05,2.18871318793e-05,0.990510702133,0.0,0.0,0.0
2014-04-16 05:14:00,0.991796706347,0,0.000351633401624,1.23628041138e-07,1.23628041138e-07,0.992148339748,0.0,0.0,0.0
2014-04-16 05:19:00,0.992290137544,0,0.000468371644288,2.19373546884e-07,2.19373546884e-07,0.9918217659,0.0,0.0,0.0
2014-04-16 05:24:00,0.995929192623,0,0.00312341364295,9.75564398686e-06,9.75564398686e-06,0.99280577898,0.0,0.0,0.0
2014-04-16 05:29:00,0.989555706326,0,0.00421250885324,1.77451456693e-05,1.77451456693e-05,0.993768215179,0.0,0.0,0.0
2014-04-16 05:34:00,0.995888073357,0,0.00454755535903,2.06800868909e-05,2.06800868909e-05,0.991340517998,0.0,0.0,0.0
2014-04-16 05:39:00,0.985032587019,0,0.0108542752593,0.000117815914564,0.000117815914564,0.995886862278,0.0,0.0,0.0
2014-04-16 05:44:00,0.992043421945,0,0.0028905732248,8.35549235489e-06,8.35549235489e-06,0.989152848721,0.0,0.0,0.0
2014-04-16 05:49:00,0.985752174181,0,0.0071157128389,5.06334945385e-05,5.06334945385e-05,0.99286788702,0.0,0.0,0.0
2014-04-16 05:54:00,0.994716174263,0,0.00706566061446,4.99234629388e-05,4.99234629388e-05,0.987650513649,0.0,0.0,0.0
2014-04-16 05:59:00,0.996854376118,0,0.00506688288902,2.56731873378e-05,2.56731873378e-05,0.991787493229,0.0,0.0,0.0
2014-04-16 06:04:00,0.996073110056,0,0.00309936518648,9.60616853263e-06,9.60616853263e-06,0.992973744869,0.0,0.0,0.0
2014-04-16 06:09:00,0.996381504554,0,0.00208698036115,4.35555648437e-06,4.35555648437e-06,0.994294524193,0.0,0.0,0.0
2014-04-16 06:14:00,0.988137091634,0,0.00747839069604,5.59267064091e-05,5.59267064091e-05,0.99561548233,0.0,0.0,0.0
2014-04-16 06:19:00,0.993009724707,0,0.00193081149469,3.72811564375e-06,3.72811564375e-06,0.991078913212,0.0,0.0,0.0
2014-04-16 06:24:00,0.996628220153,0,0.00234204061001,5.48517618881e-06,5.48517618881e-06,0.994286179543,0.0,0.0,0.0
2014-04-16 06:29:00,0.99469561463,0,0.000523139184462,2.73685884622e-07,2.73685884622e-07,0.995218753815,0.0,0.0,0.0
2014-04-16 06:34:00,0.990419210921,0,0.00505631970311,2.5566389013e-05,2.5566389013e-05,0.995475530624,0.0,0.0,0.0
2014-04-16 06:39:00,0.994448899032,0,0.00172173857784,2.96438793157e-06,2.96438793157e-06,0.992727160454,0.0,0.0,0.0
2014-04-16 06:44:00,0.994448899032,0,0.00107979893589,1.16596311273e-06,1.16596311273e-06,0.995528697968,0.0,0.0,0.0
2014-04-16 06:49:00,0.994921770596,0,0.000117745899262,1.38578037934e-08,1.38578037934e-08,0.994804024696,0.0,0.0,0.0
2014-04-16 06:54:00,0.99130327515,0,0.00468586869885,2.19574594666e-05,2.19574594666e-05,0.995989143848,0.0,0.0,0.0
2014-04-16 06:59:00,0.988897798063,0,0.00415843963432,1.72926011146e-05,1.72926011146e-05,0.993056237698,0.0,0.0,0.0
2014-04-16 07:04:00,0.992763009108,0,0.00143292192301,2.05318997359e-06,2.05318997359e-06,0.991330087185,0.0,0.0,0.0
2014-04-16 07:09:00,0.994921770596,0,0.00411012461096,1.6892905478e-05,1.6892905478e-05,0.990811645985,0.0,0.0,0.0
2014-04-16 07:14:00,0.989884660458,0,0.00145079114528,2.10475400308e-06,2.10475400308e-06,0.991335451603,0.0,0.0,0.0
2014-04-16 07:19:00,0.985526018216,0,0.00336826555568,1.13451651487e-05,1.13451651487e-05,0.988894283772,0.0,0.0,0.0
2014-04-16 07:24:00,0.984169082424,0,0.00253729365218,6.43794282951e-06,6.43794282951e-06,0.986706376076,0.0,0.0,0.0
2014-04-16 07:29:00,0.992557412776,0,0.0083519283855,6.97545983712e-05,6.97545983712e-05,0.98420548439,0.0,0.0,0.0
2014-04-16 07:34:00,0.993235880672,0,0.00485360079899,2.35574934777e-05,2.35574934777e-05,0.988382279873,0.0,0.0,0.0
2014-04-16 07:39:00,0.996381504554,0,0.00757919074933,5.74443838559e-05,5.74443838559e-05,0.988802313805,0.0,0.0,0.0
2014-04-16 07:44:00,0.987705339337,0,0.00502766237224,2.52772824751e-05,2.52772824751e-05,0.992733001709,0.0,0.0,0.0
2014-04-16 07:49:00,0.992721889841,0,0.00336662374728,1.13343267003e-05,1.13343267003e-05,0.989355266094,0.0,0.0,0.0
2014-04-16 07:54:00,0.995497440326,0,0.00277242563908,7.68648169469e-06,7.68648169469e-06,0.992725014687,0.0,0.0,0.0
2014-04-16 07:59:00,0.988897798063,0,0.00622618436622,3.8765341742e-05,3.8765341742e-05,0.99512398243,0.0,0.0,0.0
2014-04-16 08:04:00,0.992763009108,0,0.00048204902491,2.32345939821e-07,2.32345939821e-07,0.992280960083,0.0,0.0,0.0
2014-04-16 08:09:00,0.995415201793,0,0.000111988196456,1.25433565756e-08,1.25433565756e-08,0.995303213596,0.0,0.0,0.0
2014-04-16 08:14:00,0.988178210901,0,0.00735394413621,5.40807486686e-05,5.40807486686e-05,0.995532155037,0.0,0.0,0.0
2014-04-16 08:19:00,0.985279302617,0,0.0075705241955,5.73125471419e-05,5.73125471419e-05,0.992849826813,0.0,0.0,0.0
2014-04-16 08:24:00,0.99130327515,0,0.00168562940906,2.84131260742e-06,2.84131260742e-06,0.989617645741,0.0,0.0,0.0
2014-04-16 08:29:00,0.988651082465,0,0.00255478864051,6.5268718572e-06,6.5268718572e-06,0.991205871105,0.0,0.0,0.0
2014-04-16 08:34:00,0.995620798125,0,0.00755293275326,5.7046629081e-05,5.7046629081e-05,0.988067865372,0.0,0.0,0.0
2014-04-16 08:39:00,0.994675054997,0,0.00304765984397,9.28814097279e-06,9.28814097279e-06,0.991627395153,0.0,0.0,0.0
2014-04-16 08:44:00,0.99130327515,0,0.00022138170551,4.90054077318e-08,4.90054077318e-08,0.991081893444,0.0,0.0,0.0
2014-04-16 08:49:00,0.996134788955,0,0.00558462854734,3.11883959512e-05,3.11883959512e-05,0.990550160408,0.0,0.0,0.0
2014-04-16 08:54:00,0.99469561463,0,0.00231320744182,5.35087883691e-06,5.35087883691e-06,0.992382407188,0.0,0.0,0.0
2014-04-16 08:59:00,0.994921770596,0,0.00147780468375,2.18382774619e-06,2.18382774619e-06,0.993443965912,0.0,0.0,0.0
2014-04-16 09:04:00,0.980036596147,0,0.0158603393158,0.000251549732639,0.000251549732639,0.995896935463,0.0,0.0,0.0
2014-04-16 09:09:00,0.993009724707,0,0.00566480407129,3.20902472595e-05,3.20902472595e-05,0.987344920635,0.0,0.0,0.0
2014-04-16 09:14:00,0.99590863299,0,0.00311310600863,9.69133543549e-06,9.69133543549e-06,0.992795526981,0.0,0.0,0.0
2014-04-16 09:19:00,0.990830403586,0,0.00293691752417,8.62537945068e-06,8.62537945068e-06,0.99376732111,0.0,0.0,0.0
2014-04-16 09:24:00,0.993729311869,0,0.000938851282529,8.81406947428e-07,8.81406947428e-07,0.992790460587,0.0,0.0,0.0
2014-04-16 09:29:00,0.994448899032,0,0.000420094727514,1.76478579306e-07,1.76478579306e-07,0.994868993759,0.0,0.0,0.0
2014-04-16 09:34:00,0.996607660519,0,0.00207489656136,4.30519867223e-06,4.30519867223e-06,0.994532763958,0.0,0.0,0.0
2014-04-16 09:39:00,0.994428339398,0,0.00152533968635,2.32666957345e-06,2.32666957345e-06,0.995953679085,0.0,0.0,0.0
2014-04-16 09:44:00,0.999506568803,0,0.00541762102983,2.93508765026e-05,2.93508765026e-05,0.994088947773,0.0,0.0,0.0
2014-04-16 09:49:00,0.993009724707,0,0.00540932169547,2.92605309369e-05,2.92605309369e-05,0.998419046402,0.0,0.0,0.0
2014-04-16 09:54:00,0.996854376118,0,0.00179941586708,3.23785707224e-06,3.23785707224e-06,0.995054960251,0.0,0.0,0.0
2014-04-16 09:59:00,0.986965192541,0,0.00882350088707,7.78543981141e-05,7.78543981141e-05,0.995788693428,0.0,0.0,0.0
2014-04-16 10:04:00,0.989946339357,0,0.000349905263971,1.22415499959e-07,1.22415499959e-07,0.990296244621,0.0,0.0,0.0
2014-04-16 10:09:00,0.992516293509,0,0.000175044552963,3.06455980592e-08,3.06455980592e-08,0.992691338062,0.0,0.0,0.0
2014-04-16 10:14:00,0.992043421945,0,0.000594602308054,3.53568111677e-07,3.53568111677e-07,0.991448819637,0.0,0.0,0.0
2014-04-16 10:19:00,0.992783568741,0,0.00183119619017,3.35319782607e-06,3.35319782607e-06,0.990952372551,0.0,0.0,0.0
2014-04-16 10:24:00,0.982627109932,0,0.00924400861317,8.54519967106e-05,8.54519967106e-05,0.991871118546,0.0,0.0,0.0
2014-04-16 10:29:00,0.99296860544,0,0.00785790530962,6.17468904238e-05,6.17468904238e-05,0.98511070013,0.0,0.0,0.0
2014-04-16 10:34:00,0.990336972388,0,0.00119026294627,1.41668351716e-06,1.41668351716e-06,0.989146709442,0.0,0.0,0.0
2014-04-16 10:39:00,0.988178210901,0,0.00155838076919,2.42849660026e-06,2.42849660026e-06,0.986619830132,0.0,0.0,0.0
2014-04-16 10:44:00,0.974649972244,0,0.0120165879285,0.000144398538396,0.000144398538396,0.986666560173,0.0,0.0,0.0
2014-04-16 10:49:00,0.985032587019,0,0.00671389576499,4.50760126114e-05,4.50760126114e-05,0.978318691254,0.0,0.0,0.0
2014-04-16 10:54:00,0.995147926561,0,0.0130164453903,0.00016942829825,0.00016942829825,0.982131481171,0.0,0.0,0.0
2014-04-16 10:59:00,0.990193054956,0,0.0034627774176,1.19909245768e-05,1.19909245768e-05,0.986730277538,0.0,0.0,0.0
2014-04-16 11:04:00,0.98190752277,0,0.00432124128737,1.86729212146e-05,1.86729212146e-05,0.986228764057,0.0,0.0,0.0
2014-04-16 11:09:00,0.990624807253,0,0.00573297537859,3.2866755646e-05,3.2866755646e-05,0.984891831875,0.0,0.0,0.0
2014-04-16 11:14:00,0.987191348506,0,0.00325313286649,1.05830622488e-05,1.05830622488e-05,0.990444481373,0.0,0.0,0.0
2014-04-16 11:19:00,0.989411788894,0,0.00178464026545,3.18487809636e-06,3.18487809636e-06,0.987627148628,0.0,0.0,0.0
2014-04-16 11:24:00,0.997101091717,0,0.00717493233466,5.14793209732e-05,5.14793209732e-05,0.989926159382,0.0,0.0,0.0
2014-04-16 11:29:00,0.989144513662,0,0.00678806537865,4.60779629066e-05,4.60779629066e-05,0.995932579041,0.0,0.0,0.0
2014-04-16 11:34:00,0.988918357696,0,0.00411135593418,1.69031955011e-05,1.69031955011e-05,0.993029713631,0.0,0.0,0.0
2014-04-16 11:39:00,0.995415201793,0,0.00302939713963,9.17730085348e-06,9.17730085348e-06,0.992385804653,0.0,0.0,0.0
2014-04-16 11:44:00,0.986492320977,0,0.00881905845568,7.77755340096e-05,7.77755340096e-05,0.995311379433,0.0,0.0,0.0
2014-04-16 11:49:00,0.995415201793,0,0.00278621018895,7.76301658334e-06,7.76301658334e-06,0.992628991604,0.0,0.0,0.0
2014-04-16 11:54:00,0.993955467834,0,0.00178756843569,3.19531113746e-06,3.19531113746e-06,0.99574303627,0.0,0.0,0.0
2014-04-16 11:59:00,0.992763009108,0,0.00134912487188,1.82020880857e-06,1.82020880857e-06,0.99411213398,0.0,0.0,0.0
2014-04-16 12:04:00,0.995888073357,0,0.00186570397201,3.4807803786e-06,3.4807803786e-06,0.994022369385,0.0,0.0,0.0
2014-04-16 12:09:00,0.993235880672,0,0.00206435269222,4.26152973887e-06,4.26152973887e-06,0.995300233364,0.0,0.0,0.0
2014-04-16 12:14:00,0.992516293509,0,2.34103366542e-05,5.48713074977e-10,5.48713074977e-10,0.992539703846,0.0,0.0,0.0
2014-04-16 12:19:00,0.996134788955,0,0.00221303221098,4.89763851874e-06,4.89763851874e-06,0.993921756744,0.0,0.0,0.0
2014-04-16 12:24:00,0.990583687987,0,0.00330653790029,1.09333896035e-05,1.09333896035e-05,0.993890225887,0.0,0.0,0.0
2014-04-16 12:29:00,0.986451201711,0,0.00620157214656,3.84594131901e-05,3.84594131901e-05,0.992652773857,0.0,0.0,0.0
2014-04-16 12:34:00,0.989185632928,0,5.45399031009e-05,2.97442070973e-09,2.97442070973e-09,0.989131093025,0.0,0.0,0.0
2014-04-16 12:39:00,0.993729311869,0,0.00496276085132,2.46288109338e-05,2.46288109338e-05,0.988766551018,0.0,0.0,0.0
2014-04-16 12:44:00,0.992043421945,0,0.0020702941034,4.2861743168e-06,4.2861743168e-06,0.989973127842,0.0,0.0,0.0
2014-04-16 12:49:00,0.991796706347,0,0.00114497962404,1.31103695367e-06,1.31103695367e-06,0.990651726723,0.0,0.0,0.0
2014-04-16 12:54:00,0.991549990748,0,0.000489078139065,2.39175875549e-07,2.39175875549e-07,0.991060912609,0.0,0.0,0.0
2014-04-16 12:59:00,0.997347807315,0,0.00677130165411,4.58508584416e-05,4.58508584416e-05,0.990576505661,0.0,0.0,0.0
2014-04-16 13:04:00,0.996134788955,0,0.00299742933622,8.98475445865e-06,8.98475445865e-06,0.993137359619,0.0,0.0,0.0
2014-04-16 13:09:00,0.989864100824,0,0.00561858235732,3.15683537337e-05,3.15683537337e-05,0.995482683182,0.0,0.0,0.0
2014-04-16 13:14:00,0.989864100824,0,0.00361968099013,1.31020169647e-05,1.31020169647e-05,0.993483781815,0.0,0.0,0.0
2014-04-16 13:19:00,0.992783568741,0,0.000523649097732,2.74185026683e-07,2.74185026683e-07,0.992259919643,0.0,0.0,0.0
2014-04-16 13:24:00,0.98599888978,0,0.0066727787497,4.4526255806e-05,4.4526255806e-05,0.99267166853,0.0,0.0,0.0
2014-04-16 13:29:00,0.99469561463,0,0.00563247090007,3.17246085615e-05,3.17246085615e-05,0.98906314373,0.0,0.0,0.0
2014-04-16 13:34:00,0.990110816423,0,0.00300311857071,9.01873227122e-06,9.01873227122e-06,0.993113934994,0.0,0.0,0.0
2014-04-16 13:39:00,0.991282715516,0,0.000124230103757,1.5429634459e-08,1.5429634459e-08,0.991158485413,0.0,0.0,0.0
2014-04-16 13:44:00,0.989699623759,0,0.00139860135802,1.95614620679e-06,1.95614620679e-06,0.991098225117,0.0,0.0,0.0
2014-04-16 13:49:00,0.986965192541,0,0.00242744566552,5.89255614614e-06,5.89255614614e-06,0.989392638206,0.0,0.0,0.0
2014-04-16 13:54:00,0.987972614569,0,0.000475284856642,2.25898148187e-07,2.25898148187e-07,0.987497329712,0.0,0.0,0.0
2014-04-16 13:59:00,0.993235880672,0,0.00620901042119,3.85518760595e-05,3.85518760595e-05,0.987026870251,0.0,0.0,0.0
2014-04-16 14:04:00,0.976829293365,0,0.0114967197228,0.000132174638566,0.000132174638566,0.988326013088,0.0,0.0,0.0
2014-04-16 14:09:00,0.99469561463,0,0.0145064104142,0.000210435624467,0.000210435624467,0.980189204216,0.0,0.0,0.0
2014-04-16 14:14:00,0.992269577911,0,0.00349343054516,1.22040410133e-05,1.22040410133e-05,0.988776147366,0.0,0.0,0.0
2014-04-16 14:19:00,0.995415201793,0,0.00746088326939,5.56649138161e-05,5.56649138161e-05,0.987954318523,0.0,0.0,0.0
2014-04-16 14:24:00,0.993009724707,0,0.000181892007689,3.30924763148e-08,3.30924763148e-08,0.992827832699,0.0,0.0,0.0
2014-04-16 14:29:00,0.996833816485,0,0.00329388709476,1.08495923996e-05,1.08495923996e-05,0.99353992939,0.0,0.0,0.0
2014-04-16 14:34:00,0.993729311869,0,0.00388632352597,1.51036547322e-05,1.51036547322e-05,0.997615635395,0.0,0.0,0.0
2014-04-16 14:39:00,0.994921770596,0,0.00348481843561,1.21441462397e-05,1.21441462397e-05,0.998406589031,0.0,0.0,0.0
2014-04-16 14:44:00,0.987767018236,0,0.00983204706741,9.66687075561e-05,9.66687075561e-05,0.997599065304,0.0,0.0,0.0
2014-04-16 14:49:00,0.994654495364,0,0.000373881215482,1.39801159094e-07,1.39801159094e-07,0.995028376579,0.0,0.0,0.0
